0.491153
0.722657
0.796357
0.782542
0.718580
0.459052
0.565232
0.718188
0.585938
0.782707
0.853800
0.747230
0.497315
0.867187
0.803428
0.859389
0.513006
0.738466
0.878913
0.957827
0.964857
0.654218
0.885443
0.927015
0.852968
0.974919
0.923473
0.000000
0.820135
0.367517
0.769161
0.769161
0.504032
0.000000
0.739311
0.820135
0.809107
0.720276
0.888667
0.614085
0.631555
0.749058
0.326633
0.355594
0.783747
0.790149
0.727427
0.805226
0.248794
0.919323
0.571473
0.345252
0.712723
0.225177
0.387843
0.481982
0.460532
0.738387
0.677353
0.670601
0.491298
0.782542
0.542953
0.594230
0.381009
0.566577
0.806303
0.777302
0.891470
0.930605
0.462186
0.921113
0.856414
0.824237
0.919323
0.795271
0.539404
0.787256
0.564032
0.863490
0.690744
0.566577
0.549732
0.707619
0.595502
0.000000
0.000000
0.789987
0.614788
0.751563
0.788109
0.634668
0.483412
0.472315
0.854574
0.759836
0.501560
0.824237
0.859389
0.889051
0.822210
0.836943
0.802720
0.679353
0.647973
0.554675
0.725980
0.731110
0.686589
0.891359
0.441212
0.859389
0.767720
0.331722
0.289109
0.561879
0.808987
0.806675
0.984733
0.902430
0.936514
0.872178
0.951070
0.668740
0.869442
0.873099
0.510368
0.885700
0.829747
0.960255
0.798552
0.795271
0.880112
0.869442
0.937576
0.856621
0.870615
0.868824
0.574468
0.513242
0.780672
0.715780
0.571219
0.707107
0.945889
0.542219
0.336159
0.692788
0.732492
0.780964
0.524533
0.723029
0.849939
0.755308
0.560071
0.765062
0.389229
0.488974
0.459999
0.729864
0.837652
0.795271
0.840896
0.829607
0.843095
0.863308
0.930605
0.869442
0.748815
0.671710
0.838078
0.817302
0.662215
0.414889
0.000000
0.714385
0.686589
0.582175
0.506573
0.721688
0.821066
0.922125
0.762044
0.806579
0.224302
0.878913
0.869442
0.719206
0.916607
0.348915
0.698534
0.783431
0.549271
0.564476
0.589658
0.742750
0.842669
0.803001
0.648139
0.683108
0.600640
0.776545
0.829607
0.371126
0.856621
0.712696
0.575474
0.725502
0.482081
0.740168
0.893618
0.619765
0.707107
0.911680
0.854574
0.928728
0.572691
0.672717
0.600640
0.939458
0.831217
0.667577
0.779412
0.850085
0.652151
0.888098
0.930605
0.251247
0.853800
0.346625
0.752085
0.749634
0.610278
0.585660
0.690693
0.863254
0.742750
0.811789
0.690672
0.513204
0.577821
0.711570
0.326633
0.722164
0.728944
0.687787
0.713565
0.814849
0.164463
0.809107
0.652119
0.594245
0.522663
0.602531
0.742129
0.304683
0.455901
0.749634
0.672717
0.688114
0.675279
0.408248
0.435018
0.538361
0.355800
0.641862
0.816044
0.764354
0.911231
0.930605
0.936514
0.868565
0.871814
0.253279
0.869442
0.844952
0.539404
0.844366
0.597014
0.269702
0.578126
0.697508
0.749634
0.680726
0.621993
0.738063
0.000000
0.000000
0.662215
0.241550
0.919323
0.624920
0.700445
0.487033
0.747801
0.585660
0.767177
0.930605
0.840896
0.925391
0.715167
0.823559
0.846289
0.843224
0.723712
0.558827
0.488855
0.795271
0.686589
0.745020
0.773597
0.653889
0.651449
0.482292
0.726642
0.453411
0.776637
0.779091
0.944454
0.947236
0.936514
0.747674
0.859389
0.714670
0.869442
0.894227
0.357895
0.869442
0.239702
0.873935
0.722657
0.893618
0.875765
0.883283
0.908693
0.782542
0.294347
0.645160
0.796761
0.657850
0.741945
0.766784
0.677299
0.455190
0.889103
0.328480
0.492680
0.759836
0.745236
0.745699
0.412905
0.723029
0.829607
0.724329
0.309557
0.726852
0.303934
0.721957
0.422131
0.767039
0.877751
0.736633
0.700257
0.843022
0.836702
0.781912
0.891470
0.847278
0.000000
0.818612
0.791518
0.441383
0.614544
0.000000
0.000000
0.632284
0.232157
0.813630
0.497259
0.828248
0.740510
0.902853
0.852476
0.627790
0.000000
0.598140
0.840896
0.665119
0.913135
0.377751
0.677371
0.750390
0.233309
0.552366
0.679521
0.769161
0.689209
0.433386
0.707107
0.561880
0.680668
0.136083
0.840896
0.779087
0.898280
0.652555
0.577350
0.525131
0.554410
0.776628
0.546756
0.683761
0.430061
0.918776
0.824237
0.945742
0.533037
0.840896
0.888667
0.928137
0.864355
0.559357
0.789012
0.821858
0.857849
0.900573
0.850949
0.809947
0.893618
0.414434
0.816497
0.658254
0.664455
0.000000
0.700327
0.437335
0.812022
0.877300
0.888667
0.701153
0.629968
0.647085
0.633196
0.749634
0.615621
0.531885
0.700931
0.349294
0.223866
0.782542
0.390506
0.694964
0.747932
0.216046
0.645583
0.751449
0.616723
0.899269
0.535116
0.624754
0.578407
0.840896
0.367154
0.442771
0.398187
0.560071
0.708760
0.824237
0.891470
0.000000
0.433013
0.668740
0.840896
0.803428
0.826517
0.000000
0.539404
0.845396
0.411953
0.895774
0.674480
0.511245
0.661689
0.483345
0.779523
0.835036
0.722778
0.658037
0.632456
0.375881
0.545281
0.628628
0.897598
0.594257
0.919323
0.594604
0.658241
0.822802
0.708760
0.903602
0.855267
0.735316
0.733786
0.517298
0.752907
0.773534
0.641533
0.798667
0.731110
0.903602
0.833721
0.675409
0.883283
0.160670
0.454192
0.629767
0.845602
0.841078
0.992883
0.852912
0.869442
0.839867
0.974004
0.772821
0.903602
0.862411
0.272150
0.793533
0.817921
0.907628
0.000000
0.847278
0.866025
0.840896
0.923473
0.782542
0.803319
0.819787
0.806501
0.817002
0.741945
0.813288
0.623961
0.682785
0.812022
0.378187
0.209956
0.830702
0.611540
0.928737
0.671054
0.382780
0.785315
0.779506
0.748228
0.769608
0.789690
0.574834
0.364055
0.751050
0.803185
0.645160
0.883283
0.893666
0.850733
0.782832
0.889140
0.880112
0.249605
0.731110
0.723285
0.828337
0.682827
0.538148
0.000000
0.650891
0.435588
0.782745
0.657203
0.600640
0.647193
0.917338
0.848054
0.348235
0.448605
0.739075
0.853800
0.583891
0.952078
0.378951
0.626034
0.752634
0.431715
0.686589
0.455042
0.749634
0.842669
0.836702
0.662785
0.554675
