0.172652073
0.177681721
0.15277949
0.183992773
0.179959214
0.135293592
0.168460388
0.168924137
0.150705565
0.169353106
0.157766511
0.162760156
0.217193433
0.165193416
0.127245198
0.206524056
0.156512251
0.149757015
0.170114656
0.174211549
0.209620279
0.144908625
0.158040073
0.169483343
0.144925493
0.177888802
0.160957132
0.174352986
0.177806203
0.160798275
0.14046183
0.151808533
0.177319756
0.136784648
0.187073086
0.183132253
0.147585509
0.160302681
0.20457887
0.137736469
0.140268085
0.141108914
0.096366961
0.160135607
0.127811077
0.195216066
0.131313724
0.141555247
0.14266709
0.198461367
0.166902302
0.166476166
0.141168416
0.157326683
0.153295514
0.146722021
0.161437072
0.171097793
0.135846366
0.157760516
0.136368322
0.199802065
0.128090119
0.122405948
0.125005481
0.150275638
0.151498786
0.155034156
0.178755707
0.201326398
0.189459881
0.230171319
0.208025544
0.175561366
0.167255225
0.207141975
0.215604249
0.189361936
0.183364191
0.135939602
0.149351029
0.171472543
0.174118219
0.121177586
0.150113188
0.199946075
0.183093373
0.156977635
0.132625863
0.134510603
0.170314748
0.152765347
0.154135198
0.142662331
0.14772176
0.158447853
0.146401716
0.142600533
0.163890188
0.154772185
0.160935863
0.186213903
0.186879868
0.164022698
0.160463495
0.150165184
0.154285704
0.167694179
0.135537764
0.17684568
0.173095448
0.149468746
0.1559318
0.150037191
0.160921866
0.162743333
0.178737225
0.150054946
0.193800388
0.13728085
0.204257244
0.169019539
0.191547232
0.133205884
0.22305884
0.161335045
0.139220161
0.158368141
0.173213233
0.200301787
0.141545319
0.192149553
0.140359473
0.135223386
0.168692266
0.164667821
0.167637552
0.185489202
0.157671408
0.141412838
0.131878857
0.136362345
0.126626172
0.151129688
0.145678164
0.163974294
0.134062227
0.136334896
0.258689582
0.173127393
0.182108847
0.154183835
0.163195615
0.155945025
0.157524881
0.130707477
0.143841118
0.212084642
0.150241432
0.138985381
0.162792467
0.137046317
0.155296688
0.14270906
0.168902568
0.15537725
0.159001504
0.156512408
0.149124948
0.139047219
0.153035912
0.120264593
0.143697768
0.148938208
0.122133129
0.128992826
0.169235418
0.140533555
0.135612051
0.170244562
0.161177512
0.155125335
0.150378428
0.171120965
0.163465242
0.171522019
0.200336898
0.141902935
0.189054856
0.168925264
0.160151266
0.157117878
0.117935617
0.140322568
0.150712875
0.148376701
0.164616845
0.135539671
0.175980747
0.160350804
0.173180299
0.180917676
0.155159309
0.173852817
0.183973516
0.13364772
0.168491892
0.167376391
0.146144203
0.165073104
0.172901512
0.150348332
0.197408288
0.171799053
0.158038123
0.241699013
0.154338175
0.16063274
0.156361224
0.17337719
0.199322973
0.149591016
0.159987162
0.157350036
0.137629602
0.161496277
0.153694967
0.18792967
0.189610324
0.162426739
0.145511189
0.154023931
0.167932808
0.12713977
0.185943128
0.17679827
0.143925055
0.151246557
0.201344425
0.137253288
0.140870525
0.143852389
0.103871449
0.184039189
0.12824576
0.173086113
0.139390875
0.13999708
0.13788929
0.171099941
0.156314961
0.130211458
0.144287301
0.166390948
0.152889726
0.141479007
0.162316918
0.172237003
0.138502652
0.162442805
0.139679727
0.20395379
0.1252784
0.11990438
0.11945049
0.138674413
0.151498786
0.158791936
0.189389205
0.201326398
0.178568333
0.215619924
0.243328013
0.164823266
0.149339642
0.196837948
0.215604249
0.18448214
0.184011136
0.12991137
0.149529908
0.177566439
0.16853187
0.126609053
0.155197441
0.212265594
0.160992921
0.143079518
0.130667371
0.129094111
0.173893035
0.1450823
0.145273203
0.148564612
0.148299456
0.152515402
0.147375752
0.154594296
0.165427583
0.157674368
0.151314167
0.188998555
0.175136379
0.153781663
0.167497056
0.143710858
0.165727205
0.168865982
0.136896831
0.178564042
0.165034432
0.159208209
0.152990146
0.157894117
0.166142827
0.162057901
0.165524543
0.141266287
0.195845895
0.139571917
0.204257244
0.171170763
0.179316996
0.133481779
0.22305884
0.170600118
0.130655648
0.158368141
0.168102587
0.175675047
0.165093849
0.187132091
0.145177756
0.140421965
0.165353214
0.155385967
0.169344447
0.186796718
0.159980222
0.126979806
0.132510834
0.138420556
0.13303575
0.148667149
0.141114799
0.150790664
0.135265423
0.137638078
0.250793943
0.167818322
0.17327901
0.166668565
0.158679388
0.154176808
0.160719247
0.121899959
0.141560536
0.220539948
0.150702648
0.135625223
0.163072011
0.137070693
0.165293999
0.132983163
0.166679854
0.151456809
0.166969389
0.155038473
0.109710287
0.141561411
0.158166747
0.118513504
0.138919612
0.147053571
0.124440664
0.126848245
0.158665707
0.139386104
0.133147562
0.163626068
0.136638135
0.148270037
0.14697508
0.169684403
0.163514158
0.166976375
0.193178712
0.161575036
0.185498725
0.169910923
0.163192945
0.155562298
0.118480486
0.138210341
0.146354796
0.154565104
0.178563864
0.141972919
0.184025702
0.170000224
0.179912811
0.251719411
0.168125715
0.177131217
0.185623373
0.134308489
0.165458632
0.161582441
0.142722456
0.173921401
0.184337108
0.148985
0.227588722
0.181774577
0.138578272
0.246038023
0.157075556
0.152986526
0.169196004
0.17337719
0.205083205
0.147984667
0.147347621
0.149828058
0.145666298
0.160905745
0.15697898
0.183012043
0.186249308
0.15939532
0.153268776
0.1560742
0.171995099
0.128700695
0.168584065
0.17492198
0.148467111
0.158438268
0.20457887
0.134321878
0.141597998
0.133474491
0.107584854
0.190866171
0.129177113
0.198303153
0.136503401
0.141599645
0.131462685
0.186700105
0.151016944
0.139800628
0.140306399
0.151848118
0.159242377
0.145614667
0.156613541
0.18075665
0.138581867
0.165130507
0.14014422
0.209871471
0.121129061
0.123155373
0.116727881
0.14735562
0.146268896
0.158759053
0.177387253
0.204043118
0.177913096
0.194516838
0.204094018
0.172279183
0.148363757
0.196187998
0.215604249
0.198359452
0.171716521
0.144282865
0.153425399
0.178534472
0.171626409
0.124933391
0.154899456
0.210163983
0.171664648
0.151971318
0.137245475
0.133940529
0.158333053
0.156357186
0.149782011
0.153602955
0.153545236
0.152515402
0.148037867
0.141584272
0.162012503
0.156849896
0.15424639
0.180536806
0.16733551
0.163693508
0.170568185
0.152652278
0.159316752
0.159898472
0.15055902
0.187749408
0.171408021
0.141662637
0.160397139
0.153039661
0.151786362
0.166328776
0.158843151
0.14358725
0.191224257
0.137230565
0.193204127
0.180830451
0.192975861
0.146330377
0.236895079
0.160097278
0.126336808
0.158220302
0.168296101
0.201265265
0.122542479
0.188324022
0.148020758
0.142066953
0.169169204
0.158560132
0.160244608
0.189153065
0.146491372
0.133430117
0.132927841
0.136878509
0.137905283
0.147525866
0.141042787
0.160294641
0.133637539
0.144197827
0.231397731
0.178754944
0.164416062
0.154183835
0.160703594
0.149520776
0.155850344
0.122757053
0.140316743
0.223364686
0.150791322
0.133651589
0.145365891
0.131876684
0.157418393
0.135159327
0.167482437
0.137084191
0.153819055
0.149761449
0.127364528
0.132762349
0.145526575
0.118439121
0.134240549
0.152785934
0.124440664
0.125698921
0.157570944
0.143219051
0.137583765
0.162005219
0.158523632
0.153090738
0.144769367
0.159940562
0.167023198
0.174261753
0.207176549
0.157284548
0.205095361
0.144017804
0.163761267
0.151948767
0.119533846
0.140815996
0.160837431
0.154655942
0.171373553
0.144848345
0.18756457
0.163107324