0.936838992
0.675630424
0.810297723
0.892139925
0.844368974
0.916219117
0.795849857
0.930657155
0.84305703
0.920784414
0.756939577
0.968251651
0.865716977
0.884981024
0.788538316
0.835873284
0.982412834
0.883167169
0.915445236
0.968951387
0.964591168
0.943018503
0.896065942
0.949483987
0.95493311
0.986024735
0.955388794
0.7377887
0.831017814
0.925481882
0.847113743
0.878164694
0.896959487
0.649932387
0.925209374
0.891464739
0.859995956
0.909510268
0.8350379
0.890688387
0.900138706
0.826339081
0.658635727
0.817800815
0.892855503
0.869066384
0.812721637
0.923110805
0.887216712
0.772124429
0.893870376
0.840945634
0.881890655
0.83576909
0.929334855
0.914282289
0.880746205
0.840134221
0.895444602
0.903503188
0.871526885
0.867840221
0.872171156
0.901556272
0.89627816
0.828615666
0.574742458
0.892027074
0.933328557
0.906162993
0.93358947
0.972607024
0.779024706
0.829219489
0.887473697
0.880174374
0.919751199
0.889498892
0.886342781
0.91403436
0.881173721
0.840942627
0.898333857
0.88450804
0.856198751
0.828299773
0.722280064
0.838848621
0.779889142
0.895778909
0.917428032
0.929512132
0.953963734
0.843948952
0.845686026
0.799370735
0.925341689
0.878432976
0.820642686
0.858196139
0.919175633
0.929583988
0.93242938
0.896521956
0.863429364
0.851842829
0.83641102
0.848416167
0.723284183
0.914972017
0.875456744
0.900065997
0.902123986
0.872094449
0.884155778
0.835037267
0.85657493
0.878328012
0.97847029
0.93832163
0.929701738
0.891237756
0.983511268
0.754584135
0.833360213
0.920219512
0.84044322
0.899956504
0.9253325
0.929264858
0.672089636
0.924399925
0.875159928
0.885283518
0.954829689
0.877915354
0.94338398
0.947228263
0.903560246
0.909465273
0.871430942
0.8804284
0.832459696
0.83750239
0.929178513
0.856475905
0.821595185
0.837771155
0.924088297
0.898503978
0.86806925
0.803632127
0.878605393
0.945002121
0.948924126
0.860139399
0.872518297
0.910662112
0.907388306
0.910302063
0.877832721
0.884639402
0.874597633
0.894360567
0.948143867
0.936295562
0.959245051
0.941490557
0.808904497
0.913537168
0.866082414
0.919193261
0.835896206
0.834120261
0.687268266
0.889773657
0.831884054
0.928279807
0.911311895
0.898894302
0.884555094
0.954060736
0.945219165
0.841177713
0.869784604
0.906590472
0.889221779
0.817214027
0.935891201
0.915501789
0.837339734
0.929010876
0.823661166
0.786024206
0.810468628
0.807140852
0.905501331
0.856060887
0.817874475
0.894487265
0.936526136
0.703443848
0.856950524
0.868429783
0.891226628
0.920740509
0.822963991
0.938005401
0.868061091
0.879121604
0.826315087
0.927020145
0.82378862
0.943696126
0.915134673
0.918961189
0.970573069
0.934327404
0.851862874
0.949976712
0.916535786
0.93799303
0.918162461
0.922764637
0.907882302
0.897612081
0.923713535
0.87448955
0.861691903
0.93905437
0.840286299
0.874671354
0.883259315
0.62760392
0.936562659
0.921522155
0.864128083
0.870263529
0.882776758
0.912153828
0.92181802
0.837813171
0.689848501
0.912100046
0.902495415
0.826290194
0.850357978
0.938467672
0.880492407
0.668164108
0.890722483
0.649538051
0.875425292
0.89526581
0.907346304
0.877482316
0.848600072
0.848668987
0.905888321
0.912425834
0.910336812
0.896437912
0.863865539
0.901175134
0.880676183
0.831833981
0.574742458
0.916666297
0.941066794
0.906162993
0.894122552
0.916109144
0.952794423
0.800305747
0.83519699
0.826676906
0.919751199
0.873552749
0.903657359
0.880968432
0.864622115
0.855338289
0.849101285
0.906134474
0.853547818
0.917151899
0.633503539
0.772835545
0.791867733
0.889997401
0.921933846
0.895367582
0.917473684
0.871268999
0.834737169
0.758770783
0.931594681
0.935655355
0.815331698
0.903547216
0.881252175
0.969454198
0.921896817
0.852278117
0.870028692
0.80260756
0.866360259
0.851359768
0.728031696
0.926403792
0.923245339
0.878977873
0.896861244
0.864690653
0.864163037
0.813321848
0.771636843
0.833452753
0.965573652
0.965955974
0.929701738
0.875417843
0.923774297
0.810667847
0.833360213
0.942613149
0.817171628
0.899956504
0.865734405
0.809821096
0.806450643
0.882015426
0.877297472
0.914652029
0.933641939
0.859879183
0.940179717
0.959149238
0.913782433
0.844767641
0.886948024
0.883545048
0.874722465
0.861183168
0.889125604
0.786471737
0.829002795
0.863047222
0.92463419
0.878294073
0.86342413
0.89117547
0.873416333
0.955615724
0.935577164
0.801159634
0.824854769
0.912540709
0.90353268
0.900591674
0.865859645
0.926433805
0.935324066
0.845508236
0.912478891
0.914509578
0.964414758
0.928194119
0.605266622
0.901933626
0.887963649
0.906980226
0.820252712
0.832151442
0.707299929
0.883887837
0.777028282
0.942813122
0.912286529
0.872912601
0.790024449
0.960697795
0.945209783
0.859183662
0.836968675
0.884593836
0.862430069
0.91298749
0.924905352
0.93860946
0.876944293
0.90528187
0.864670595
0.781060585
0.796194426
0.835424244
0.931062644
0.845737391
0.866341443
0.905937251
0.926838476
0.836424749
0.894759787
0.86209124
0.904993806
0.911272338
0.770937683
0.926433512
0.858524932
0.911715157
0.821644349
0.968892324
0.825927292
0.960522904
0.837437641
0.964219398
0.987584546
0.92464037
0.891983723
0.949976712
0.946642103
0.903802649
0.89267571
0.855608685
0.929832881
0.920038848
0.918501874
0.839535176
0.797864246
0.920076552
0.870555433
0.911951072
0.87275154
0.661448552
0.922859729
0.921139625
0.878654045
0.922909697
0.8350379
0.901190643
0.893957104
0.8105704
0.676003523
0.868532837
0.892343582
0.88138564
0.861661122
0.914805222
0.830172704
0.837328003
0.871972544
0.721824247
0.865400048
0.838987466
0.937528675
0.891080136
0.778618093
0.884818023
0.905477538
0.916666954
0.903424052
0.88805343
0.801472797
0.888856846
0.868993999
0.870944308
0.609753184
0.907084514
0.921606465
0.820909208
0.8524826
0.821932192
0.818304851
0.805317245
0.838890945
0.805203146
0.919751199
0.961141925
0.883858146
0.956915263
0.89286847
0.859899985
0.883721763
0.907871975
0.876437676
0.880914895
0.640276517
0.801783619
0.800705132
0.903870806
0.824135686
0.912827899
0.950203704
0.863711723
0.894551212
0.758770783
0.920260846
0.885346673
0.792612811
0.897262487
0.889971965
0.922771804
0.878559847
0.908149195
0.878273283
0.83073279
0.877144396
0.844412144
0.793014771
0.938660068
0.941442949
0.848863491
0.8833176
0.852701725
0.855410912
0.824198391
0.816438631
0.864875597
1
0.941923912
0.906809264
0.949615637
0.982210726
0.86636699
0.895112177
0.929395691
0.793583301
0.878547484
0.893531935
0.848424994
0.587079584
0.934798044
0.872263704
0.901367247
0.945681284
0.869114069
0.922065132
0.978397977
0.89272753
0.894703164
0.857126698
0.865326348
0.890082664
0.82612348
0.896629514
0.845995924
0.77429423
0.898293018
0.866230025
0.911917147
0.791532781
0.803632127
0.875128556
0.939245677
0.921179168
0.823833033
0.846449255
0.901564817
0.90808503
0.874785327
0.813860087
0.930114396
0.872192972
0.875345129
0.951011145
0.845017687
0.921876598
0.935100345
0.731566221
0.91050806
0.770667994
0.908435728
0.794440858
0.838051626
0.707299929
0.875034824
0.799127828
0.902244969
0.920625235
0.833478289
0.840862806
0.983689595
0.930370297
0.821665522
0.846090526
0.870688939
0.88508445
0.907691181
0.971557536
0.790489954
0.856823455
0.887213359
0.864839258
0.774835741
0.838456371
0.820905373
0.923363815
0.904212523
0.873542705
0.893584641