0.847787589
0.219934982
0.653464385
0.772215136
0.782791262
0.736481752
0.644973841
0.689547901
0.691003676
0.732769593
0.687093886
0.921247905
0.880963444
0.758708599
0.665001727
0.264314656
0.946403758
0.750147692
0.856490019
0.933781809
0.950604328
0.899634341
0.86107365
0.933781809
0.222173438
1
0.186886214
0.743966175
0.710473879
0.756604271
0.175024935
0.186509678
0.752167413
0.48099244
0.865308085
0.855385656
0.678416533
0.730517464
0.925171581
0.747804177
0.624817272
0.64159233
0.413188075
0.679590573
0.748433809
0.788111681
0.142338946
0.843993059
0.175605832
0.819513246
0.136178202
0.732812272
0.76550535
0.732273802
0.810411755
0.658624835
0.756273373
0.623369699
0.719435464
0.664400141
0.142394028
0.199733847
0.107062799
0.633440635
0.714961196
0.706953655
0.502939341
0.205499022
0.166421628
0.463159579
0.177852448
0.948421422
0.705090445
0.733313741
0.290724582
0.193638463
0.931228563
0.931228563
0.7240733
0.869852283
0.169059708
0.632782781
0.186220965
0.74140124
0.686676888
0.778293582
0.612155404
0.609672248
0.503573966
0.670822264
0.865195182
0.774474581
0.881203652
0.770734901
0.678909369
0.214853594
0.13859126
0.75386775
0.267372332
0.752139919
0.13426831
0.935086695
0.845278994
0.822510735
0.772282642
0.168817431
0.064026064
0.086912992
0.248461485
0.834127833
0.739225331
0.149978254
0.14118663
0.212941829
0.804355811
0.64525075
0.712706498
0.842494275
1
0.869778842
0.253930769
0.746843495
0.968466017
0.155921237
0.419529139
0.808862297
0.692608533
0.173852593
0.829095192
0.893985772
0.599524615
0.246983232
0.735176775
0.164493063
0.23542235
0.757650015
0.841382242
0.815096594
0.749906174
0.809614445
0.168818809
0.16630423
0.589272896
0.681481613
0.863953513
0.786666861
0.602932286
0.625633954
0.844444148
0.799777554
0.858792655
0.774381327
0.702917045
0.784692942
0.806825041
0.663413016
0.116467166
0.664848666
0.683602712
0.788702043
0.782771805
0.700142735
0.208963834
0.697127532
0.90662013
0.163110707
0.897542358
0.803117396
0.715020577
0.807830277
0.772134554
0.778052152
0.106694013
0.632082159
0.44871406
0.613063903
0.289250551
0.102492024
0.601125503
0.128858334
0.738145435
0.942682643
0.879697301
0.646760353
0.179097377
0.84679912
0.271087235
0.287831778
0.192473925
0.766897479
0.193793493
0.833092954
0.142808475
0.157872672
0.095954301
0.249933312
0.812196002
0.699053976
0.701319227
0.726563256
0.177973135
0.267191349
0.246277266
0.724241603
0.763171336
0.133583275
0.603889007
0.721031814
0.714704988
0.720614395
0.772349404
0.748904456
0.606844716
0.868135968
0.148556994
0.893912903
0.937626264
0.874860376
0.752483964
0.873739312
0.899364586
0.809723652
0.884668463
0.920536244
0.797667382
0.820655057
0.817243389
0.785623098
0.710931833
0.850179225
0.171216709
0.221839689
0.687140066
0.253897744
0.870415029
0.785697783
0.624111506
0.729849189
0.758073997
0.798794864
0.691023842
0.111064441
0.428450988
0.815020017
0.739326731
0.671600056
0.086731206
0.8678518
0.143509768
0.602902233
0.11916657
0.595646126
0.220662847
0.848835805
0.701719522
0.687401919
0.657365571
0.217438905
0.727323108
0.723925722
0.166749557
0.206487433
0.095182862
0.687774439
0.645671193
0.663930224
0.502939341
0.161031823
0.842075762
0.463159579
0.774705294
0.849727207
0.915113305
0.650767222
0.172777691
0.713979696
0.931228563
0.848294766
0.650787181
0.727728782
0.178221785
0.646178001
0.620735133
0.7113396
0.622270875
0.820071181
0.520681883
0.131706594
0.520329828
0.70334193
0.783161983
0.730898551
0.765594339
0.74569213
0.081086817
0.153397017
0.170735428
0.816932872
0.055361379
0.81123477
0.780501681
0.981783693
0.797841736
0.817727646
0.766978253
0.231210559
0.141753052
0.234875152
0.110810952
0.812802688
0.796976402
0.679626703
0.091907816
0.217509588
0.856996635
0.64727196
0.641359834
0.779569357
0.965497338
0.911796426
0.253930769
0.714732846
0.845146777
0.127540499
0.419529139
0.887857845
0.693954796
0.173852593
0.796415552
0.170782972
0.65683331
0.688459002
0.170112739
0.204803303
0.178970459
0.21334787
0.7823777
0.875578581
0.791159417
0.724538923
0.242844349
0.131465771
0.166900058
0.667442025
0.774024719
0.740915133
0.62444191
0.160049457
0.879729378
0.771170352
0.835281892
0.835849323
0.128059482
0.875065873
0.805800195
0.606702133
0.637308999
0.700115357
0.676099872
0.206435492
0.800054643
0.78302976
0.150470011
0.722783289
0.875451999
0.726750396
0.177073804
0.807030788
0.474031356
0.657492285
0.776878397
0.74210943
0.112931461
0.659785238
0.455837579
0.617386872
0.132815918
0.177280187
0.6174011
0.120672698
0.600259997
0.914855235
0.861444124
0.672011493
0.188090992
0.731700258
0.361554872
0.189899154
0.827209636
0.820009961
0.137247225
0.730696525
0.073772672
0.177485901
0.161481726
0.144210678
0.842515277
0.739298524
0.690572963
0.143318872
0.873408151
0.371852171
0.22967159
0.714365076
0.854909864
0.787823836
0.493482992
0.740508444
0.749462894
0.708692774
0.777808389
0.183098115
0.75255759
0.942707358
0.665279556
0.926737179
0.966699441
0.811855862
0.869145836
0.873739312
0.962382022
0.770217766
0.704778353
0.826586188
0.853636581
0.81150741
0.8210557
0.758981851
0.725830446
0.778206039
0.724329382
0.094193865
0.799772493
0.477864981
0.138745712
0.771160087
0.106766945
0.794678067
0.925171581
0.701903338
0.676385755
0.148196921
0.454743731
0.728076044
0.696818994
0.117829061
0.212906577
0.789535385
0.201500956
0.829432934
0.198186481
0.571146837
0.808330934
0.647079358
0.802639645
0.738710261
0.586661267
0.783166837
0.77976949
0.688117927
0.199369111
0.312629648
0.483795277
0.135749186
0.61077707
0.719393515
0.421141993
0.148869936
0.190107657
0.790619245
0.200676136
0.182354565
0.305489746
0.135492799
0.241550593
0.638401501
0.931228563
1
0.63582985
0.922021008
0.162988522
0.613754209
0.140543397
0.717526688
0.691380517
0.763557819
0.511423336
0.144522445
0.578130369
0.698431256
0.600905967
0.794982201
0.875306906
0.816312875
0.782962998
0.153397017
0.762606011
0.739530645
0.12235833
0.821298013
0.77152867
0.827218353
0.700776469
0.832893051
0.761633042
0.115440734
0.219329329
0.109378671
0.056121493
0.226431807
0.256731024
0.173840542
0.719053326
0.693849983
0.675760116
0.714448116
0.684658856
0.849778119
1
0.902156088
0.200990019
0.879250226
0.965497338
0.770987796
0.862779566
0.240886413
0.609168186
0.09682284
0.775507472
0.803792479
0.50225723
0.10623789
0.748185819
0.185677606
0.14776883
0.266696939
0.754961373
0.959985317
0.736350584
0.757019877
0.149878289
0.145216538
0.188446045
0.674975013
0.736230872
0.83275656
0.560361153
0.837018095
0.717976442
0.883538961
0.798625051
0.774381327
0.248161575
0.780364176
0.806504973
0.616723038
0.667370825
0.735252706
0.721719705
0.74757088
0.655913922
0.834280338
0.258849008
0.783338127
0.877973103
0.662920302
0.841700787
0.8242378
0.607802618
0.709195086
0.69305259
0.75794406
0.104978465
0.596390913
0.455837579
0.554899937
0.13763756
0.148398239
0.729006422
0.213973955
0.730115539
1
0.831094466
0.153163356
0.647689076
0.772212433
0.232752363
0.25537297
0.964840741
0.651272862
0.701256781
0.687500892
0.140657396
0.21481165
0.222632058
0.267779494
0.87695957
0.795848325
0.729547701
0.235946884