0.847787589
0.566990258
0.623131554
0.77773065
0.757715113
0.776651334
0.663136079
0.70595236
0.663665752
0.782554684
0.681848958
0.892664458
0.795075028
0.740706358
0.658213966
0.726736509
0.949974422
0.788790458
0.835913396
0.938437176
0.932571276
0.85862439
0.823408594
0.915582282
0.878388093
0.980895477
0.900944087
0.641478129
0.685298055
0.792136763
0.686980387
0.717731089
0.73942059
0.580404019
0.852281338
0.763335475
0.679230022
0.757359884
0.791442539
0.740569362
0.648226879
0.656518717
0.473734194
0.640484942
0.713548179
0.728079255
0.69841829
0.767561331
0.760847721
0.74568696
0.786854587
0.687312715
0.790657575
0.700982433
0.767517427
0.698993842
0.753718267
0.632520725
0.729176835
0.699142644
0.706914903
0.718073905
0.656481494
0.662316432
0.701762911
0.669362976
0.471344925
0.720972445
0.81083758
0.85919983
0.84187499
0.948421422
0.629032222
0.763155912
0.854306547
0.755317229
0.886020723
0.858307247
0.675766838
0.825237519
0.734986732
0.661994442
0.732993983
0.722508953
0.661508368
0.718597912
0.590794938
0.63698405
0.527480847
0.71991586
0.831657466
0.779146497
0.885323406
0.687854899
0.70498845
0.623593967
0.805302323
0.790502561
0.715076883
0.692262075
0.81944768
0.878473552
0.833717378
0.763446044
0.749199277
0.683780048
0.715029608
0.757434435
0.600114862
0.850030538
0.737373086
0.756892877
0.767762814
0.702232947
0.737669165
0.722490576
0.668019223
0.775563328
0.96389965
0.84938479
0.828057378
0.733987195
0.968466017
0.616858111
0.818382712
0.78836168
0.669257418
0.85000253
0.852754258
0.893985772
0.554308376
0.826691711
0.743086941
0.738555167
0.918637937
0.775247128
0.839419053
0.80981336
0.76648133
0.79132223
0.710267291
0.690135711
0.640494898
0.675969445
0.865219486
0.74945507
0.60059785
0.632049915
0.815682306
0.804122141
0.770452388
0.750286575
0.746016309
0.821841789
0.823953271
0.636960639
0.754262052
0.684167079
0.677518767
0.79545583
0.754798787
0.735294217
0.752171881
0.704588472
0.882978083
0.78919651
0.897602487
0.824469448
0.680499357
0.74771562
0.747437546
0.773712959
0.639959704
0.642449296
0.432964339
0.635429464
0.694429728
0.751983636
0.630587924
0.806072149
0.717054823
0.882556063
0.870741362
0.676389896
0.784959648
0.829125898
0.784899122
0.646645809
0.870472177
0.774091811
0.650735842
0.816514066
0.551579444
0.55623989
0.617435721
0.686866758
0.767988011
0.707745541
0.675779843
0.737063805
0.88232274
0.637856056
0.707814129
0.730077673
0.78312766
0.816502473
0.662085824
0.730849922
0.681959641
0.7135648
0.779121388
0.751298089
0.666629093
0.855675469
0.816858703
0.870868923
0.923215842
0.857787984
0.743504768
0.896081182
0.865019982
0.845467197
0.837414271
0.881775541
0.788953778
0.809670734
0.837205706
0.766856252
0.737913944
0.800704619
0.678016998
0.713080304
0.707836887
0.500622983
0.853025378
0.770216688
0.652138902
0.716435551
0.777422577
0.782723653
0.728660324
0.625477146
0.480904327
0.79228839
0.722960839
0.643375086
0.721155064
0.795409131
0.774521714
0.560020378
0.753837077
0.504630609
0.785506677
0.806463618
0.701199561
0.672120599
0.660017193
0.732629692
0.734997918
0.729194893
0.77101573
0.768450429
0.62307016
0.703688784
0.678534857
0.665981356
0.471344925
0.784700343
0.830747649
0.85919983
0.814657861
0.85386763
0.915113305
0.677508201
0.774230305
0.70619083
0.886020723
0.811686114
0.661908724
0.732607966
0.740443572
0.686734595
0.639871845
0.739748513
0.598256332
0.805738537
0.490289988
0.509151551
0.524625691
0.72654196
0.811973221
0.713801641
0.795776017
0.692226429
0.737278926
0.5301996
0.826643811
0.851140838
0.710526554
0.764720954
0.788229788
0.942650034
0.812276429
0.733893892
0.760246279
0.600451488
0.710018712
0.773666795
0.560305333
0.833867607
0.808166412
0.707348227
0.751746208
0.722547161
0.744450381
0.696251127
0.662952815
0.683663094
0.930965291
0.898596005
0.828057378
0.729394709
0.845610307
0.668979397
0.818382712
0.850783863
0.679953415
0.85000253
0.76576644
0.692858472
0.68067707
0.759818098
0.75915179
0.817488351
0.885288525
0.711801005
0.791198775
0.869072012
0.789721391
0.709577763
0.711450739
0.686406697
0.678933908
0.668561716
0.777686231
0.679300683
0.616826905
0.672041722
0.831460192
0.777206095
0.797822596
0.843211266
0.738142429
0.869076625
0.778505441
0.576004241
0.642671009
0.697293462
0.713390486
0.744412364
0.734913498
0.797217529
0.893356792
0.726494114
0.823764337
0.751371906
0.936801041
0.785337567
0.434649913
0.662030199
0.754533964
0.734745057
0.625975752
0.647559998
0.433964323
0.635493895
0.618586824
0.80267224
0.636260171
0.739148202
0.562410561
0.887332604
0.857933088
0.699638534
0.69783798
0.759267633
0.70202796
0.797839636
0.811240234
0.820495995
0.706531374
0.752122262
0.662042296
0.579729724
0.571098493
0.696362206
0.822420032
0.701494577
0.705259586
0.745571774
0.847471637
0.685481445
0.747287624
0.764900245
0.817157569
0.792342266
0.523214032
0.752841685
0.695779946
0.735212194
0.790445106
0.918146148
0.747836433
0.900537163
0.675667401
0.926737179
0.970270105
0.819924216
0.819602366
0.896081182
0.922785965
0.807924279
0.723171329
0.797935943
0.84882608
0.845381503
0.822075199
0.744397668
0.71602778
0.792307258
0.775470894
0.775826295
0.727951236
0.573701427
0.794948804
0.758053979
0.718307072
0.810898888
0.791442539
0.713905044
0.674843299
0.564783327
0.511689584
0.740346327
0.681201955
0.717112574
0.764620465
0.730841264
0.735344129
0.783560788
0.733140235
0.514870155
0.763874914
0.670180651
0.783227472
0.701024079
0.601497638
0.771291293
0.781170113
0.727482172
0.709731661
0.796915604
0.514302249
0.63200623
0.628726373
0.712754922
0.467768969
0.770288408
0.775797031
0.721802922
0.758040029
0.664864489
0.695530789
0.716300298
0.739655288
0.630098863
0.886020723
0.958814888
0.680162692
0.899484751
0.767783948
0.668637086
0.701730516
0.735272547
0.651096578
0.730366392
0.466085562
0.547478754
0.59108139
0.734864892
0.591137548
0.779598633
0.87427015
0.723569501
0.809173784
0.5301996
0.804960492
0.783389201
0.662594787
0.773840767
0.8039402
0.813310303
0.720111831
0.791464745
0.770832918
0.643270551
0.774510618
0.695195048
0.646623302
0.882658989
0.857142055
0.631565223
0.739414916
0.694793054
0.670305189
0.73050053
0.643578554
0.760521295
1
0.852179831
0.763767439
0.890397791
0.965497338
0.770315131
0.862779566
0.797044007
0.632311378
0.803122886
0.766379962
0.759998908
0.441856842
0.809847862
0.771626706
0.800199923
0.881967456
0.743766014
0.774905058
0.936350576
0.777737402
0.75132946
0.652007467
0.669347409
0.666243312
0.645053818
0.758393497
0.741723902
0.565336536
0.816471419
0.732210451
0.850884536
0.719081644
0.750286575
0.727597017
0.783847488
0.826537486
0.614406619
0.689624635
0.709599582
0.73693219
0.735875408
0.651077073
0.851327291
0.774369903
0.746618836
0.871156222
0.6921138
0.82523073
0.820834805
0.574332009
0.732941347
0.632762154
0.734262509
0.552040171
0.619275031
0.433964323
0.584982673
0.612267492
0.713359615
0.711793209
0.701003107
0.674834072
0.95849106
0.840470068
0.652800224
0.681404415
0.741633553
0.785093496
0.778529786
0.919321434
0.598409234
0.707126987
0.720347252
0.679819246
0.608367268
0.577375651
0.693940924
0.818103055
0.787756866
0.744617352
0.725260567