0.741249317
0.40824829
0.466666667
0.666666667
0.668993608
0.583333333
0.438357004
0.526136792
0.504714615
0.643267521
0.572077554
0.86244307
0.560112034
0.63900965
0.501280412
0.63900965
0.88396
0.628828146
0.713024096
0.928571429
0.88949918
0.802572354
0.708333333
0.876714008
0.763762616
0.945905303
0.834057656
0.327326835
0.527046277
0.595879572
0.523809524
0.45
0.565752382
0.34503278
0.723339349
0.551825406
0.465242105
0.625543242
0.597614305
0.6172134
0.43519414
0.512271764
0.341121146
0.478091444
0.580760045
0.572891899
0.556293911
0.620173673
0.591520482
0.670820393
0.684762383
0.507092553
0.666972969
0.554700196
0.587944736
0.491303684
0.644503387
0.516397779
0.538860251
0.509175077
0.610257153
0.559016994
0.453557368
0.5
0.485741393
0.547722558
0.385758375
0.596962006
0.7
0.777777778
0.741249317
0.9
0.481125224
0.592999453
0.769230769
0.476731295
0.75
0.730296743
0.34655164
0.668993608
0.586939186
0.476330512
0.512989176
0.619103485
0.518544973
0.490290338
0.316227766
0.483045892
0.361157559
0.461880215
0.716114874
0.538860251
0.810162722
0.538381902
0.642857143
0.474341649
0.666794859
0.651338947
0.526234812
0.516185401
0.666666667
0.742610657
0.727606875
0.605530071
0.601337794
0.516185401
0.563601862
0.605530071
0.372104204
0.710046947
0.43643578
0.622375914
0.550688792
0.606339063
0.605530071
0.501745206
0.559016994
0.597614305
0.963624112
0.750478774
0.720576692
0.503952631
0.87038828
0.433860916
0.668153105
0.695181697
0.417028828
0.745355993
0.8
0.9
0.502518908
0.685994341
0.642857143
0.637022057
0.837435789
0.685994341
0.718132499
0.65279121
0.596962006
0.654653671
0.494901542
0.52167203
0.473432076
0.486664263
0.829515062
0.538138235
0.312771621
0.43519414
0.6
0.650814027
0.676123404
0.666666667
0.666666667
0.706018086
0.648885685
0.453632354
0.628828146
0.47826087
0.347182537
0.637022057
0.626224291
0.590909091
0.581377674
0.476731295
0.714285714
0.64
0.8125
0.683130051
0.372677996
0.589767825
0.573539335
0.606339063
0.440385506
0.421052632
0.207019668
0.421117444
0.538138235
0.606339063
0.46875
0.723339349
0.559016994
0.78247589
0.725240668
0.445399334
0.608580619
0.667124385
0.644658371
0.512989176
0.722222222
0.650814027
0.473684211
0.668993608
0.315244162
0.355409327
0.419960526
0.544704779
0.565685425
0.489115988
0.414039336
0.628828146
0.690065559
0.510310363
0.645497224
0.648181216
0.640512615
0.694022094
0.424437344
0.547722558
0.471404521
0.594225082
0.667423812
0.640056896
0.470588235
0.826868866
0.666666667
0.8
0.829515062
0.727606875
0.648203724
0.785714286
0.667124385
0.717108788
0.668153105
0.842664841
0.601929265
0.745601135
0.766130878
0.481125224
0.6
0.681005225
0.465242105
0.45
0.553316745
0.388922234
0.666885929
0.630893268
0.444554224
0.565685425
0.6
0.6172134
0.522232968
0.481812056
0.341121146
0.670820393
0.607158229
0.358057437
0.570781793
0.675303252
0.611010093
0.447213596
0.515122196
0.276026224
0.628828146
0.668153105
0.561800648
0.424334212
0.483045892
0.580947502
0.566138517
0.56694671
0.667037346
0.559016994
0.453557368
0.576022109
0.463816829
0.57166195
0.402911482
0.696310624
0.769483764
0.777777778
0.769230769
0.8
0.833333333
0.461538462
0.741249317
0.447213596
0.75
0.609271796
0.425628265
0.549125178
0.574037848
0.476330512
0.410391341
0.655172414
0.377123617
0.668993608
0.239045722
0.250489716
0.377964473
0.461880215
0.733333333
0.41030497
0.694022094
0.469157432
0.571428571
0.326598632
0.706018086
0.772727273
0.507092553
0.573539335
0.547722558
0.817912881
0.705882353
0.514259477
0.668153105
0.424437344
0.580947502
0.619779787
0.26148818
0.6875
0.56577895
0.545454545
0.538027587
0.516185401
0.569802882
0.482381911
0.559016994
0.50262469
0.857142857
0.837610597
0.720576692
0.440958552
0.609271796
0.445566394
0.668153105
0.776967779
0.480079359
0.745355993
0.644503387
0.572077554
0.636363636
0.666972969
0.690065559
0.712696645
0.744387368
0.54073807
0.604743157
0.723568051
0.611010093
0.639602149
0.494901542
0.490716492
0.500319183
0.445131907
0.683130051
0.490098029
0.354005216
0.458333333
0.621059003
0.600751409
0.725240668
0.75
0.632455532
0.776967779
0.547722558
0.402911482
0.470588235
0.466252404
0.464285714
0.565217391
0.648203724
0.619750683
0.802896542
0.552770798
0.634335047
0.6
0.848874688
0.6
0.233549683
0.510310363
0.573539335
0.616041104
0.385337318
0.432590456
0.207019668
0.464582098
0.39223227
0.6875
0.5
0.685994341
0.310086836
0.801783726
0.709299366
0.473879102
0.486864496
0.5
0.564076075
0.718184846
0.707106781
0.635107349
0.432590456
0.513552591
0.458731711
0.414644214
0.364012604
0.538138235
0.670820393
0.465378921
0.438357004
0.648885685
0.77151675
0.589255651
0.645497224
0.611111111
0.701646415
0.579066024
0.294117647
0.568750123
0.504714615
0.607530436
0.603022689
0.83149718
0.626224291
0.846327266
0.483045892
0.9
0.91003151
0.764705882
0.814091578
0.785714286
0.815374248
0.692820323
0.541666667
0.583383351
0.731310341
0.736842105
0.739130435
0.481125224
0.632455532
0.612372436
0.600751409
0.524404424
0.561951487
0.440958552
0.526315789
0.53311399
0.5
0.750651891
0.597614305
0.518874522
0.478947472
0.407687124
0.367423461
0.68516016
0.508888005
0.516397779
0.618346942
0.527147622
0.503952631
0.6
0.544510081
0.349927106
0.626224291
0.516397779
0.601929265
0.46483484
0.429668924
0.710046947
0.641623653
0.535714286
0.557086015
0.589255651
0.313785816
0.428746463
0.405839725
0.628828146
0.357142857
0.65279121
0.683130051
0.544331054
0.644503387
0.476731295
0.560448538
0.461538462
0.644503387
0.335410197
0.75
0.87038828
0.40824829
0.840672807
0.635850784
0.450563557
0.487950036
0.666769286
0.491934955
0.585369407
0.358568583
0.313112146
0.451335467
0.490653381
0.313112146
0.500370233
0.816496581
0.592220092
0.785714286
0.326598632
0.588348405
0.604814737
0.422577127
0.630893268
0.589255651
0.673575314
0.545705156
0.639602149
0.554700196
0.48507125
0.608580619
0.53311399
0.434121571
0.788240781
0.700876644
0.418121005
0.578947368
0.467707173
0.502518908
0.494913398
0.519615242
0.571547607
1
0.796002946
0.596284794
0.833333333
0.909090909
0.606339063
0.714285714
0.704186851
0.375325945
0.630126038
0.621059003
0.737864787
0.402015126
0.647058824
0.714285714
0.651338947
0.773526784
0.594811877
0.630061919
0.846327266
0.625543242
0.667246125
0.401286177
0.458731711
0.445668812
0.414644214
0.619047619
0.630126038
0.323029141
0.623609564
0.501280412
0.7200823
0.623609564
0.666666667
0.594811877
0.666794859
0.722222222
0.472866244
0.514495755
0.469157432
0.44474959
0.500517331
0.433860916
0.762770071
0.619750683
0.620505228
0.714285714
0.6
0.6875
0.7
0.372677996
0.442268981
0.50902781
0.594913077
0.368932394
0.410391341
0.207019668
0.379310345
0.470870956
0.523138837
0.590878948
0.628828146
0.418330013
0.902006691
0.709299366
0.344123601
0.486864496
0.44474959
0.572077554
0.615587011
0.824957911
0.466569475
0.573539335
0.490716492
0.50336201
0.387298335
0.377964473
0.470870956
0.659966329
0.545454545
0.533333333
0.594811877