8.75434452
1.14345619
4.58258802
9.65014307
5.27641244
4.26930405
2.75040042
4.50817223
4.24796529
5.45720375
5.27239724
8.26079813
5.25134938
9.07940839
4.22471805
6.32787291
9.84373851
4.32604002
8.76038011
10.16250833
12.87873075
6.98558567
8.4425262
11.80214411
8.22398118
12.57733626
10.31111644
1.9316333
3.73414869
5.7640879
3.36435604
3.1122129
4.26000203
2.34967854
9.68186062
5.72731844
4.9157867
5.05904313
11.42614575
4.38109011
1.96034302
5.34921627
1.21622625
1.39327734
5.96943623
3.32120208
1.70837203
1.68940305
0.83143221
11.67102992
7.70483372
1.19985933
6.76312112
3.80456917
4.67589473
2.92783042
5.97482924
2.92669206
6.23469905
4.89925828
4.45437821
3.7675048
2.41630255
2.84117827
2.80883768
3.42146732
5.55415016
4.59261719
8.10852396
10.04174741
9.3136437
10.40275232
4.82898113
4.85005048
9.94976772
4.03059204
7.26054651
6.76030581
0.68068983
6.29053941
4.23740339
3.09604208
2.83340345
6.34949108
2.05562034
0.65506992
1.13577985
3.03622174
1.41219269
3.50861595
7.29538306
4.48863797
8.88403783
0.81679783
6.47380903
2.0460159
6.62307569
4.74079105
3.3984447
7.29539012
6.17563284
5.74593811
6.91676592
3.40457619
6.13211502
2.9804801
2.46187334
3.14043335
0.31938758
8.41283955
3.48909967
6.73709505
5.0255932
4.42403398
1.44826621
4.4728946
4.17594982
5.89918804
3.42930603
9.20732726
10.80639332
5.38920401
11.23591811
3.3937738
6.80739114
8.42604192
2.15782353
11.39323595
8.21369626
11.25838606
5.07902876
8.08870715
6.86856631
7.01651108
11.54710484
9.77546875
7.86505179
7.68166557
6.06905296
5.51554182
3.49825284
3.9921858
2.44067228
3.02304121
10.256825
3.35507058
-0.00585064
2.1527339
6.55474738
7.708412
3.29794968
6.71979668
5.77009001
6.19883468
5.89383754
1.01119202
5.26660202
4.09566072
1.92690398
7.34578864
5.77692898
4.38465376
5.51111354
5.46530717
8.27970215
7.00882566
11.73211722
5.55418036
1.5551735
5.84866345
5.35128154
5.20531098
-1.41133467
1.10788474
-0.5951958
2.78352425
3.11126137
3.88965182
1.47950064
6.20025789
3.12515344
10.87437706
7.698598
2.62086706
5.36279598
5.94797259
4.95999715
2.00120221
8.62470255
5.11951904
1.4950968
5.71128687
1.09372159
0.68452686
0.51846619
2.19121372
4.83074063
5.39041537
1.11918572
5.76292221
6.53594198
3.05883761
7.64749722
9.65005301
7.26244772
6.22098299
3.02837159
4.00640393
3.26148682
5.16417452
7.11042031
4.37557337
2.83333287
12.18699804
6.31586418
11.15713461
8.3400266
5.85226554
5.64846118
11.94342825
6.87212308
7.06069149
7.56513196
9.8686699
3.66122981
7.13681963
10.79843078
2.99047178
5.18500844
7.32895006
3.63618238
2.22858004
3.26858006
1.37231815
8.00161884
6.37045945
2.35008289
4.55886502
7.28289658
4.07276465
2.84531254
3.78753329
1.17709087
5.2697397
5.42777283
1.12577869
1.18868249
4.55124129
0.98507168
7.98239673
4.20669641
-1.86805353
4.95652348
6.20914623
5.30269681
2.50877482
3.45588281
5.49009976
6.37192225
6.10426313
5.85128546
2.99555773
2.61891896
5.02827507
3.40925378
3.95386195
5.56071705
7.96196949
9.61547086
10.04174741
11.14742268
8.48029768
10.71830622
2.22250805
7.84308729
4.42962215
7.26054651
6.09597279
2.21122752
4.10735698
3.38511616
2.94715545
3.39932111
6.04687138
1.09364987
6.08547032
0.89912938
-0.46859976
0.74753351
2.46215818
9.93354494
2.11868824
8.44803511
0.77757204
4.95521068
-1.46931969
7.72987162
9.19449041
2.76752777
9.65205809
4.0603599
7.41460279
7.10380486
0.722387
6.15616304
2.09924483
2.3684226
3.46187934
-0.82536587
7.4881914
6.56390278
3.44639121
5.39864555
2.59307011
1.2338178
5.0872004
4.29454047
4.30203016
9.59329713
10.84314958
10.80639332
3.6256014
6.98800415
4.6840777
6.80739114
9.20111003
3.35494839
9.95495714
5.16440921
5.50299387
5.50918772
8.40210764
7.40704627
8.65968362
9.64647038
7.06514034
4.56412363
7.73539418
6.46959891
5.06181332
3.02459339
4.1231211
2.70834903
2.75520378
7.76089284
2.00953862
0.97099623
3.23941672
7.20883746
6.72343672
5.48097637
8.54679527
6.34610275
7.44390059
5.02445187
2.82498999
2.42323311
4.9358998
1.99923573
5.12035469
5.75341763
4.89506088
8.46918108
6.71370135
7.74795235
4.9438837
8.74165127
4.73859936
-1.09913262
5.06934172
4.50223429
5.06120908
-0.29821938
1.19228101
-0.5951958
3.15281933
0.71462274
6.58716449
1.75321492
4.56338891
-0.55655683
10.84833537
7.60823762
3.3018585
2.6348477
2.60442171
3.61305944
6.07479059
8.9180437
5.0455935
2.4371698
3.6686282
3.15866276
0.67039694
1.38244506
3.51771236
6.11024886
3.75422937
0.78302362
3.26297296
8.64470133
2.94010367
6.31967981
10.79449839
5.96063294
4.84056223
-0.87974488
3.94631865
3.8547764
4.93098283
4.62720614
5.83247198
4.10584379
12.48528471
4.14768701
10.78370584
10.75362173
6.38217532
10.25864815
10.13276206
9.57805236
6.28122224
6.43389577
6.51705727
7.35800665
7.94300626
9.08911338
3.50346728
8.87969371
6.59407364
6.03600582
3.53390652
0.99431095
3.69210836
6.52022212
4.06414559
4.5932198
8.35317472
11.42614575
4.42977427
1.97359483
3.82080936
1.36645382
5.84056992
4.05945694
2.64420518
0.49163277
-0.12276966
-1.29476942
1.71634158
5.3799001
-0.38012475
6.64997624
1.85883826
4.67150905
3.41530901
2.06909924
6.98978434
7.9955469
4.30456229
3.93333524
5.85910303
1.41110575
2.8133611
1.99893461
5.2890033
3.57215758
6.49279858
8.76525982
2.46283926
6.82276226
2.7324789
6.07141239
3.83157304
5.52686345
0.83347699
7.26054651
8.39080528
0.95401769
11.13078726
3.87187921
2.40501921
5.72779597
6.46084118
4.52243941
4.79798491
1.36103083
0.29647667
2.47813679
2.57467905
1.68607099
3.705759
9.90009435
1.53958799
10.10178393
-1.0091846
5.61553903
4.26774863
2.13717849
9.50924949
6.13173267
4.31760592
3.49333989
4.30395353
4.0157361
3.41816924
3.36518179
3.37246725
0.60216905
8.8043809
6.09968598
2.30795154
7.76645019
3.22479913
2.9532361
4.66902852
2.99003651
5.96009507
5.020828
8.26585835
5.59024269
10.79723869
4.09052863
6.66906839
8.29220566
8.90229793
1.02740778
9.53540693
5.46442862
8.08217254
1.81668361
7.86686231
7.28196904
7.15278669
10.6582963
9.12237288
4.94418943
9.86132055
6.63152279
6.20836584
2.48431592
4.09610946
3.03245077
2.56773426
6.21005833
4.03747763
0.04598699
7.55495385
5.72990928
10.56674248
3.94965925
6.45465334
6.21809289
6.64922662
7.85585275
2.74736679
4.28222952
5.91082694
2.29590496
4.8994327
3.74943611
6.72365371
7.04648519
7.70243421
8.33566557
5.23649107
8.98635411
6.05898215
1.1547441
2.68430536
3.52977303
5.76454726
-0.58379354
0.38768724
-0.5951958
0.86687556
2.15704505
4.08672854
3.47158956
3.5378957
1.09649141
12.19936706
7.38035532
1.56530303
2.85615659
3.52155671
5.50192854
4.11870493
11.69096529
0.43220703
4.84334132
4.76428375
3.48340452
1.62245003
-0.37479816
2.40215649
5.95025249
5.79933863
2.94372908
2.68799269
