0.29633404
0.08054496
0.11836069
0.48507643
0.15020005
0.16254168
0.07535838
0.18281860
0.17219425
0.15979332
0.18600454
0.13513145
0.18052721
0.42421747
0.15133219
0.22033597
0.45307995
0.19692216
0.50721383
0.51860780
0.64138653
0.21366612
0.41172306
0.62165393
0.41790681
0.59513067
0.49186024
0.08125166
0.11417530
0.23601526
0.12582206
0.09846108
0.13335034
0.06585834
0.35138749
0.22098307
0.06071284
0.14474615
0.70139673
0.08218677
0.09076632
0.12158033
0.07987276
0.02896803
0.16493078
0.12066210
0.22798533
0.18710302
0.06757879
0.42728701
0.37323925
0.05275542
0.16144228
0.08269296
0.09046210
0.09655118
0.09676513
0.14981924
0.19523864
0.15744827
0.11247326
0.17747405
0.06990007
0.09209954
0.10780406
0.10303553
0.36369319
0.24311146
0.34119147
0.43167001
0.50389205
0.17286039
0.22076070
0.13834368
0.53350301
0.15851166
0.14535768
0.12788328
0.04011764
0.21674744
0.23050899
0.06592883
0.06192451
0.23823096
0.04873902
0.04090509
0.05522398
0.07727579
0.05004328
0.07270924
0.09419788
0.08374627
0.33763708
0.04890270
0.31535541
0.16943572
0.24724954
0.13071188
0.09669266
0.18393816
0.14585103
0.20867473
0.22787747
0.09394296
0.24248545
0.14411292
0.05730439
0.09386875
0.04780204
0.37923079
0.13185767
0.23546901
0.09336098
0.12846190
0.08264946
0.08496064
0.10046771
0.15047346
0.74971538
0.31838084
0.61153806
0.19388672
0.39181892
0.14440028
0.25848658
0.23298040
0.05501034
0.68896568
0.20149416
0.54182204
0.16830387
0.24043155
0.25336549
0.33073910
0.62742088
0.51843411
0.23072018
0.30110042
0.11614671
0.16953756
0.08956478
0.07735714
0.05738517
0.09614272
0.46045095
0.22139084
0.03982232
0.05054883
0.15503560
0.25944624
0.13027038
0.12605968
0.11914685
0.25383391
0.28083373
0.04098270
0.21576146
0.16833254
0.04940756
0.21084455
0.24441486
0.11354092
0.22547685
0.23588448
0.33162726
0.25169670
0.64197522
0.11328360
0.07257024
0.20017703
0.14656167
0.25372829
0.04175873
0.02991639
0.03476811
0.06511605
0.11154288
0.09176856
0.09807167
0.19672747
0.14218095
0.43853083
0.25703660
0.15065171
0.18167256
0.14335112
0.14865996
0.11739522
0.21468316
0.15647776
0.12259150
0.09992304
0.09772992
0.03114248
0.04415448
0.13308443
0.24184701
0.23512933
0.03114248
0.17599893
0.26012784
0.22416934
0.34033365
0.41690806
0.27379286
0.14859042
0.07568151
0.19602558
0.09782522
0.29043588
0.24703155
0.11163466
0.10110880
0.63485602
0.18393816
0.59776533
0.28417826
0.23418123
0.09052445
0.69211869
0.18837359
0.26944540
0.38207500
0.46961690
0.07539881
0.25506349
0.58150254
0.08591317
0.18600454
0.22497924
0.10413029
0.05290166
0.08864367
0.09246523
0.18629879
0.27043709
0.04150548
0.12339645
0.26269099
0.11268336
0.05861185
0.09389419
0.07987276
0.07489237
0.14682330
0.05764287
0.21717887
0.22824328
0.06675318
0.36555522
0.14380554
0.04138997
0.10955517
0.19379136
0.18453661
0.07782226
0.07692375
0.12002450
0.24601373
0.16913900
0.16521692
0.15851166
0.07205335
0.20532788
0.14858017
0.08062075
0.36257493
0.34196647
0.35895699
0.43167001
0.58282340
0.15619700
0.44710186
0.07474876
0.25947507
0.26924762
0.14535768
0.11132608
0.11568096
0.08830895
0.21165085
0.09323745
0.12118404
0.27978212
0.03838252
0.22882760
0.05114599
0.03027253
0.04576271
0.06854277
0.44803043
0.06994100
0.35864920
0.10098157
0.12874331
0.05108099
0.32650261
0.48144003
0.08889176
0.46892439
0.07225607
0.25399336
0.28726687
0.12906828
0.20786252
0.06798317
0.08282283
0.12582206
0.02862999
0.29759282
0.24004901
0.12991917
0.28468244
0.09846108
0.14409871
0.11620766
0.12693174
0.16115690
0.36655311
0.45914093
0.61153806
0.16542390
0.24384183
0.24903286
0.25848658
0.40683434
0.05825371
0.53989957
0.13346889
0.33180774
0.16108993
0.45807035
0.41180376
0.43310177
0.44438146
0.27571860
0.08524053
0.24488144
0.12989362
0.16833254
0.06418920
0.10687172
0.06206749
0.06632380
0.34388192
0.14789755
0.04965502
0.09043566
0.16578981
0.08171703
0.13651227
0.24808415
0.15127279
0.18446446
0.17185488
0.04703739
0.10580332
0.21649084
0.07173096
0.20770977
0.38044188
0.14079421
0.48921992
0.28836542
0.33573065
0.15332196
0.30143353
0.10580332
0.03130743
0.15014533
0.10363475
0.25697766
0.04303846
0.07378791
0.03476811
0.06616881
0.06336859
0.27821465
0.07719349
0.18107198
0.03887544
0.45312482
0.25538323
0.10702982
0.06074588
0.07692375
0.13380161
0.11525449
0.24321629
0.20996403
0.14025775
0.10978293
0.08415986
0.02769348
0.08282283
0.16243558
0.23956566
0.09055289
0.04657470
0.06429451
0.22565829
0.06274655
0.13400826
0.49422443
0.26331153
0.11888793
0.02715680
0.08678345
0.08679546
0.19138147
0.05974994
0.18848608
0.10601774
0.63492330
0.14458925
0.48326978
0.54756984
0.30420608
0.43931287
0.51007149
0.30372910
0.21550540
0.32597456
0.24031425
0.30885581
0.32293559
0.39618676
0.10216855
0.40880645
0.29334110
0.26040668
0.18966326
0.06078498
0.26104909
0.12436722
0.08561274
0.10630644
0.19686376
0.70139673
0.12987569
0.05360917
0.10475319
0.07881927
0.08834524
0.18158745
0.07439821
0.20337174
0.10947841
0.03529752
0.09980099
0.29950940
0.03659263
0.26562465
0.03611972
0.05771236
0.13371468
0.03847724
0.32951223
0.31040712
0.15533439
0.10392386
0.14258770
0.04521920
0.16738040
0.07661265
0.16161723
0.11361557
0.35974579
0.46997396
0.11708995
0.38989389
0.09425160
0.31535541
0.08130851
0.09001415
0.05660234
0.14535768
0.20255986
0.03848170
0.48097821
0.21592879
0.09388234
0.25013870
0.16674431
0.13182420
0.22076070
0.09469167
0.05328642
0.05717169
0.06880307
0.03953804
0.11638286
0.44082848
0.16258649
0.50389205
0.05439331
0.21815133
0.11434338
0.08225965
0.41211838
0.20610118
0.16140446
0.09641903
0.17413539
0.10601774
0.08317625
0.09351115
0.05897112
0.04504557
0.46661736
0.21451278
0.07508325
0.40842567
0.08851021
0.17135818
0.08593384
0.08789179
0.22015176
0.81965013
0.32267254
0.14865996
0.54119275
0.80705573
0.19917506
0.30739408
0.44428089
0.07346761
0.55785380
0.20149416
0.38875142
0.05137253
0.35548377
0.34315019
0.35933815
0.51283704
0.49030471
0.08209869
0.40549331
0.13481357
0.19265781
0.08741827
0.17379620
0.08454341
0.10079037
0.29401323
0.26486196
0.04471486
0.27412293
0.14957108
0.52470013
0.08249096
0.12605968
0.14555399
0.17320326
0.16394326
0.05219352
0.14400124
0.34675717
0.05007816
0.17059574
0.11022825
0.22741692
0.34295480
0.32303932
0.30389059
0.15824592
0.39846811
0.14130844
0.06102406
0.08257956
0.14741628
0.29553588
0.04899865
0.04207993
0.03476811
0.06290733
0.14253911
0.18731108
0.15893702
0.06423095
0.02826809
0.59420177
0.22796713
0.08993468
0.15989215
0.12164441
0.11884632
0.09351115
0.54080128
0.04535972
0.18167256
0.12119577
0.11871704
0.05538004
0.03493642
0.06439931
0.25332067
0.12997433
0.09917721
0.06637523