0.34382140
0.21544347
0.19226450
0.38401639
0.26895803
0.17745999
0.15592085
0.14373359
0.19449023
0.17259808
0.31446926
0.13628404
0.20693770
0.26626146
0.25399440
0.33069152
0.31869083
0.25393765
0.56301393
0.47889769
0.52241740
0.19638475
0.31032011
0.64989749
0.32881762
0.37899815
0.33401100
0.20518426
0.25712816
0.21544347
0.19735903
0.16542495
0.16475109
0.16677510
0.29761990
0.29230032
0.13222266
0.18122620
0.80000000
0.12564768
0.09611791
0.13663947
0.12905479
0.11428571
0.12616470
0.21690164
0.32124439
0.22158542
0.13369333
0.52241740
0.27300786
0.14010197
0.21432509
0.17512372
0.15303449
0.13230858
0.19590897
0.21633744
0.19223582
0.14764440
0.12925189
0.34136854
0.11772793
0.10879594
0.11717938
0.18148512
0.25162049
0.20029884
0.27071997
0.49977127
0.47903441
0.32075343
0.24488396
0.24014110
0.45073342
0.29260160
0.28617856
0.26931782
0.10478879
0.20395846
0.27522950
0.13794621
0.14634146
0.19813159
0.12183407
0.14869356
0.14422496
0.16451016
0.10972560
0.11558219
0.20014567
0.13396478
0.20329215
0.14222027
0.33685162
0.31086462
0.18105764
0.16577103
0.21839512
0.25000000
0.20307741
0.20436475
0.27591723
0.18639012
0.27522745
0.16682692
0.13227288
0.18148512
0.13875324
0.35993533
0.21482395
0.23292356
0.14637299
0.21076752
0.18044130
0.13734925
0.17184886
0.16812460
0.68059583
0.21595073
0.66697136
0.27799157
0.42651027
0.18998915
0.43614217
0.18750000
0.09332749
0.75014465
0.26001048
0.57925733
0.30017520
0.24060830
0.29945734
0.26567409
0.48263325
0.47988385
0.17647059
0.28454280
0.15041623
0.19963156
0.11984002
0.11514317
0.09631502
0.16285485
0.31755917
0.32514092
0.10936440
0.11607620
0.24331228
0.25816275
0.27156526
0.24687467
0.19574338
0.20556363
0.30102467
0.11035697
0.25064227
0.19310302
0.08689111
0.21622564
0.29457924
0.15402472
0.21550548
0.26085517
0.27109601
0.22111143
0.50639721
0.17390283
0.18366297
0.15147328
0.21234963
0.18881884
0.12338262
0.09674808
0.10241297
0.10461451
0.20922902
0.12261125
0.11146684
0.25025417
0.22293808
0.26567065
0.23487353
0.26120870
0.24204706
0.23387665
0.27156526
0.18825883
0.24988564
0.20432573
0.19910513
0.15451791
0.14718876
0.10627395
0.10988390
0.21722172
0.26561368
0.28790208
0.10340169
0.22996329
0.31357489
0.40207258
0.29939859
0.32809321
0.32361821
0.17573621
0.16458311
0.15281706
0.14914785
0.31231891
0.36218595
0.11573376
0.18012010
0.36782941
0.27586207
0.66731392
0.23525901
0.26879399
0.18978681
0.72741299
0.22555163
0.23965519
0.28233896
0.41505551
0.13474608
0.26628175
0.38867248
0.21180763
0.31446926
0.18927304
0.18172840
0.12030303
0.12926426
0.19601305
0.21033882
0.31167050
0.10722732
0.18369273
0.41997368
0.13826978
0.08510638
0.13826765
0.12905479
0.15934526
0.12078823
0.14348259
0.30756713
0.17509889
0.13220370
0.50259072
0.15873016
0.17862288
0.18148512
0.27475235
0.20928640
0.12319462
0.16451016
0.18642227
0.19234777
0.15749013
0.15117393
0.32340177
0.11962677
0.15958775
0.12871715
0.16106962
0.26168530
0.23386282
0.29005711
0.49977127
0.46621271
0.29624961
0.36204012
0.16958730
0.29106309
0.44444444
0.28617856
0.23203493
0.15756744
0.12902922
0.26326300
0.16956057
0.17390828
0.24184996
0.10499342
0.31098789
0.13999123
0.09499866
0.09163062
0.11875926
0.46847372
0.13411576
0.20170850
0.18889050
0.22413169
0.15388819
0.20312174
0.35625932
0.20965931
0.44909476
0.15146159
0.23308996
0.31916458
0.27359742
0.25255831
0.12599210
0.15357801
0.21043224
0.09921257
0.30761215
0.25634346
0.17518077
0.30010515
0.18330873
0.25978446
0.16024995
0.18701050
0.19429007
0.34943219
0.26581979
0.66697136
0.24615443
0.35317810
0.23623762
0.43614217
0.27723466
0.11179230
0.55235041
0.22608076
0.43593895
0.26456684
0.45568909
0.39696434
0.30576371
0.29014732
0.27955701
0.12808479
0.24370451
0.16353061
0.17858957
0.10237280
0.13792005
0.09449408
0.13794621
0.24238333
0.27076987
0.12338262
0.15142672
0.25116106
0.16167697
0.24428228
0.33158810
0.19957397
0.18044081
0.22277218
0.10632792
0.18240478
0.24472133
0.11804212
0.20769976
0.48547898
0.17309823
0.39673633
0.32106159
0.27611272
0.17475984
0.30002698
0.16552508
0.10683330
0.14416320
0.17683165
0.17145710
0.12058127
0.13945801
0.10241297
0.10385646
0.15883281
0.23919917
0.10460329
0.24825608
0.12708458
0.23501197
0.20708454
0.18677641
0.13772242
0.15063389
0.25632476
0.17493187
0.28012960
0.26500765
0.21844541
0.16565942
0.13369333
0.10256410
0.14942113
0.24136008
0.22853361
0.16682692
0.12050711
0.14070728
0.31702195
0.18999733
0.19893490
0.39316410
0.37619645
0.16464065
0.08549880
0.10421872
0.13244392
0.18008936
0.18171206
0.14148088
0.19948303
0.37340259
0.24683125
0.48622557
0.34136517
0.34539994
0.44502296
0.43707442
0.30242246
0.19269596
0.26466336
0.29051786
0.21809323
0.28809466
0.28679140
0.24488396
0.48613988
0.24455855
0.28973559
0.23432440
0.13364726
0.36531213
0.18745225
0.18515600
0.17784422
0.20188112
0.80000000
0.14821131
0.07935054
0.13382476
0.12771175
0.16811183
0.14572605
0.15765281
0.29475183
0.15463707
0.09806438
0.23938163
0.27595031
0.12049624
0.29098447
0.11764706
0.12578566
0.16990286
0.11723359
0.30046225
0.20748810
0.15860576
0.12414984
0.30250372
0.09806438
0.16488692
0.08444326
0.20518426
0.15885572
0.27338553
0.32909869
0.28725796
0.43919411
0.21180763
0.28027184
0.17610988
0.18403570
0.16024995
0.28617856
0.29858732
0.09163062
0.30054770
0.26365770
0.15773076
0.27522745
0.16014855
0.17042491
0.33434714
0.24471574
0.13082448
0.11725406
0.11677994
0.11792938
0.15055580
0.24887550
0.22789056
0.45171804
0.15958775
0.14906830
0.15549394
0.17610988
0.39161416
0.25349459
0.20005506
0.17511415
0.24099247
0.18999733
0.15755471
0.16294875
0.14507130
0.13062970
0.38926645
0.22946226
0.13460153
0.37345949
0.18864631
0.23918899
0.14084948
0.17538215
0.20528765
0.67099478
0.23934078
0.25216774
0.51848415
0.81855576
0.22746934
0.46729519
0.29930227
0.08653376
0.50613250
0.26357271
0.50265257
0.15545236
0.29358350
0.38126064
0.28780477
0.39958476
0.46757914
0.12664664
0.36757607
0.16111478
0.19779089
0.11945730
0.15809404
0.10723975
0.16809877
0.26407882
0.33685162
0.12479721
0.24077785
0.24347230
0.38120677
0.19388697
0.24687467
0.19438787
0.17636932
0.19619807
0.11219217
0.21052632
0.29530588
0.10299609
0.19908074
0.18840064
0.20917286
0.27594344
0.33869333
0.23508523
0.17792558
0.34285157
0.18984442
0.15885572
0.09570541
0.22795477
0.21354838
0.13342008
0.10494519
0.10241297
0.10019979
0.24009736
0.17819635
0.14143634
0.14822601
0.10526316
0.31980286
0.18807693
0.16795851
0.23323743
0.21664694
0.24959442
0.15570658
0.42153504
0.13389679
0.23532353
0.16577747
0.15547536
0.13436198
0.09485431
0.15510958
0.24594143
0.18369273
0.17819635
0.14630080