0.31764132271742834
0.2448218502251301
0.34137318488000645
0.20435065754965795
0.25088461389195316
0.2650268008488514
0.27136689783274665
0.2865702787006714
0.25031266519203627
0.24582596600795795
0.209012189328533
0.3192298418556831
0.18812835919648513
0.27045247666437167
0.29672754285236613
0.31614062000562504
0.47475711248956126
0.2680690880511774
0.33047391549709776
0.4271705748507258
0.5402290735081511
0.26521828399240144
0.34866255008595576
0.44977018993189666
0.304095344359963
0.4695463044343016
0.48553374409029637
0.02191780821917808
0.19642490774749838
0.2985106136430218
0.26081536280554
0.2780799910364712
0.19651355029671458
0.0
0.3516551653276404
0.1860187835413785
0.28148267576253483
0.31549706780360953
0.26263624028718924
0.19654153026112
0.1474293543879634
0.23034487418238148
0.12107588370789311
0.14070351758793972
0.20683502401571735
0.18781172299542517
0.24144631752843626
0.20500612133605967
0.29454104057755476
0.3018556299668823
0.26857688174536565
0.15226694745948846
0.28676374337626837
0.1678570166600192
0.19016307750452108
0.21958456158678824
0.14635161818786452
0.19583182535920785
0.24102312350674296
0.2593925253983704
0.17382018259443346
0.21534038223187127
0.2402528240275161
0.16602632850229057
0.15420396902253472
0.20360126831484054
0.2903518643685262
0.21669767520497024
0.37292573318163325
0.40316504895633687
0.3890076046885048
0.47236222133318856
0.2558252217663207
0.21977289614172724
0.38491976592738136
0.3479076031452708
0.2254446964759906
0.33107324409183336
0.07491315517499127
0.2706319725113058
0.30043019884364036
0.146769000394899
0.11676397263725423
0.2592066078236502
0.1294382430358753
0.14362275932003557
0.046147687552352025
0.10652405439307623
0.11896882976243792
0.18820444969834363
0.2598355070742127
0.25615117887944305
0.35194660728472305
0.14768991575740142
0.36727318404080056
0.32032726490599184
0.29229968999012973
0.3185250549056895
0.20873660540152936
0.2618002904047914
0.33877104988136497
0.2772924390563238
0.2821361383139723
0.1985490013826504
0.2445998938260969
0.25030676526715634
0.17293920213563005
0.2467911962587847
0.14249128901004968
0.32097530584366746
0.14181280778989414
0.20892112454256784
0.2676085672140734
0.23339866581883334
0.19068518449251093
0.18674514892020977
0.19707207749994632
0.22698568700267194
0.49404331583366845
0.4285223628490981
0.45917059825531753
0.30289825318811586
0.5335409606993426
0.24160333177673435
0.46677158611344255
0.34118423505031503
0.1474163950808699
0.48235339462525495
0.3499618203295029
0.4395244574685183
0.18080302093065323
0.3978876625561251
0.38114083224634426
0.35065735939382897
0.47878685565091944
0.2554206110555739
0.2958789533177991
0.317812613652433
0.29133904271089583
0.31246153494819595
0.24601374857803915
0.2668370874784076
0.20368632385425972
0.1612171631496639
0.4094141433618559
0.24372155069122162
0.12312978599345406
0.16204795784800333
0.32824204561692116
0.15236523614605427
0.15247488215097432
0.21703736993245187
0.23684216853550347
0.27681835606567257
0.4241289522874177
0.1486646722946719
0.3304342192282134
0.1392189144117533
0.14722147037204003
0.2823051445259019
0.30416047874579794
0.27729504908477987
0.33842133074757846
0.3978046062212242
0.3220708121960784
0.3109950528437651
0.4440675572695107
0.35697992802818135
0.21273715486472405
0.2495044790672921
0.32483379773820215
0.2052894342618856
0.20467838892724433
0.1873058651597774
0.05630498533724341
0.24857743898747375
0.1933200311044641
0.2418214560641485
0.21654919562057298
0.33144855713863847
0.22484904837594247
0.3786455274154922
0.334210843686476
0.24586999317065406
0.2475440395048233
0.26759954397627933
0.3456177962223896
0.16769727079618513
0.40980969767538367
0.2408799091672306
0.1290906279243773
0.2078905857031753
0.15353766682349995
0.14685441721955741
0.19513707000265756
0.2858712838358167
0.23374205200091866
0.2252165705104143
0.24153574146397988
0.280209241381285
0.2782840123932413
0.27820664798310235
0.3956349597027353
0.18068061005186142
0.3936876012493228
0.29118219123278755
0.24052205233166069
0.27562711585732924
0.23647279053283793
0.267756349793545
0.2886431905023823
0.24602908031885976
0.14702106753643776
0.40712907777776974
0.3237138711389214
0.35798769723787693
0.4068959287750301
0.3687587724381
0.18875537119915486
0.4183849952261029
0.18779202996917624
0.2482867321581489
0.3191156258633009
0.41318540297900797
0.21644042751841028
0.2901731591724408
0.48650495607677424
0.10090977427295178
0.2569974745974548
0.31987628425356496
0.1826198795200137
0.19713584123046074
0.13750536392698826
0.018648018648018648
0.3709471354916668
0.2844039270762166
0.17969255860886124
0.28015147234182114
0.22669149972447522
0.2041037715493913
0.1337554265493346
0.19540388857069668
0.12172785167042162
0.22024151062410782
0.19584553189963125
0.14725979817286905
0.24213469049322017
0.22086656068506194
0.26951462107851915
0.21727457728185812
0.24182113725485604
0.0782162732719532
0.20381555314346345
0.22188591014830947
0.22357770875172445
0.19534978217498505
0.13324779516480081
0.24891300845136827
0.24579028005461284
0.2686113395828049
0.23542197612631335
0.20973904280965497
0.2167122488697008
0.17648459507950667
0.15988998165539164
0.27201395219641045
0.2920110178792035
0.2834413901050393
0.34412562908634087
0.40316504895633687
0.418616445772876
0.3811264949642849
0.40464233892365176
0.09471114549909601
0.35796052553314717
0.23880686840720336
0.2254446964759906
0.2526617415135777
0.19736225220634085
0.21355633981842173
0.22664973433847305
0.19803523160385858
0.11589798520113119
0.2378117636346065
0.08621180400563738
0.26048586933429374
0.0
0.10447716059983057
0.14325981684262223
0.1521240103300798
0.35065677526835065
0.2282549685036244
0.3718686076770233
0.14953294507828233
0.29389811984981024
0.21240996940370335
0.3173016646291375
0.3647451156693877
0.2074481078373224
0.3842258595762375
0.23369505975157404
0.3082099523891606
0.2675889015751603
0.23965695089590178
0.19902902584263565
0.1923348468129997
0.1631630350839469
0.2890854889882458
0.1262479659438218
0.33576587088922377
0.2350725376359685
0.29174037759223687
0.3264073561966984
0.21416731507720668
0.1732545769598975
0.19111894350096964
0.20908009772524955
0.18261509571785448
0.43420844985214563
0.4682577628472021
0.45917059825531753
0.2761305752598898
0.4091624989342874
0.192926883866353
0.46677158611344255
0.3629222137330923
0.18463727469372726
0.4327658968626036
0.23919076965648492
0.3227696141981535
0.19668535610640317
0.3652224709038066
0.3809170368163893
0.34835142161391996
0.44640513594506026
0.1788466753281718
0.25421505949309636
0.33036509851152945
0.294792196446903
0.26484324210885496
0.2150572545530788
0.22216023397950613
0.1615284421989831
0.16228159268879006
0.2828816626124658
0.24971646451228385
0.12058201080115141
0.2084744711368624
0.33019975165439786
0.15897221185410718
0.1379746942853885
0.29971303973291535
0.2936274646893838
0.268494767581238
0.27162088011091035
0.15933339650732006
0.19921750529459226
0.14246789506679985
0.20522924582107355
0.2769562049454111
0.2714426275852257
0.2855364993409369
0.49768394440036096
0.35890800422538277
0.31378169982358384
0.23916654921346056
0.37462113472359804
0.23453207641149051
0.05742951845705452
0.25200189925189653
0.29747849742873894
0.21237118367279564
0.18107632443331648
0.180020977856998
0.05630498533724341
0.1878350691482368
0.23028027211929603
0.30676688243450245
0.20926549456355684
0.28246056546492077
0.1890059549699983
0.40654011894305486
0.3634848016413537
0.22471856078034114
0.210682269687324
0.23399534702151756
0.2944280027355746
0.24887410274098395
0.37654094194978616
0.21130820710590995
0.14441091337308995
0.1983468466058344
0.1466139463461672
0.17573928099117248
0.23607619490526907
0.3077716258772082
0.2329098154633913
0.23528383492722493
0.23764209937433955
0.2454915940902688
0.32004667472182613
0.20725388601036268
0.4068413259984917
0.23649603245163842
0.32626401453000703
0.22889998861687533
0.07913443143078705
0.2963265118152607
0.22583388122689904
0.286023306974676
0.20853080568720378
0.34023031549580046
0.17279013078705507
0.41087183743047656
0.29880573048433495
0.4962669054564965
0.4771428266226747
0.36805438596805923
0.2438571242621186
0.3599568164289062
0.29404012391133655
0.22994168673034673
0.29614917684772213
0.3421328046783595
0.30088928648794655
0.3671762312149407
0.3657819928152429
0.21905064161750198
0.34130356918590754
0.30584485990037474
0.2609844975262252
0.23329059506020322
0.08654054323313642
0.0730593607305936
0.33564205883688053
0.1876956746746136
0.2537109716541342
0.32610777517657863
0.26263624028718924
0.22448897647517876
0.1441694315052677
0.1485520075201336
0.15212870256172734
0.20270888763304046
0.1456481994443241
0.1820835350130261
0.23801324895290998
0.15309291201043776
0.21306697288523976
0.17190221305637318
0.26343145155727526
0.09538789261417727
0.29970016658246823
0.15791172183102778
0.2138461990907637
0.22015730209127946
0.10347191089645981
0.3110321965885067
0.2847637670705378
0.20701396417928614
0.2273080900853259
0.38795225054560123
0.12432907723183032
0.14213000996987676
0.08339398829366224
0.27659062904645937
0.2335273903220258
0.2600270177407949
0.3614641195692305
0.0847682119205298
0.296866787727081
0.18479073481638572
0.3478737655291239
0.1950360541687281
0.2596189308090807
0.08433412016627123
0.2254446964759906
0.33951879236433213
0.16952626372760754
0.36973939189874994
0.26232682655589895
0.17413169845263346
0.2487727367581999
0.21435290556152647
0.15651770432315662
0.16442799948037506
0.07331536388140163
0.12154576051439173
0.12733923439805128
0.17436112367677936
0.13365271363950668
0.1936009931285267
0.37312229335283287
0.16271026454528692
0.4030116187829634
0.21361913431491988
0.3249106458889896
0.2745450838136215
0.23103883797253866
0.38071734243273725
0.31935841461728615
0.19916109699435103
0.19955129867034418
0.253293214954319
0.2127331589494575
0.26224531252118727
0.1978322545659888
0.26254905430209546
0.1831553884838913
0.39124272462129184
0.3217006840261138
0.1648010584850065
0.3733115300397365
0.11199113871923504
0.19636985077998995
0.18266918978777102
0.191816437808187
0.25401369406767726
0.5780782484843461
0.30991662595496117
0.2835636156174936
0.4372724444082775
0.9916666666666667
0.32486768921827275
0.4615246314645959
0.36146879784841185
0.1321699676612146
0.3532405643734136
0.2509999185125157
0.2321759113417467
0.11007371007371008
0.38474699611544666
0.36685873848206985
0.25803519832072186
0.5061439156198655
0.17718812810719958
0.2633438320365844
0.3899728965164247
0.3214231442176166
0.2964950064175934
0.22821603951497976
0.27676427930396386
0.2017065378667705
0.17094833824177422
0.21567271373143931
0.2761542357872009
0.0901255284394268
0.28915008836880807
0.18640451297756488
0.4087387593105719
0.05818181818181818
0.21703736993245187
0.22793508707505844
0.2524765169743355
0.30021710110602573
0.13661625188379348
0.24646618184548885
0.19866571969866834
0.21527000076955988
0.2304927597456658
0.19534949763378023
0.32871531864010184
0.3194447060546377
0.4371961702573241
0.32591627055816375
0.1899076375024054
0.37298692845319514
0.37531187730325577
0.11413332092762365
0.1917058504313837
0.20299733818742982
0.24314933266061117
0.17578245878256113
0.17140920982674854
0.05630498533724341
0.21019875690830336
0.2302469896628508
0.24255607915041716
0.26035706542787107
0.2546515298436686
0.14485367004677002
0.46036584092391475
0.3673763627856797
0.21601453919678268
0.22998066598994987
0.220591761138231
0.3680956704586556
0.22423208645478415
0.4560783941870692
0.08762269331838278
0.217896926645786
0.20898047713476742
0.17665222705217554
0.15306830003574398
0.15335945910625304
0.2875149675242993
0.21153056342306759
0.2853041371472087
0.26230420333109983
0.2673703932701242