0.37711880
0.16836796
0.22864578
0.41207556
0.26646942
0.25433326
0.15610885
0.22334865
0.21421844
0.27563116
0.21182690
0.36437443
0.26732529
0.36942453
0.19563263
0.23450549
0.48997932
0.26716596
0.37116305
0.43631677
0.52181739
0.32851186
0.39801753
0.46469031
0.34344617
0.50799053
0.47358893
0.17472947
0.22504415
0.29837373
0.19808669
0.19095545
0.21462856
0.25906563
0.37917792
0.24523778
0.21587427
0.30709818
0.44813149
0.20280392
0.17226232
0.22758928
0.15087523
0.17286915
0.25534221
0.18714670
0.33993333
0.21143810
0.23166660
0.41824362
0.38901878
0.17907080
0.29477430
0.21986561
0.23983294
0.22740218
0.23890469
0.15511769
0.29154161
0.25237978
0.25608766
0.28005495
0.23957307
0.19118645
0.18230950
0.19088358
0.20091784
0.27733933
0.34571176
0.42077185
0.42613662
0.44321896
0.21681673
0.27268800
0.38614620
0.22354718
0.36879894
0.32161233
0.09504267
0.28967226
0.26678477
0.16937379
0.22470516
0.27876263
0.16442455
0.14428858
0.14213198
0.15058089
0.14593033
0.19060170
0.26307932
0.22081211
0.42538446
0.15496968
0.30777332
0.24317728
0.28529092
0.28846836
0.21189024
0.29190924
0.31058298
0.31220239
0.28757331
0.22974919
0.29228540
0.21440164
0.17289945
0.28883699
0.19252147
0.34734332
0.18357198
0.24138797
0.28507232
0.28005495
0.25103275
0.20563487
0.19467846
0.29733770
0.50199809
0.35796218
0.38774079
0.28029924
0.46221707
0.23985534
0.34252568
0.32568386
0.12846363
0.51151699
0.37464287
0.42263962
0.22567071
0.36386654
0.31826269
0.29650007
0.46436053
0.36134080
0.31524827
0.31119865
0.26328603
0.30797517
0.20442577
0.22012643
0.15556645
0.23116241
0.43364314
0.24456687
0.11482167
0.19985403
0.37502465
0.33736599
0.23714097
0.28254054
0.25589446
0.33201307
0.35723651
0.13033283
0.32264245
0.22840140
0.12232616
0.35340169
0.24555882
0.22045163
0.35540259
0.28287326
0.36643675
0.31762376
0.47922005
0.29350827
0.12460561
0.24526448
0.25677023
0.25197071
0.18399894
0.15650173
0.04539007
0.17130597
0.27443899
0.25957093
0.16909046
0.31879620
0.20787584
0.45000117
0.32395187
0.20506682
0.32072853
0.23118719
0.31581465
0.18269969
0.33331756
0.26493727
0.17688896
0.27062183
0.16319632
0.12903226
0.17375749
0.26849475
0.24339855
0.24350331
0.17069701
0.26750981
0.32384384
0.26724023
0.33663437
0.38396671
0.30061781
0.28821765
0.15726808
0.22259068
0.20323255
0.27969935
0.28451695
0.24398921
0.18083182
0.48653895
0.32112246
0.33853616
0.42831882
0.32050093
0.26130200
0.45112336
0.28617734
0.30766165
0.33299835
0.42965259
0.21386107
0.32094266
0.47633116
0.19619931
0.25419228
0.34352745
0.18502725
0.15939908
0.17554335
0.23806791
0.35979083
0.24976191
0.15138018
0.25989597
0.38161109
0.20562670
0.19603389
0.20309398
0.15173985
0.24627550
0.25407839
0.11199114
0.34142058
0.23992351
0.25261742
0.31102536
0.23214102
0.10294605
0.23117082
0.28108920
0.25475715
0.22061000
0.18091401
0.21989908
0.30384974
0.26521588
0.29897300
0.27322434
0.22611957
0.24131181
0.21567263
0.24066546
0.20202381
0.33038790
0.34886096
0.42077185
0.41798852
0.36306459
0.41705673
0.18206674
0.35534406
0.18176168
0.36879894
0.29212592
0.15724030
0.24273994
0.26487005
0.19693665
0.22470516
0.28437048
0.13524950
0.22434583
0.12371134
0.07799443
0.11692074
0.18738915
0.31309397
0.16441695
0.38544534
0.15519953
0.22691537
0.15765363
0.30312180
0.37001484
0.21064138
0.39964664
0.24134227
0.33365149
0.27309454
0.23493601
0.27791689
0.18631191
0.18347572
0.29993524
0.13245033
0.33162647
0.27355531
0.23110210
0.32050079
0.23096516
0.20938688
0.22204280
0.20116400
0.26974265
0.40350993
0.42454850
0.38774079
0.21165855
0.27646057
0.32112740
0.34252568
0.37519532
0.18667145
0.47900405
0.29025172
0.28998885
0.23617373
0.35169812
0.35538131
0.34727236
0.36979144
0.26537560
0.25913711
0.32274449
0.26761292
0.25908510
0.18764394
0.22029230
0.15852357
0.21470618
0.32802462
0.22356860
0.12778242
0.23752795
0.37709661
0.32980455
0.24517225
0.36213128
0.28805819
0.35220075
0.27474556
0.16642161
0.19902853
0.22999566
0.17873319
0.32352129
0.26679289
0.23496690
0.48284073
0.28994196
0.34482903
0.25997151
0.45132045
0.24368009
0.06125574
0.24109510
0.25859345
0.25196692
0.16840906
0.16628725
0.04539007
0.18575844
0.18646341
0.31654716
0.18380511
0.26253600
0.11603038
0.42801029
0.32422956
0.19785536
0.22567799
0.17481573
0.24900491
0.32118221
0.34311498
0.26862707
0.18618062
0.21805526
0.19057033
0.15705521
0.14793086
0.25960308
0.26822499
0.22227579
0.18531997
0.25641642
0.37890327
0.21674877
0.29831015
0.43576932
0.29926167
0.24992470
0.06829268
0.23972002
0.21254697
0.25874317
0.21719457
0.38548158
0.24884457
0.49000872
0.20461524
0.38313200
0.52131772
0.33344474
0.35188685
0.40391484
0.39352616
0.30655746
0.29026212
0.29981917
0.35165761
0.33698989
0.41275552
0.21096908
0.30725986
0.31996423
0.24770073
0.21912044
0.12966270
0.33882991
0.31198627
0.21273316
0.24296876
0.33892428
0.44813149
0.20206980
0.16383206
0.19498695
0.15726204
0.27836974
0.20695864
0.18482598
0.33608589
0.14336622
0.19757633
0.14214672
0.33053020
0.10761306
0.26773841
0.20000000
0.23288989
0.21175467
0.12364760
0.25757933
0.35164570
0.23843542
0.25609027
0.27774044
0.15972989
0.20048096
0.15032002
0.27971647
0.16743120
0.30344228
0.35215179
0.23371833
0.34241381
0.23265873
0.30653880
0.18325413
0.27939054
0.11299435
0.36879894
0.35251671
0.12055115
0.43245572
0.27244121
0.17438575
0.31416146
0.27747900
0.17393381
0.17802594
0.11603513
0.09431821
0.17170198
0.19986273
0.11162791
0.20031301
0.39251847
0.19072110
0.38800509
0.15851828
0.29626623
0.24832083
0.19528239
0.38606789
0.27629509
0.25800173
0.18463040
0.23118309
0.23622436
0.23749157
0.22031939
0.25198100
0.22642259
0.38409018
0.30683420
0.19854900
0.35262658
0.19724775
0.23089772
0.21200366
0.18198353
0.31332736
0.58396348
0.35825070
0.26084350
0.44939602
0.54252691
0.30838031
0.34647790
0.37689572
0.11958317
0.50246359
0.25040619
0.31450280
0.14342629
0.37706996
0.32709818
0.30483147
0.40964934
0.36003317
0.25439111
0.40818318
0.27124784
0.29840427
0.16119379
0.21056600
0.16551813
0.19731771
0.29284895
0.31976449
0.13250622
0.35241880
0.28149962
0.47008370
0.21075225
0.28254054
0.27851803
0.31806105
0.36842490
0.15599142
0.24063963
0.22392252
0.17521235
0.26041995
0.15824410
0.28073964
0.34109107
0.30714794
0.37569261
0.24863183
0.41468405
0.31337996
0.14292907
0.16258031
0.23355118
0.25979002
0.15139589
0.15868026
0.04539007
0.15727095
0.21984880
0.24105508
0.21193150
0.25076655
0.13445378
0.51804467
0.32084610
0.14547688
0.22168123
0.14975283
0.27016387
0.23689326
0.46376134
0.13351752
0.24832458
0.24971128
0.24036486
0.15861536
0.14112572
0.24052566
0.24787471
0.22875141
0.23112847
0.25191798