7.57992600
2.98464980
4.42140750
8.31653785
5.07797351
5.00442781
3.73721725
4.96040942
4.26970918
5.35998119
4.99741289
8.10509726
5.19417537
7.77049317
4.29914345
5.89704628
8.46283143
4.86905058
7.57610801
8.00240327
9.92366165
6.64410183
7.48422030
9.15551762
7.21876265
9.69330147
8.41107633
3.24130458
4.06276057
6.13362081
4.06488160
3.91202142
4.71254549
3.94772306
8.58962643
5.26179108
5.27643196
5.52985435
8.75995086
5.13225675
3.41413702
5.71687155
2.97896533
2.64395339
6.21291453
3.92830201
3.98266898
2.05654288
3.36729016
9.27530411
7.08691275
2.30016114
6.17669945
4.62777079
5.29386940
4.14781403
6.17179997
3.48140056
6.16449733
5.27233432
5.27583856
4.43399188
3.99008166
3.98972134
4.08059304
3.96336854
5.67818292
5.19844809
6.99598116
7.96983730
8.01395141
8.49773772
4.88782974
4.91109426
8.22459614
4.51711160
6.93164133
6.28673047
2.28724134
5.96791125
4.65745013
4.10158446
4.37607182
6.05096344
3.07916271
1.95769062
2.86772834
3.63125430
3.00043621
4.24440504
7.11061130
5.15254564
8.22486366
1.68022947
6.01383725
3.80586828
6.36661759
4.79979440
4.07009016
6.67073320
5.92937573
5.35181108
6.51230124
3.83245882
6.01726672
4.30543101
3.07623662
4.13073842
2.65569544
7.52463529
4.64236306
6.26710644
5.19759691
5.38898874
2.46430236
4.78102412
4.29957632
5.87649238
0.06842673
8.08927528
8.33879696
5.19735129
8.77921562
3.92860347
5.78672100
7.32229856
3.77695479
8.85840143
7.37245875
8.66801161
5.29776232
7.08348330
6.02448746
6.15011297
9.01606265
8.03755349
7.04966264
6.84001545
5.84972651
5.69654683
4.17762962
4.51969541
3.25619011
4.26269123
8.29521248
3.84313142
1.82156954
3.40587207
6.12423200
6.95214878
3.44206131
6.66887178
5.68016293
6.28112264
5.80464253
2.14750867
5.88529960
5.00231755
3.73157719
6.91538082
5.45429852
4.70170829
5.46360250
5.28826093
7.31500213
6.56281471
9.35673063
5.30007946
2.57500338
6.09881411
5.31957144
5.47959708
2.24294615
2.88382218
1.23479490
3.85788599
4.48323620
5.25770025
3.18432658
6.20621918
3.41218299
8.81019753
7.10259723
3.06694668
6.02398509
5.48215097
4.76272735
3.32404954
7.48129810
5.53444919
3.24945565
5.89548864
2.97962292
2.70956388
2.80391503
3.86181190
5.15194354
5.42810411
2.62873591
5.67411755
6.18985002
4.01257213
6.51963376
8.71845972
6.26985321
6.02470856
3.97012461
4.53242402
4.00441506
4.97524038
6.17601494
5.31494562
3.84753327
9.70396929
5.60753108
8.85631639
7.49054742
5.73054273
5.93424835
9.37957405
6.39197999
6.86045057
6.90369706
7.94005919
4.49837328
6.19412991
8.73021014
4.11409500
4.93512600
7.49204033
4.42832770
3.39367627
3.95552910
3.48863196
7.42808845
5.75845147
3.49528268
4.97402321
6.54058718
4.97728174
4.07184486
4.35506576
2.97896533
5.55430880
5.97612208
2.50356659
3.86387807
4.50127771
3.63285302
6.84867998
4.53699142
0.14878090
5.12607237
6.28279332
5.25092665
3.84998924
4.25436489
5.44335754
6.38526657
6.08191025
6.23994426
4.02888150
3.97398318
5.40538036
4.53305702
4.55221493
5.58630226
7.38331818
8.07753299
7.96983730
8.97783472
7.27311981
9.03240133
3.56568416
7.21696555
4.32455303
6.93164133
5.83965253
3.26589068
5.12779745
4.19113287
4.00053638
4.74014229
5.96005741
2.39406226
6.03689494
2.45928082
1.56022665
2.50717097
3.80962791
8.27262278
3.31476108
7.72408758
1.58757748
5.44035537
2.27062083
6.81333281
7.42651797
3.77854189
8.07151230
4.97831591
6.76352113
6.43760887
1.17387621
5.91365865
3.42859069
3.46227271
4.41437287
2.23172682
6.92368616
6.55386227
4.56017404
5.67889771
3.90963657
1.72329016
5.29029151
4.62631814
4.37930977
7.72955523
8.93662678
8.33879696
4.41765863
6.18352000
4.81251185
5.78672100
7.73185199
4.60143255
8.06703644
5.65853641
5.46230743
5.26402721
7.30429194
6.29512163
7.32857123
8.00480698
6.35352258
5.28029946
7.05495707
6.02311089
5.57817664
3.88537626
4.73228280
3.67620963
4.12968501
6.83313162
3.04443255
2.52913331
4.08677124
6.51076664
6.42292047
5.51450075
7.95954174
6.28582356
7.38668314
5.52771083
3.61990181
3.85822204
5.30269840
3.78841851
5.48753722
5.08723706
5.34998546
7.33426457
6.30827497
6.98713783
5.25647476
7.44066273
4.82293073
0.93620787
5.39094951
4.79168207
5.58519572
2.53988850
3.09330841
1.23479490
4.28889883
2.77006716
6.49562230
3.34099529
4.65902485
1.05093701
8.84080115
6.95072546
3.98171947
4.08513579
3.53538168
3.95372282
6.30151726
7.75612827
5.42378122
3.66946157
4.57748503
4.43610847
2.88375415
2.95159880
4.15597157
5.99207248
4.71938443
2.72964478
4.34458112
7.61148021
4.58599564
5.59047106
9.21207794
5.08030758
5.36391242
1.29570496
4.78642202
4.37908412
5.09318792
4.93190178
6.45588725
4.73106511
9.89235632
4.20165589
8.48422534
8.98049666
6.09723663
8.62392495
8.35631432
8.29796242
6.36675167
6.22426700
5.91140599
6.78317008
6.98125123
7.80589909
3.75136568
7.53155660
6.77912488
5.85191801
4.13603509
2.22968333
4.93016416
6.77541325
4.69669227
4.90635613
7.65161890
8.75995086
5.06184554
3.35535306
4.64640999
3.00758681
5.89847072
4.91390609
3.71780229
3.62885331
1.22922551
2.48265278
2.86105795
5.71739948
0.96389354
5.91730204
3.32237917
5.10876685
4.30066632
3.14093414
6.02449178
7.31765581
4.83029766
5.12972452
5.55293450
3.09972196
4.16454782
3.48908836
5.36780010
4.35376036
6.25622164
7.36820670
3.01708303
6.64469093
3.74793094
6.08062459
4.17298332
5.54670306
2.46791606
6.93164133
7.43649568
2.81805507
9.24779992
4.46437212
3.78249629
5.95875302
6.60177023
4.86624679
4.93569795
2.49789598
1.96923924
3.71163383
3.97643998
2.91417384
4.56354421
8.46533476
2.00767494
8.26346051
2.40440302
5.39162906
4.46563126
3.33882007
7.86717906
5.78865444
4.35108374
4.00252594
4.67085048
4.44599667
4.25177057
3.92623388
4.11912716
3.25934767
7.51628092
6.00136941
3.94763217
6.78838997
4.57066877
3.79608091
4.86889898
3.24853581
5.67246336
1.23069961
7.14369823
5.29609055
8.61169519
0.46178417
6.17263873
6.63929580
7.30588978
3.07019377
7.69972704
5.32756121
6.61363725
2.96776477
7.28191608
6.16379670
6.47051134
8.61442421
7.63041743
5.00457545
8.31130835
6.13509660
6.01951288
3.51173612
4.42933670
3.96237043
3.83125741
5.90208447
4.19007400
1.90607870
6.76268153
5.54610961
8.50557961
4.64147907
6.66887178
6.26212331
6.47402103
7.43277915
3.72420694
4.61298493
5.98492851
4.12244744
5.24100862
4.04670827
6.58983585
6.57629074
6.84244362
7.39394562
5.46033002
7.71504290
5.71026213
2.47290798
3.79287793
3.99810233
5.74843238
2.27027397
2.51734166
1.23479490
2.71444287
3.58097176
4.89518392
4.31356547
4.52493552
2.34543428
9.59589347
6.81398000
2.76715089
3.91089065
3.93437404
5.55901666
4.88405012
9.32244429
1.80075694
5.38180620
5.28788812
4.77136287
3.17476635
2.26585063
3.71111809
5.89528962
5.63378277
4.15180489
3.93961260