0.80000000
0.25000000
0.42307692
0.51724138
0.56250000
0.38461538
0.26666667
0.35483871
0.41025641
0.47500000
0.40000000
0.60000000
0.47619048
0.62500000
0.30000000
0.43750000
0.81481481
0.37931034
0.52380952
0.72222222
0.77777778
0.66666667
0.55555556
0.76190476
0.50000000
0.86363636
0.68965517
0.31250000
0.42857143
0.46341463
0.30000000
0.28125000
0.37500000
0.33333333
0.65384615
0.40909091
0.34285714
0.47058824
0.66666667
0.36170213
0.26582278
0.34782609
0.23255814
0.29629630
0.45161290
0.34782609
0.37500000
0.38181818
0.33333333
0.77777778
0.65789474
0.33333333
0.56000000
0.34782609
0.51515152
0.37777778
0.47619048
0.29032258
0.47058824
0.39583333
0.43137255
0.38461538
0.34042553
0.35937500
0.31746032
0.40740741
0.30000000
0.41860465
0.55172414
0.63636364
0.76470588
0.81818182
0.40000000
0.47368421
0.63157895
0.31250000
0.60000000
0.57142857
0.24324324
0.50000000
0.37500000
0.33333333
0.32258065
0.51162791
0.37142857
0.27777778
0.17647059
0.32000000
0.27272727
0.37777778
0.55555556
0.41025641
0.64285714
0.31428571
0.42857143
0.30000000
0.50000000
0.40000000
0.41176471
0.52380952
0.48148148
0.50000000
0.54166667
0.42307692
0.52000000
0.36666667
0.34375000
0.40740741
0.26923077
0.52380952
0.31034483
0.42424242
0.50000000
0.47826087
0.37931034
0.38461538
0.44827586
0.51282051
0.87500000
0.60000000
0.68750000
0.47619048
0.76923077
0.30555556
0.50000000
0.60000000
0.22727273
0.68421053
0.60000000
0.75000000
0.37500000
0.55555556
0.55000000
0.51515152
0.67857143
0.58333333
0.54545455
0.54545455
0.41463415
0.48484848
0.33962264
0.44680851
0.32203390
0.31250000
0.70000000
0.34782609
0.22857143
0.28947368
0.52380952
0.59259259
0.52941176
0.60000000
0.48148148
0.47500000
0.51851852
0.31578947
0.46153846
0.35897436
0.20833333
0.53333333
0.45833333
0.35897436
0.45945946
0.33333333
0.53125000
0.44444444
0.70000000
0.46666667
0.21739130
0.35185185
0.39285714
0.46969697
0.22222222
0.26470588
0.14814815
0.28301887
0.36000000
0.38461538
0.27941176
0.47826087
0.35714286
0.74358974
0.51219512
0.28000000
0.45833333
0.45000000
0.52941176
0.32352941
0.63636364
0.50000000
0.28125000
0.45454545
0.24444444
0.28571429
0.24390244
0.34482759
0.35294118
0.35483871
0.23333333
0.48000000
0.61111111
0.33333333
0.50000000
0.59259259
0.47368421
0.51428571
0.28571429
0.33333333
0.37500000
0.45000000
0.50000000
0.37096774
0.23333333
0.76315789
0.52631579
0.61538462
0.71428571
0.44444444
0.45454545
0.73684211
0.68421053
0.58139535
0.50000000
0.71428571
0.33333333
0.56000000
0.67857143
0.40000000
0.50000000
0.55000000
0.27586207
0.28125000
0.32558140
0.30769231
0.60714286
0.43478261
0.27027027
0.37500000
0.63636364
0.34693878
0.30555556
0.32608696
0.23255814
0.44444444
0.46774194
0.29166667
0.35294118
0.54716981
0.35897436
0.45454545
0.40000000
0.13333333
0.52000000
0.50000000
0.45714286
0.28260870
0.37500000
0.40000000
0.50000000
0.45454545
0.48979592
0.46153846
0.34782609
0.47272727
0.33333333
0.41379310
0.31578947
0.57142857
0.61538462
0.63636364
0.66666667
0.66666667
0.71428571
0.42105263
0.52380952
0.38461538
0.60000000
0.43750000
0.28571429
0.42857143
0.39393939
0.29032258
0.34482759
0.51111111
0.26315789
0.42105263
0.12500000
0.16129032
0.25000000
0.34090909
0.57894737
0.27500000
0.60465116
0.31428571
0.36363636
0.16666667
0.56521739
0.63636364
0.38888889
0.60000000
0.37037037
0.55555556
0.52000000
0.32000000
0.54166667
0.33333333
0.43333333
0.42307692
0.18518519
0.59090909
0.50000000
0.31578947
0.45945946
0.32142857
0.34482759
0.38461538
0.34375000
0.43589744
0.66666667
0.69230769
0.68750000
0.32000000
0.43750000
0.38888889
0.50000000
0.61538462
0.35897436
0.65000000
0.42857143
0.43750000
0.50000000
0.48148148
0.57142857
0.54545455
0.56666667
0.44444444
0.45652174
0.59375000
0.47368421
0.43243243
0.32075472
0.43181818
0.33333333
0.29032258
0.60606061
0.30434783
0.25714286
0.33333333
0.55000000
0.57142857
0.64705882
0.60000000
0.43333333
0.62857143
0.48000000
0.37500000
0.30000000
0.35135135
0.26530612
0.42857143
0.43478261
0.37837838
0.65714286
0.40740741
0.45454545
0.41025641
0.68181818
0.44827586
0.17391304
0.36363636
0.39285714
0.42028986
0.21875000
0.24324324
0.14814815
0.30188679
0.26923077
0.50000000
0.30303030
0.40000000
0.16666667
0.72500000
0.48837209
0.28571429
0.34615385
0.33333333
0.44444444
0.57142857
0.54545455
0.44444444
0.23333333
0.30555556
0.30000000
0.30000000
0.25000000
0.38461538
0.45454545
0.32258065
0.25000000
0.41379310
0.73333333
0.38461538
0.58333333
0.59259259
0.50000000
0.37837838
0.14285714
0.40983607
0.36585366
0.40909091
0.42857143
0.56250000
0.41666667
0.78378378
0.35000000
0.69230769
0.88461538
0.46428571
0.68421053
0.68421053
0.72222222
0.55813953
0.43243243
0.50000000
0.52631579
0.51851852
0.64285714
0.31250000
0.50000000
0.48780488
0.37037037
0.33333333
0.23076923
0.37500000
0.44827586
0.39130435
0.38235294
0.63333333
0.66666667
0.29411765
0.29333333
0.29787234
0.25581395
0.50000000
0.38461538
0.40000000
0.33333333
0.25000000
0.26086957
0.28571429
0.52272727
0.22580645
0.54166667
0.30769231
0.45714286
0.30952381
0.29166667
0.48148148
0.57575758
0.36734694
0.38181818
0.41666667
0.28888889
0.35937500
0.28571429
0.50000000
0.27272727
0.42500000
0.55172414
0.50000000
0.52380952
0.31250000
0.38888889
0.36842105
0.50000000
0.28571429
0.60000000
0.71428571
0.22222222
0.71428571
0.39393939
0.26470588
0.40740741
0.47727273
0.40540541
0.38888889
0.30769231
0.20689655
0.29268293
0.33333333
0.31818182
0.32558140
0.64285714
0.39393939
0.61111111
0.17391304
0.48148148
0.38461538
0.36842105
0.60000000
0.44000000
0.47222222
0.37037037
0.46153846
0.50000000
0.39285714
0.48275862
0.41666667
0.28571429
0.63636364
0.48387097
0.28571429
0.48484848
0.34782609
0.30303030
0.47222222
0.39285714
0.48717949
0.93750000
0.60526316
0.55555556
0.75000000
0.83333333
0.44827586
0.55555556
0.64285714
0.18750000
0.70000000
0.39130435
0.66666667
0.29411765
0.51851852
0.60000000
0.48571429
0.62068966
0.56000000
0.40425532
0.66666667
0.45000000
0.44444444
0.25925926
0.40425532
0.34426230
0.25000000
0.44736842
0.50000000
0.20000000
0.50000000
0.45000000
0.73076923
0.40000000
0.60000000
0.43333333
0.54054054
0.56000000
0.36585366
0.40740741
0.41176471
0.27083333
0.39393939
0.38461538
0.51515152
0.48484848
0.48000000
0.51515152
0.40540541
0.54545455
0.48275862
0.27272727
0.25806452
0.37037037
0.46969697
0.21212121
0.23684211
0.14814815
0.21538462
0.30769231
0.33333333
0.34426230
0.41666667
0.31034483
0.80000000
0.45454545
0.19354839
0.29629630
0.31818182
0.40000000
0.50000000
0.70000000
0.33333333
0.44000000
0.36111111
0.35714286
0.29629630
0.23809524
0.34615385
0.39393939
0.37500000
0.33333333
0.35483871