-0.28571429
-1.00000000
-0.52631579
-0.31818182
-0.42857143
-0.48148148
-0.57894737
-0.48837209
-0.51612903
-0.43750000
-0.45454545
-0.28571429
-0.50000000
-0.29411765
-0.53846154
-0.45454545
-0.26086957
-0.61111111
-0.35294118
-0.23529412
-0.12500000
-0.27777778
-0.33333333
-0.20000000
-0.34482759
-0.13636364
-0.26086957
-0.66666667
-0.54545455
-0.43750000
-0.66666667
-0.60000000
-0.48275862
-0.92307692
-0.27272727
-0.47058824
-0.52173913
-0.45833333
-0.25000000
-0.51428571
-0.64583333
-0.51515152
-0.72000000
-0.61904762
-0.40000000
-0.52941176
-1.20000000
-0.56250000
-1.00000000
-0.12500000
-0.34482759
-0.58333333
-0.35000000
-0.50000000
-0.50000000
-0.56666667
-0.37500000
-0.59090909
-0.40000000
-0.45454545
-0.48571429
-0.62500000
-0.71428571
-0.62500000
-0.54761905
-0.47619048
-0.64285714
-0.59259259
-0.31818182
-0.22222222
-0.26666667
-0.10000000
-0.58333333
-0.53846154
-0.31250000
-0.60000000
-0.25000000
-0.33333333
-0.69230769
-0.43333333
-0.60000000
-0.59090909
-0.88235294
-0.36363636
-0.53571429
-0.64285714
-0.70000000
-0.52941176
-0.73076923
-0.50000000
-0.33333333
-0.51724138
-0.25000000
-0.62068966
-0.50000000
-1.00000000
-0.34210526
-0.53846154
-0.63636364
-0.37500000
-0.42105263
-0.41935484
-0.35000000
-0.50000000
-0.45000000
-0.72222222
-0.60000000
-0.80000000
-1.07692308
-0.35294118
-0.63636364
-0.43478261
-0.45833333
-0.50000000
-0.56000000
-0.48275862
-0.52173913
-0.39393939
-0.12500000
-0.29411765
-0.30769231
-0.52941176
-0.18181818
-0.63636364
-0.42857143
-0.27272727
-0.62962963
-0.26666667
-0.25000000
-0.18181818
-0.50000000
-0.28571429
-0.40000000
-0.37500000
-0.21739130
-0.26315789
-0.33333333
-0.40740741
-0.43333333
-0.44444444
-0.58823529
-0.51515152
-0.60465116
-0.60000000
-0.22222222
-0.55555556
-0.72000000
-0.72727273
-0.40000000
-0.34782609
-0.50000000
-0.33333333
-0.45454545
-0.42857143
-0.47368421
-0.68965517
-0.44444444
-0.48148148
-0.65517241
-0.34782609
-0.42105263
-0.50000000
-0.54166667
-0.50000000
-0.33333333
-0.38461538
-0.17647059
-0.42857143
-0.68750000
-0.50000000
-0.47619048
-0.45454545
-1.40000000
-0.61904762
-0.75000000
-0.57142857
-0.78571429
-0.57575758
-0.76923077
-0.43750000
-0.54545455
-0.17142857
-0.39393939
-0.63157895
-0.47058824
-0.40000000
-0.63636364
-0.66666667
-0.27777778
-0.40909091
-0.83333333
-0.40000000
-0.76923077
-0.81250000
-0.95238095
-0.93333333
-0.50000000
-0.52173913
-0.76470588
-0.42105263
-0.35714286
-0.87500000
-0.36842105
-0.31818182
-0.35714286
-0.37037037
-0.57894737
-0.53488372
-0.51612903
-0.46875000
-0.36363636
-0.47619048
-0.66666667
-0.14705882
-0.46153846
-0.27272727
-0.30434783
-0.50000000
-0.41176471
-0.23529412
-0.31250000
-0.30555556
-0.37037037
-0.25000000
-0.55172414
-0.36363636
-0.26086957
-0.58333333
-0.45454545
-0.31250000
-0.61111111
-0.60000000
-0.51724138
-1.07692308
-0.31818182
-0.41176471
-0.60869565
-0.50000000
-0.50000000
-0.51428571
-0.54166667
-0.54545455
-0.72000000
-0.42857143
-0.40000000
-0.70588235
-1.26666667
-0.41666667
-1.00000000
-0.37500000
-0.58620690
-0.83333333
-0.45000000
-0.37500000
-0.50000000
-0.60000000
-0.56250000
-0.45454545
-0.40000000
-0.39393939
-0.40000000
-0.75000000
-0.67857143
-0.42500000
-0.52380952
-0.42857143
-0.64285714
-0.29629630
-0.27272727
-0.22222222
-0.20000000
-0.20000000
-0.16666667
-0.61538462
-0.31250000
-0.60000000
-0.25000000
-0.41666667
-0.65384615
-0.46666667
-0.70000000
-0.59090909
-0.76470588
-0.39393939
-0.64285714
-0.42857143
-0.80000000
-0.82352941
-0.73076923
-0.59375000
-0.26666667
-0.65517241
-0.30555556
-0.65517241
-0.57142857
-1.40000000
-0.34210526
-0.30769231
-0.72727273
-0.31250000
-0.47368421
-0.35483871
-0.35000000
-0.63636364
-0.40000000
-0.66666667
-0.55000000
-0.73333333
-1.15384615
-0.35294118
-0.45454545
-0.65217391
-0.58333333
-0.75000000
-0.60000000
-0.48275862
-0.52173913
-0.48484848
-0.25000000
-0.20588235
-0.30769231
-0.58823529
-0.45454545
-0.63636364
-0.42857143
-0.27272727
-0.48148148
-0.33333333
-0.43750000
-0.54545455
-0.33333333
-0.38095238
-0.46666667
-0.37500000
-0.30434783
-0.42105263
-0.47222222
-0.33333333
-0.40000000
-0.40740741
-0.58823529
-0.51515152
-0.58139535
-0.55000000
-0.29629630
-0.61111111
-0.68000000
-0.63636364
-0.33333333
-0.34782609
-0.37500000
-0.25000000
-0.40909091
-0.25000000
-0.47368421
-0.55172414
-0.66666667
-0.51851852
-0.68965517
-0.56521739
-0.47368421
-0.46153846
-0.45833333
-0.45000000
-0.37500000
-0.53846154
-0.29411765
-0.42857143
-0.81250000
-0.47368421
-0.47619048
-0.47272727
-1.13333333
-0.76190476
-0.75000000
-0.54285714
-0.92857143
-0.42424242
-0.71794872
-0.56250000
-0.77272727
-0.17142857
-0.36363636
-0.57894737
-0.58823529
-0.60000000
-0.72727273
-0.38095238
-0.33333333
-0.45454545
-0.72222222
-0.56000000
-0.53846154
-0.93750000
-0.76190476
-0.73333333
-0.37500000
-0.56521739
-0.88235294
-0.52631579
-0.28571429
-0.62500000
-0.36842105
-0.27272727
-0.42857143
-0.48148148
-0.84210526
-0.44186047
-0.51612903
-0.43750000
-0.45454545
-0.52380952
-0.50000000
-0.14705882
-0.53846154
-0.18181818
-0.21739130
-0.55555556
-0.23529412
-0.29411765
-0.18750000
-0.36111111
-0.44444444
-0.45000000
-0.34482759
-0.36363636
-0.26086957
-0.58333333
-0.36363636
-0.40625000
-0.50000000
-0.65000000
-0.68965517
-0.84615385
-0.40909091
-0.52941176
-0.47826087
-0.25000000
-0.25000000
-0.57142857
-0.58333333
-0.57575758
-0.72000000
-0.33333333
-0.46666667
-0.52941176
-1.40000000
-0.68750000
-1.35000000
-0.75000000
-0.55172414
-0.75000000
-0.40000000
-0.62500000
-0.46428571
-0.60000000
-0.62500000
-0.40909091
-0.32000000
-0.48484848
-0.57142857
-0.50000000
-0.67857143
-0.65000000
-0.61904762
-0.33333333
-0.64285714
-0.48148148
-0.31818182
-0.55555556
-0.40000000
-0.60000000
-0.50000000
-0.53846154
-0.43750000
-0.70000000
-0.25000000
-0.16666667
-0.73076923
-0.16666667
-0.65000000
-0.59090909
-0.58823529
-0.36363636
-0.46428571
-0.50000000
-0.70000000
-0.70588235
-0.57692308
-0.59375000
-0.66666667
-0.55172414
-0.25000000
-0.58620690
-0.28571429
-1.30000000
-0.42105263
-0.53846154
-0.81818182
-0.25000000
-0.42105263
-0.45161290
-0.50000000
-0.45454545
-0.50000000
-0.55555556
-0.50000000
-0.66666667
-1.23076923
-0.29411765
-0.40909091
-0.82608696
-0.37500000
-0.56250000
-0.60000000
-0.44827586
-0.56521739
-0.42424242
-0.06250000
-0.32352941
-0.53846154
-0.17647059
-0.09090909
-0.40909091
-0.28571429
-0.27272727
-0.77777778
-0.40000000
-0.43750000
-0.36363636
-0.58333333
-0.33333333
-0.40000000
-0.45833333
-0.26086957
-0.31578947
-0.47222222
-0.25925926
-0.40000000
-0.40740741
-0.61764706
-0.51515152
-0.55813953
-0.60000000
-0.40740741
-0.50000000
-0.76000000
-0.36363636
-0.46666667
-0.17391304
-0.50000000
-0.33333333
-0.40909091
-0.35714286
-0.31578947
-0.55172414
-0.55555556
-0.48148148
-0.65517241
-0.47826087
-0.52631579
-0.34615385
-0.41666667
-0.40000000
-0.37500000
-0.42307692
-0.29411765
-0.38095238
-0.68750000
-0.63157895
-0.57142857
-0.43636364
-1.20000000
-0.80952381
-0.75000000
-0.85714286
-0.85714286
-0.63636364
-0.56410256
-0.50000000
-0.63636364
-0.14285714
-0.39393939
-0.68421053
-0.58823529
-0.53333333
-0.45454545
-0.52380952
-0.22222222
-0.63636364
-0.44444444
-0.48000000
-0.61538462
-0.75000000
-1.04761905
-0.80000000
-0.45833333
-0.47826087
-0.58823529
-0.63157895