0.888889
0.5
0.864865
0
0.72
0.666667
0.631579
0.666667
0.763636
0.610169
0.666667
0
0
0.830769
0
0.695652
0.938776
0.7
0.75
0.903226
0.875
0.769231
0.714286
0.918919
0
0.926829
0.857143
0.631579
0.8
0.833333
0
0.682927
0
0
0
0
0
0
0
0.625
0.42
0
0
0.514286
0
0.580645
0
0
0
0
0.727273
0.5
0.820513
0.580645
0.6
0.516129
0.645161
0.666667
0
0.597015
0
0.666667
0.440678
0.597701
0.487805
0.578947
0.615385
0.590164
0.711111
0.777778
0.866667
0.9
0.666667
0.642857
0.774194
0.761905
0.75
0.727273
0.478261
0.666667
0.590909
0.55
0
0
0
0.521739
0.4
0.727273
0
0.516129
0.714286
0.690909
0.753623
0.652174
0.6
0.615385
0.773333
0.75
0.583333
0
0.8
0
0.756757
0.540541
0.736842
0
0.681818
0.578947
0.545455
0.8125
0.684211
0.680851
0.588235
0.529412
0.55
0
0.571429
0
0.933333
0.78125
0.962963
0
0.956522
0
0.8
0.9
0
0.733333
0.75
0.857143
0.727273
0.761905
0.774194
0.807692
0.978723
0
0.852941
0.862745
0.642857
0.77551
0.637681
0.545455
0.552632
0.47619
0.823529
0.645161
0.418605
0
0
0
0.692308
0.833333
0.7
0
0.829268
0
0.736842
0
0.551724
0
0.742857
0.603774
0.62963
0
0.816327
0.653846
0.823529
0.772727
0.714286
0
0.769231
0.865979
0.488889
0.511628
0.258065
0.647059
0.529412
0.527778
0.62069
0
0.631579
0
0.709677
0.6875
0.628571
0.758621
0.692308
0.521739
0.833333
0.761905
0
0
0.384615
0.333333
0.470588
0.615385
0
0
0.594595
0.594595
0.827586
0.5
0.923077
0
0.857143
0.679245
0.666667
0.636364
0.654545
0.62069
0.761905
0
0
0.925373
0
1.047619
0.875
0.820513
0.5625
0.909091
0.75
0.705882
0.666667
0.888889
0
0.769231
0.851064
0.666667
0.857143
0.774194
0
0.585366
0
0
0
0
0
0
0
0.575758
0.425532
0
0
0.564103
0
0.580645
0
0
0
0
0.576271
0.529412
0.842105
0.8
0.588235
0.440678
0.424242
0.731707
0
0.625
0
0.631579
0.413793
0.518519
0.517647
0.585366
0.64
0.690909
0.857143
0.777778
0.8
0.8
0.833333
0.518519
0.6875
0.777778
0.75
0.695652
0.518519
0.533333
0.565217
0.5
0
0
0
0.740741
0.333333
0.333333
0
0.508475
0.733333
0.666667
0.811594
0.608696
0.666667
0.428571
0.777778
0.851852
0.56
0
0.702703
0
0.789474
0.545455
0.756757
0
0.590909
0.540541
0.5
0.742857
0.809524
0.68
0.62963
0.432432
0.461538
0
0.55814
0
0.933333
0.878788
0.962963
0
0.869565
0
0.8
0.847458
0
0.709677
0.666667
0.608696
0.583333
0.8
0.787879
0.830189
0.978723
0
0.835821
0.823529
0.703704
0.716981
0.588235
0.557377
0.74359
0.5
0.716981
0.6
0.454545
0
0
0
0.62069
0.833333
0.651163
0
0.756757
0
0.666667
0
0.580645
0
0.666667
0.745098
0.827586
0
0.791667
0.690909
0.864865
0.714286
0.518519
0
0.717949
0.714286
0.564103
0.521739
0.258065
0.57971
0.363636
0.637681
0.627907
0
0.457143
0
0.75
0.555556
0.628571
0.6875
0.615385
0.727273
0.764706
0.717949
0
0
0.48
0.358974
0.444444
0.666667
0
0
0.5
0.536585
0.923077
0.555556
0.842105
0
0.833333
0.666667
0.4
0.651163
0.571429
0.677419
0.7
0
0
0.878788
0
0.818182
0.938776
0.731707
0.8125
0.875
0.774194
0.626866
0.641509
0.888889
0
0.780488
0.782609
0.761905
0.761905
0.819672
0
0.727273
0
0
0
0
0
0
0
0.636364
0.350515
0
0
0.666667
0
0.628571
0
0
0
0
0.539683
0.473684
0.810811
0.411765
0.705882
0.472727
0.322581
0.769231
0
0.507463
0
0.941176
0.357143
0.482759
0.481928
0.761905
0.5
0.666667
0.755556
0.666667
0.625
0.571429
0.64
0.692308
0.666667
0.555556
0.75
0.666667
0.436364
1.166667
0.565217
0.418605
0
0
0
0.64
0.588235
0.388889
0
0.533333
0
0.631579
0.782609
0.565217
0.758621
0.444444
0.8
0.740741
0.615385
0
0.722222
0
0.594595
0.526316
0.666667
0
0.545455
0.647059
0.555556
0.722222
0.652174
0.518519
0.653061
0.580645
0.418605
0
0.564103
0
0.967742
0.819672
0.857143
0
1
0
0.857143
0.776119
0
0.6875
0.625
0.8
0.727273
0.780488
0.8125
0.740741
0.978723
0
0.757576
0.84
0.75
0.807692
0.575758
0.65625
0.675
0.5
0.654545
0.733333
0.333333
0
0
0
0.62069
0.833333
0.697674
0
0.769231
0
0.842105
0
0.622951
0
0
0.8
0.693878
0
0.84
0.615385
0.705882
0.790698
0.571429
0
0.594595
0.783505
0.45
0.510638
0.258065
0.55
0.470588
0.507042
0.585366
0
0.378378
0
0.71875
0.594595
0
0.827586
0.666667
0.622222
0.941176
0.444444
0
0
0.436364
0.4
0.615385
0.628571
0
0
0.555556
0.52381