0.57143000
0.44445000
0.77778000
0.58065000
0.52174000
0.36000000
0.41176000
0.55000000
0.60000000
0.54545000
0.52632000
0.46753000
0.64286000
0.59460000
0.64000000
0.57143000
0.60869000
0.52632000
0.68966000
0.82759000
0.86667000
0.49181000
0.65306000
0.84848000
0.69091000
0.94737000
0.78049000
0.33333000
0.55556000
0.38597000
0.46154000
0.56410000
0.45283000
0.50000000
0.68293000
0.70968000
0.58334000
0.42553000
0.80000000
0.41935000
0.31707000
0.53846000
0.24490000
0.37500000
0.44736000
0.46154000
0.46154000
0.49231000
0.29787000
0.87500000
0.54545000
0.27777000
0.70588000
0.41379000
0.34783000
0.37931000
0.48276000
0.58824000
0.55319000
0.49180000
0.36364000
0.40000000
0.37288000
0.40000000
0.24657000
0.43243000
0.54545000
0.44000000
0.64865000
0.75000000
0.59259000
0.75000000
0.60869000
0.58333000
0.78571000
0.52632000
0.42857000
0.60000000
0.25641000
0.61225000
0.43243000
0.33333000
0.43243000
0.52632000
0.34146000
0.30000000
0.25000000
0.51613000
0.33333000
0.41379000
0.53846000
0.45283000
0.46667000
0.47619000
0.57142000
0.41667000
0.54286000
0.57143000
0.57143000
0.68750000
0.63158000
0.58824000
0.57143000
0.45714000
0.48485000
0.40000000
0.52941000
0.57143000
0.40000000
0.68965000
0.32432000
0.72727000
0.55319000
0.37500000
0.21053000
0.50000000
0.52632000
0.50000000
0.92857000
0.65517000
0.96000000
0.55172000
0.95238000
0.58537000
0.76923000
0.66667000
0.32653000
0.83333000
0.59259000
0.84211000
0.54545000
0.70000000
0.68966000
0.65000000
0.93023000
0.68966000
0.74194000
0.69565000
0.64151000
0.43478000
0.56717000
0.46154000
0.50667000
0.30769000
0.79070000
0.42857000
0.20000000
0.50000000
0.60000000
0.70000000
0.50000000
0.54545000
0.62857000
0.47273000
0.57895000
0.44898000
0.35294000
0.29268000
0.24561000
0.68182000
0.60606000
0.48980000
0.62500000
0.56410000
0.71429000
0.59575000
0.81250000
0.68293000
0.44444000
0.52308000
0.59460000
0.47059000
0.30769000
0.20000000
0.21429000
0.44444000
0.38710000
0.31884000
0.30380000
0.50000000
0.55556000
0.82353000
0.63158000
0.55173000
0.31250000
0.74074000
0.75000000
0.34146000
0.76471000
0.36842000
0.41025000
0.47619000
0.23077000
0.23530000
0.28571000
0.43244000
0.53333000
0.53659000
0.36364000
0.51428000
0.55172000
0.44445000
0.75676000
0.48276000
0.69231000
0.62500000
0.37500000
0.47619000
0.36735000
0.48148000
0.63158000
0.33735000
0.48485000
0.78947000
0.78571000
0.90000000
0.62222000
0.63158000
0.48276000
0.83871000
0.53333000
0.46875000
0.57143000
0.75000000
0.44000000
0.72222000
0.76923000
0.31579000
0.63158000
0.37288000
0.44444000
0.42105000
0.49057000
0.35714000
0.61905000
0.58065000
0.45833000
0.47619000
0.66667000
0.40625000
0.25316000
0.47059000
0.24490000
0.45714000
0.37333000
0.37037000
0.43903000
0.51429000
0.29167000
0.62500000
0.63158000
0.19354000
0.58824000
0.55172000
0.55319000
0.25455000
0.46667000
0.75676000
0.50000000
0.55172000
0.47761000
0.37500000
0.37931000
0.39394000
0.27027000
0.41026000
0.56250000
0.54545000
0.74286000
0.75000000
0.76923000
0.62500000
0.76923000
0.34783000
0.57143000
0.62500000
0.42857000
0.60000000
0.38298000
0.29091000
0.41026000
0.37838000
0.51282000
0.46667000
0.37209000
0.43479000
0.40000000
0.31250000
0.27451000
0.21818000
0.78571000
0.36735000
0.59016000
0.46512000
0.50000000
0.23077000
0.67647000
0.80851000
0.54545000
0.78788000
0.45714000
0.62963000
0.66667000
0.50000000
0.56250000
0.41025000
0.35294000
0.58824000
0.26666000
0.62500000
0.51282000
0.42553000
0.48000000
0.41177000
0.43243000
0.50000000
0.46154000
0.52830000
0.82758000
0.80000000
0.96000000
0.50000000
0.85714000
0.58537000
0.76923000
0.70370000
0.26666000
0.80000000
0.24000000
0.63636000
0.58333000
0.68421000
0.70968000
0.80952000
0.88372000
0.70968000
0.35484000
0.60869000
0.74510000
0.40816000
0.52308000
0.43333000
0.50000000
0.21622000
0.66667000
0.29630000
0.24390000
0.52174000
0.62069000
0.63415000
0.38095000
0.54545000
0.57895000
0.46154000
0.40000000
0.45283000
0.33333000
0.36842000
0.26666000
0.59575000
0.62500000
0.42553000
0.69231000
0.64865000
0.68293000
0.45833000
0.74286000
0.66667000
0.15385000
0.50000000
0.54054000
0.35714000
0.27778000
0.28572000
0.21429000
0.40625000
0.26666000
0.54546000
0.30769000
0.62500000
0.35294000
0.82353000
0.65517000
0.43750000
0.25000000
0.60000000
0.66667000
0.40000000
0.75000000
0.34286000
0.37838000
0.37209000
0.24490000
0.32433000
0.37210000
0.64706000
0.51064000
0.45000000
0.33333000
0.35897000
0.59259000
0.37500000
0.77778000
0.66667000
0.72727000
0.41667000
0.34285000
0.36585000
0.54902000
0.51724000
0.44444000
0.40816000
0.38710000
0.81081000
0.61538000
0.80000000
0.65217000
0.61538000
0.71429000
0.80000000
0.62069000
0.41935000
0.60000000
0.62500000
0.61819000
0.63158000
0.63158000
0.63158000
0.73684000
0.40678000
0.57143000
0.57143000
0.41666000
0.34483000
0.40000000
0.37500000
0.56000000
0.62222000
0.80000000
0.50794000
0.36145000
0.39216000
0.25926000
0.52632000
0.29333000
0.34482000
0.42857000
0.30770000
0.23077000
0.58824000
0.44068000
0.45714000
0.66666000
0.37500000
0.51064000
0.42308000
0.35714000
0.82353000
0.60000000
0.43333000
0.36620000
0.66667000
0.29091000
0.28169000
0.20290000
0.53659000
0.54545000
0.54167000
0.64865000
0.30769000
0.48276000
0.33333000
0.59259000
0.69565000
0.55172000
0.25000000
0.42857000
0.63636000
0.24000000
0.75472000
0.46154000
0.25000000
0.51282000
0.41379000
0.48889000
0.45455000
0.40000000
0.31250000
0.32000000
0.28571000
0.38462000
0.45283000
0.70968000
0.48781000
0.74074000
0.24000000
0.65789000
0.55319000
0.52174000
0.72727000
0.58824000
0.52000000
0.51428000
0.38889000
0.43750000
0.42105000
0.52941000
0.58065000
0.42424000
0.70588000
0.50000000
0.44898000
0.60870000
0.20690000
0.29268000
0.50981000
0.55556000
0.60714000
0.96552000
0.71428000
0.69231000
0.75000000
0.90000000
0.72222000
0.83333000
0.71186000
0.26923000
0.76923000
0.59259000
0.77778000
0.45455000
0.56410000
0.73333000
0.68292000
0.88372000
0.66667000
0.60000000
0.73913000
0.67925000
0.50000000
0.49231000
0.50794000
0.46154000
0.27027000
0.56522000
0.37037000
0.15789000
0.69768000
0.59259000
0.78049000
0.42105000
0.36364000
0.54054000
0.53846000
0.55556000
0.41509000
0.66667000
0.50000000
0.22951000
0.59091000
0.54545000
0.47826000
0.60869000
0.61111000
0.76190000
0.47826000
0.68750000
0.65000000
0.29630000
0.45714000
0.45714000
0.54118000
0.33333000
0.23256000
0.21429000
0.41667000
0.45161000
0.46377000
0.37838000
0.25807000
0.40000000
0.88571000
0.67797000
0.41176000
0.38710000
0.71429000
0.63158000
0.43902000
0.90909000
0.25807000
0.41177000
0.41860000
0.30188000
0.30303000
0.32653000
0.48485000
0.62222000
0.68292000
0.30303000
0.35000000