-0.28571429
-1.00000000
-0.47368421
-0.36363636
-0.50000000
-0.62962963
-0.68421053
-0.67441860
-0.51612903
-0.53125000
-0.45454545
-0.52380952
-0.55000000
-0.35294118
-0.53846154
-0.45454545
-0.21739130
-0.77777778
-0.52941176
-0.29411765
-0.12500000
-0.61111111
-0.44444444
-0.25000000
-0.41379310
-0.13636364
-0.30434783
-0.83333333
-0.63636364
-0.62500000
-0.65000000
-0.75000000
-0.62068966
-0.92307692
-0.36363636
-0.47058824
-0.60869565
-0.70833333
-0.25000000
-0.65714286
-0.83333333
-0.58823529
-0.88000000
-0.80952381
-0.62222222
-0.70588235
-1.33333333
-0.65306122
-1.25000000
-0.25000000
-0.51724138
-0.70833333
-0.50000000
-0.75000000
-0.60714286
-0.83333333
-0.56250000
-0.68181818
-0.59259259
-0.66666667
-0.71428571
-0.75000000
-0.92857143
-0.82500000
-0.79069767
-0.66666667
-0.50000000
-0.74074074
-0.36363636
-0.22222222
-0.33333333
-0.20000000
-0.50000000
-0.53846154
-0.37500000
-0.70000000
-0.50000000
-0.50000000
-0.80769231
-0.50000000
-0.70000000
-0.68181818
-0.78947368
-0.48484848
-0.75000000
-0.71428571
-0.90000000
-0.64705882
-0.84615385
-0.68750000
-0.46666667
-0.68965517
-0.44444444
-0.65517241
-0.50000000
-1.10000000
-0.55263158
-0.53846154
-0.72727273
-0.43750000
-0.52631579
-0.48387097
-0.55000000
-0.63636364
-0.45000000
-0.89473684
-0.65000000
-0.86666667
-1.15384615
-0.52941176
-0.72727273
-0.47826087
-0.62500000
-0.87500000
-0.76000000
-0.55172414
-0.47826087
-0.54545455
-0.12500000
-0.35294118
-0.23076923
-0.47058824
-0.18181818
-0.68181818
-0.42857143
-0.30303030
-0.85714286
-0.33333333
-0.43750000
-0.18181818
-0.66666667
-0.38095238
-0.40000000
-0.40000000
-0.21739130
-0.31578947
-0.38888889
-0.40740741
-0.46666667
-0.55555556
-0.70588235
-0.66666667
-0.65116279
-0.80000000
-0.25925926
-0.72222222
-0.88000000
-0.81818182
-0.46666667
-0.52173913
-0.50000000
-0.58333333
-0.54545455
-0.64285714
-0.63157895
-0.70000000
-0.72222222
-0.77777778
-0.93103448
-0.56521739
-0.52631579
-0.57692308
-0.62500000
-0.50000000
-0.41666667
-0.50000000
-0.29411765
-0.52380952
-0.68750000
-0.56410256
-0.52380952
-0.61818182
-1.60000000
-0.95238095
-0.81250000
-0.74285714
-0.92857143
-0.90909091
-0.89743590
-0.62500000
-0.59090909
-0.22857143
-0.48484848
-0.63157895
-0.76470588
-0.46666667
-0.54545455
-0.95238095
-0.33333333
-0.59090909
-0.94444444
-0.60000000
-0.96153846
-0.93750000
-1.09523810
-1.06666667
-0.70833333
-0.56521739
-0.82352941
-0.57894737
-0.57142857
-0.87500000
-0.36842105
-0.40909091
-0.35714286
-0.51851852
-0.68421053
-0.65116279
-0.67741935
-0.56250000
-0.36363636
-0.73809524
-0.75000000
-0.20588235
-0.46153846
-0.27272727
-0.34782609
-0.61111111
-0.64705882
-0.29411765
-0.50000000
-0.63888889
-0.51851852
-0.30000000
-0.72413793
-0.40909091
-0.26086957
-0.83333333
-0.54545455
-0.65625000
-0.65000000
-0.80000000
-0.65517241
-1.07692308
-0.45454545
-0.41176471
-0.82608696
-0.66666667
-0.50000000
-0.71428571
-0.75000000
-0.61764706
-0.88000000
-0.57142857
-0.68888889
-0.76470588
-1.46666667
-0.57142857
-1.35000000
-0.37500000
-0.62068966
-0.87500000
-0.60000000
-0.68750000
-0.50000000
-0.83333333
-0.68750000
-0.59090909
-0.55555556
-0.57575758
-0.71428571
-0.87500000
-0.89285714
-0.65000000
-0.74418605
-0.66666667
-0.44444444
-0.48148148
-0.27272727
-0.22222222
-0.26666667
-0.30000000
-0.35714286
-0.92307692
-0.50000000
-0.60000000
-0.50000000
-0.50000000
-0.73076923
-0.76666667
-0.80000000
-0.77272727
-0.89473684
-0.57575758
-0.78571429
-0.50000000
-0.80000000
-0.94117647
-0.88461538
-0.81250000
-0.33333333
-0.75862069
-0.47222222
-0.65517241
-0.64285714
-1.50000000
-0.39473684
-0.26923077
-0.81818182
-0.37500000
-0.84210526
-0.48387097
-0.50000000
-0.63636364
-0.50000000
-0.84210526
-0.80000000
-0.93333333
-1.30769231
-0.52941176
-0.50000000
-0.73913043
-0.66666667
-0.87500000
-0.64000000
-0.55172414
-0.56521739
-0.57575758
-0.25000000
-0.26470588
-0.23076923
-0.76470588
-0.45454545
-0.63636364
-0.42857143
-0.30303030
-0.82142857
-0.40000000
-0.62500000
-0.72727273
-0.58333333
-0.47619048
-0.40000000
-0.36000000
-0.30434783
-0.42105263
-0.61111111
-0.44444444
-0.46666667
-0.70370370
-0.73529412
-0.66666667
-0.72093023
-0.80000000
-0.44444444
-0.77777778
-0.80000000
-0.77272727
-0.40000000
-0.52173913
-0.56250000
-0.50000000
-0.59090909
-0.60714286
-0.68421053
-0.66666667
-0.83333333
-0.62962963
-0.93103448
-0.73913043
-0.52631579
-0.65384615
-0.50000000
-0.55000000
-0.45833333
-0.61538462
-0.41176471
-0.61904762
-0.87500000
-0.61538462
-0.61904762
-0.67272727
-1.26666667
-1.00000000
-0.81250000
-0.80000000
-1.00000000
-0.66666667
-0.87179487
-0.62500000
-0.81818182
-0.22857143
-0.45454545
-0.63157895
-0.88235294
-0.80000000
-0.63636364
-0.61904762
-0.33333333
-0.54545455
-0.83333333
-0.76000000
-0.76923077
-1.06250000
-0.90476190
-0.80000000
-0.58333333
-0.78260870
-1.00000000
-0.84210526
-0.28571429
-1.12500000
-0.36842105
-0.36363636
-0.42857143
-0.62962963
-1.00000000
-0.76744186
-0.67741935
-0.59375000
-0.54545455
-0.80952381
-0.65000000
-0.17647059
-0.53846154
-0.18181818
-0.17391304
-0.61111111
-0.35294118
-0.35294118
-0.43750000
-0.63888889
-0.59259259
-0.45000000
-0.48275862
-0.40909091
-0.34782609
-0.58333333
-0.36363636
-0.62500000
-0.50000000
-0.75000000
-0.75862069
-1.00000000
-0.63636364
-0.52941176
-0.73913043
-0.50000000
-0.25000000
-0.65714286
-0.83333333
-0.67647059
-0.84000000
-0.57142857
-0.75555556
-0.76470588
-1.60000000
-0.77551020
-1.60000000
-0.87500000
-0.79310345
-0.75000000
-0.45000000
-0.87500000
-0.60714286
-0.73333333
-0.68750000
-0.40909091
-0.40740741
-0.66666667
-0.85714286
-0.50000000
-0.89285714
-0.90000000
-0.81395349
-0.61904762
-0.61111111
-0.59259259
-0.31818182
-0.55555556
-0.60000000
-0.80000000
-0.64285714
-0.61538462
-0.56250000
-0.90000000
-0.50000000
-0.50000000
-0.88461538
-0.30000000
-0.75000000
-0.77272727
-0.57894737
-0.60606061
-0.60714286
-0.57142857
-0.70000000
-0.88235294
-0.76923077
-0.84375000
-0.73333333
-0.75862069
-0.33333333
-0.62068966
-0.28571429
-1.40000000
-0.52631579
-0.53846154
-0.81818182
-0.31250000
-0.47368421
-0.58064516
-0.65000000
-0.59090909
-0.65000000
-0.73684211
-0.70000000
-0.73333333
-1.23076923
-0.47058824
-0.59090909
-0.95652174
-0.41666667
-0.81250000
-0.72000000
-0.55172414
-0.52173913
-0.54545455
-0.06250000
-0.38235294
-0.46153846
-0.29411765
-0.09090909
-0.50000000
-0.28571429
-0.30303030
-0.96428571
-0.40000000
-0.56250000
-0.36363636
-0.83333333
-0.52380952
-0.40000000
-0.48000000
-0.26086957
-0.36842105
-0.50000000
-0.33333333
-0.40000000
-0.51851852
-0.76470588
-0.60606061
-0.72093023
-0.75000000
-0.55555556
-0.50000000
-0.84000000
-0.45454545
-0.53333333
-0.26086957
-0.75000000
-0.66666667
-0.59090909
-0.53571429
-0.52631579
-0.73333333
-0.66666667
-0.66666667
-0.96551724
-0.65217391
-0.52631579
-0.50000000
-0.50000000
-0.40000000
-0.41666667
-0.61538462
-0.41176471
-0.52380952
-0.75000000
-0.74358974
-0.61904762
-0.60000000
-1.26666667
-1.04761905
-0.81250000
-0.97142857
-0.92857143
-0.72727273
-0.71794872
-0.81250000
-0.77272727
-0.17142857
-0.45454545
-0.73684211
-0.82352941
-0.66666667
-0.63636364
-0.76190476
-0.22222222
-0.77272727
-0.72222222
-0.68000000
-0.84615385
-0.81250000
-1.19047619
-0.86666667
-0.62500000
-0.47826087
-0.82352941
-0.89473684