-0.64285714
-1.00000000
-0.57894737
-0.36363636
-0.64285714
-0.96296296
-0.78947368
-0.74418605
-0.58064516
-0.56250000
-0.45454545
-0.73809524
-0.66666667
-0.32352941
-0.53846154
-0.45454545
-0.82608696
-0.77777778
-0.58823529
-0.29411765
-0.12500000
-0.66666667
-0.59259259
-0.25000000
-0.51724138
-0.13636364
-0.30434783
-0.91666667
-0.72727273
-0.90625000
-0.66666667
-0.75000000
-0.68965517
-1.07692308
-0.63636364
-0.47058824
-0.56521739
-0.83333333
-0.25000000
-0.77142857
-0.91666667
-0.63636364
-1.00000000
-0.80952381
-0.66666667
-0.70588235
-1.46666667
-0.64583333
-1.35000000
-0.25000000
-0.75862069
-0.79166667
-0.50000000
-0.81250000
-0.85714286
-1.03333333
-0.75000000
-0.68181818
-0.64000000
-0.69696970
-0.91428571
-0.87500000
-1.07142857
-0.85000000
-0.90476190
-0.71428571
-0.64285714
-0.85185185
-0.36363636
-0.22222222
-0.86666667
-0.30000000
-0.66666667
-0.69230769
-0.37500000
-0.70000000
-0.75000000
-0.58333333
-0.84615385
-0.56666667
-0.70000000
-0.77272727
-1.05882353
-0.60606061
-0.78571429
-0.85714286
-0.90000000
-0.64705882
-0.92307692
-0.71875000
-0.66666667
-0.75862069
-0.72222222
-0.72413793
-0.50000000
-1.10000000
-0.60526316
-0.53846154
-0.81818182
-0.50000000
-0.57894737
-0.51612903
-0.60000000
-0.68181818
-0.80000000
-1.00000000
-0.60000000
-0.86666667
-1.15384615
-0.52941176
-0.95454545
-0.47826087
-0.66666667
-1.06250000
-0.80000000
-0.58620690
-0.56521739
-0.66666667
-0.12500000
-0.38235294
-0.30769231
-0.58823529
-0.18181818
-0.68181818
-0.42857143
-0.33333333
-0.96296296
-0.33333333
-0.50000000
-0.18181818
-0.66666667
-0.42857143
-0.46666667
-0.41666667
-0.21739130
-0.31578947
-0.47222222
-0.48148148
-0.46666667
-0.77777778
-0.70588235
-0.66666667
-0.69767442
-0.95000000
-0.25925926
-0.77777778
-0.92000000
-0.86363636
-0.60000000
-0.52173913
-0.81250000
-0.83333333
-0.59090909
-0.75000000
-0.84210526
-0.79310345
-1.05555556
-0.88888889
-0.93103448
-0.65217391
-0.57894737
-0.57692308
-0.66666667
-0.50000000
-0.50000000
-0.50000000
-0.29411765
-0.52380952
-0.68750000
-0.65789474
-0.57142857
-0.83636364
-1.53333333
-0.95238095
-0.81250000
-0.82857143
-1.00000000
-1.06060606
-1.00000000
-0.68750000
-0.63636364
-0.25714286
-0.48484848
-0.63157895
-0.94117647
-0.46666667
-0.63636364
-0.85714286
-0.44444444
-0.90909091
-1.16666667
-0.64000000
-1.03846154
-1.06250000
-1.09523810
-1.06666667
-0.75000000
-0.60869565
-0.82352941
-0.57894737
-0.78571429
-0.87500000
-0.36842105
-0.54545455
-0.35714286
-0.66666667
-0.73684211
-0.72093023
-0.74193548
-0.59375000
-0.36363636
-0.90476190
-0.77777778
-0.20588235
-0.46153846
-0.27272727
-0.78260870
-0.66666667
-0.70588235
-0.35294118
-0.62500000
-0.72222222
-0.51851852
-0.30000000
-0.75862069
-0.40909091
-0.30434783
-0.91666667
-0.63636364
-0.87500000
-0.72222222
-0.80000000
-0.72413793
-1.15384615
-0.63636364
-0.41176471
-0.73913043
-0.66666667
-0.62500000
-0.88571429
-0.83333333
-0.63636364
-1.04000000
-0.66666667
-0.82222222
-0.88235294
-1.60000000
-0.66666667
-1.40000000
-0.37500000
-0.68965517
-0.95833333
-0.75000000
-0.81250000
-0.60714286
-0.86666667
-0.81250000
-0.59090909
-0.80000000
-0.60606061
-0.85714286
-1.00000000
-0.92857143
-0.77500000
-0.95238095
-0.80952381
-0.64285714
-0.66666667
-0.27272727
-0.22222222
-0.26666667
-0.40000000
-0.50000000
-1.00000000
-0.56250000
-0.60000000
-0.75000000
-0.50000000
-0.76923077
-0.96666667
-0.85000000
-0.81818182
-1.05882353
-0.72727273
-0.78571429
-0.64285714
-0.80000000
-0.94117647
-0.92307692
-0.87500000
-0.33333333
-0.79310345
-0.63888889
-0.72413793
-0.71428571
-1.60000000
-0.42105263
-0.30769231
-0.90909091
-0.43750000
-0.89473684
-0.51612903
-0.55000000
-0.63636364
-0.70000000
-0.94444444
-0.95000000
-0.93333333
-1.30769231
-0.70588235
-0.81818182
-1.00000000
-0.87500000
-0.93750000
-0.64000000
-0.55172414
-0.56521739
-0.60606061
-0.25000000
-0.26470588
-0.30769231
-0.88235294
-0.45454545
-0.63636364
-0.42857143
-0.33333333
-0.92592593
-0.40000000
-0.75000000
-0.81818182
-0.58333333
-0.47619048
-0.46666667
-0.37500000
-0.30434783
-0.42105263
-0.91666667
-0.55555556
-0.46666667
-0.85185185
-0.73529412
-0.75757576
-0.81395349
-0.95000000
-0.51851852
-0.88888889
-0.88000000
-0.77272727
-0.53333333
-0.60869565
-0.75000000
-0.75000000
-0.59090909
-0.89285714
-0.89473684
-0.72413793
-1.05555556
-0.62962963
-1.06896552
-0.82608696
-0.52631579
-0.69230769
-0.62500000
-0.55000000
-0.50000000
-0.61538462
-0.47058824
-0.66666667
-0.87500000
-0.63157895
-0.66666667
-0.83636364
-1.26666667
-1.04761905
-0.81250000
-0.85714286
-1.07142857
-0.69696970
-0.97435897
-0.62500000
-0.81818182
-0.25714286
-0.45454545
-0.68421053
-1.00000000
-0.86666667
-0.72727273
-0.80952381
-0.33333333
-0.90909091
-0.83333333
-0.76000000
-0.92307692
-1.12500000
-0.90476190
-0.80000000
-0.62500000
-0.86956522
-1.00000000
-0.94736842
-0.64285714
-1.12500000
-0.52631579
-0.36363636
-0.42857143
-0.74074074
-1.00000000
-0.83720930
-0.67741935
-0.68750000
-0.63636364
-0.97619048
-0.83333333
-0.17647059
-0.53846154
-0.18181818
-0.78260870
-0.61111111
-0.41176471
-0.41176471
-0.43750000
-0.77777778
-0.66666667
-0.45000000
-0.62068966
-0.36363636
-0.47826087
-0.58333333
-0.36363636
-0.90625000
-0.55555556
-0.75000000
-0.75862069
-1.07692308
-0.68181818
-0.82352941
-0.56521739
-0.54166667
-0.25000000
-0.68571429
-0.91666667
-0.69696970
-0.96000000
-0.71428571
-0.84444444
-0.94117647
-1.73333333
-0.85416667
-1.65000000
-0.87500000
-0.86206897
-0.79166667
-0.45000000
-1.00000000
-0.75000000
-0.80000000
-0.68750000
-0.40909091
-0.64000000
-0.72727273
-1.00000000
-0.50000000
-1.00000000
-0.97500000
-0.85714286
-0.80952381
-0.78571429
-0.59259259
-0.31818182
-0.88888889
-1.00000000
-0.80000000
-0.75000000
-0.69230769
-0.62500000
-0.90000000
-0.75000000
-0.58333333
-0.96153846
-0.33333333
-0.80000000
-0.95454545
-0.82352941
-0.66666667
-0.64285714
-0.64285714
-0.90000000
-0.88235294
-0.84615385
-0.96875000
-0.80000000
-0.79310345
-0.41666667
-0.72413793
-0.28571429
-1.50000000
-0.63157895
-0.57692308
-0.90909091
-0.31250000
-0.52631579
-0.61290323
-0.70000000
-0.81818182
-0.75000000
-0.83333333
-0.85000000
-0.80000000
-1.30769231
-0.52941176
-0.63636364
-1.00000000
-0.45833333
-1.00000000
-0.76000000
-0.62068966
-0.56521739
-0.57575758
-0.06250000
-0.41176471
-0.61538462
-0.35294118
-0.09090909
-0.50000000
-0.28571429
-0.30303030
-1.03703704
-0.40000000
-0.56250000
-0.45454545
-0.83333333
-0.66666667
-0.46666667
-0.50000000
-0.26086957
-0.36842105
-0.55555556
-0.44444444
-0.40000000
-0.51851852
-0.76470588
-0.66666667
-0.81395349
-0.90000000
-0.59259259
-0.94444444
-0.92000000
-0.45454545
-0.53333333
-0.39130435
-0.75000000
-0.83333333
-0.63636364
-0.67857143
-0.57894737
-0.79310345
-0.77777778
-0.70370370
-1.03448276
-0.82608696
-0.63157895
-0.73076923
-0.66666667
-0.40000000
-0.45833333
-0.65384615
-0.41176471
-0.52380952
-0.81250000
-0.78947368
-0.71428571
-0.72727273
-1.26666667
-1.04761905
-0.81250000
-0.97142857
-1.00000000
-0.84848485
-0.79487179
-0.81250000
-0.81818182
-0.20000000
-0.45454545
-0.78947368
-0.94117647
-0.73333333
-0.63636364
-0.90476190
-0.22222222
-0.86363636
-0.88888889
-0.68000000
-1.00000000
-0.93750000
-1.23809524
-0.93333333
-0.62500000
-0.47826087
-0.94117647
-0.89473684