0.847787588831
0.219934981868
0.653464385377
0.772215135963
0.782791262127
0.736481752047
0.644973841244
0.689547901476
0.691003675874
0.732769593386
0.687093886336
0.921247904957
0.880963443577
0.758708598595
0.665001726837
0.264314655669
0.946403757541
0.750147691952
0.856490018958
0.933781809473
0.950604327613
0.899634340813
0.861073649843
0.933781809473
0.222173437722
1.0
0.186886213525
0.743966174629
0.710473879272
0.756604271202
0.175024935223
0.186509677596
0.752167412789
0.480992440165
0.865308084758
0.855385655931
0.678416533418
0.730517463932
0.925171580938
0.747804177471
0.62481727208
0.641592330139
0.413188074619
0.679590572742
0.748433809369
0.788111681478
0.142338945804
0.84399305859
0.175605831618
0.819513245593
0.136178202009
0.732812272232
0.765505349591
0.732273801636
0.810411755234
0.658624835479
0.756273372798
0.623369698661
0.719435464338
0.66440014134
0.142394027895
0.199733846716
0.107062799373
0.633440634565
0.71496119559
0.706953655477
0.502939340628
0.205499022169
0.166421628056
0.463159579151
0.177852448393
0.948421421883
0.705090445331
0.733313741156
0.290724582208
0.19363846325
0.93122856251
0.93122856251
0.724073300231
0.86985228255
0.169059708021
0.632782781458
0.186220965341
0.741401240025
0.686676887932
0.778293581884
0.612155404397
0.609672248203
0.503573966437
0.670822263832
0.865195182069
0.774474580904
0.881203652207
0.770734901491
0.678909369097
0.214853593747
0.138591260193
0.753867750492
0.267372331565
0.752139919349
0.134268309827
0.935086695058
0.845278994233
0.822510735152
0.772282642086
0.168817431494
0.064026064028
0.0869129922823
0.248461484739
0.834127833101
0.739225330522
0.149978254268
0.141186629694
0.212941828809
0.804355810583
0.645250750267
0.712706497621
0.842494275006
1.0
0.869778842112
0.253930769058
0.74684349459
0.96846601673
0.155921236923
0.419529139222
0.808862296553
0.692608532786
0.173852592667
0.829095192206
0.893985772405
0.599524614749
0.246983232484
0.735176774694
0.164493063363
0.235422350416
0.757650014801
0.841382242252
0.815096593557
0.749906174074
0.809614444674
0.168818809274
0.166304230115
0.589272896009
0.681481613006
0.863953512951
0.786666861257
0.60293228582
0.625633953755
0.844444147962
0.799777554067
0.858792655359
0.774381326565
0.702917044869
0.78469294195
0.806825040679
0.663413015594
0.11646716611
0.664848665819
0.683602711511
0.788702042509
0.782771804679
0.700142735076
0.208963834283
0.69712753239
0.906620130454
0.163110706658
0.897542357897
0.803117396105
0.715020577389
0.807830277489
0.772134553801
0.778052151882
0.106694013125
0.632082158908
0.448714060418
0.613063903119
0.289250550694
0.102492024333
0.601125503182
0.128858334247
0.738145434719
0.942682642702
0.879697300593
0.646760352753
0.179097376511
0.846799120351
0.271087234611
0.287831777574
0.192473924748
0.766897479107
0.193793493139
0.833092953734
0.142808475068
0.157872672287
0.095954301341
0.249933312137
0.812196001589
0.699053976365
0.701319227304
0.726563256394
0.177973135008
0.267191348524
0.246277266489
0.724241603453
0.763171336047
0.133583274832
0.603889007379
0.721031814365
0.714704988397
0.720614395409
0.772349404428
0.748904456141
0.606844715892
0.868135967801
0.148556994238
0.893912903001
0.937626264431
0.874860375587
0.752483964054
0.873739311875
0.8993645861
0.809723652201
0.88466846306
0.920536244206
0.797667381603
0.820655056677
0.817243389068
0.785623097804
0.710931833095
0.850179225166
0.171216708675
0.221839688573
0.687140065817
0.253897743864
0.870415028888
0.78569778277
0.624111505816
0.729849188768
0.758073996652
0.798794864318
0.691023841772
0.11106444121
0.428450988117
0.815020016521
0.739326731071
0.671600055786
0.0867312059113
0.867851799608
0.143509768205
0.602902232681
0.119166570292
0.595646125908
0.22066284666
0.84883580504
0.701719522333
0.687401918889
0.657365570973
0.21743890526
0.727323107774
0.723925722176
0.166749556991
0.206487433269
0.0951828616623
0.687774439087
0.645671192985
0.66393022364
0.502939340628
0.161031822655
0.842075761737
0.463159579151
0.774705293857
0.849727207202
0.915113304522
0.650767221702
0.172777691481
0.713979695588
0.93122856251
0.848294766292
0.650787181082
0.727728781516
0.178221784886
0.646178000682
0.620735132674
0.711339599581
0.622270874961
0.820071181471
0.520681883083
0.131706593697
0.52032982808
0.703341929807
0.783161982801
0.730898550971
0.765594338787
0.745692130275
0.0810868165237
0.153397016978
0.170735427903
0.816932871829
0.055361378985
0.811234770458
0.780501681474
0.981783693318
0.797841735538
0.817727645762
0.766978252766
0.231210559294
0.141753051805
0.234875152477
0.110810951558
0.812802687645
0.796976402185
0.679626703128
0.0919078157046
0.217509587612
0.856996635437
0.647271959785
0.641359833518
0.779569357475
0.965497338005
0.911796426155
0.253930769058
0.714732845642
0.845146777002
0.12754049865
0.419529139222
0.88785784457
0.693954796494
0.173852592667
0.796415551747
0.170782972364
0.656833309681
0.688459001932
0.170112739206
0.204803302658
0.17897045938
0.213347870487
0.782377699884
0.87557858116
0.791159416564
0.724538922997
0.242844348509
0.131465770568
0.16690005847
0.667442025163
0.774024719161
0.740915132607
0.624441910178
0.160049457288
0.879729377533
0.771170351978
0.835281891549
0.835849322735
0.128059482254
0.875065873355
0.805800195464
0.606702133426
0.637308998549
0.700115357196
0.676099871536
0.206435492446
0.800054643174
0.783029759517
0.150470010974
0.722783288676
0.875451999463
0.7267503955
0.177073804184
0.807030788368
0.474031355906
0.657492284811
0.776878397291
0.742109430205
0.112931461372
0.659785238068
0.455837578968
0.617386871802
0.132815917616
0.177280186999
0.61740109966
0.120672697757
0.600259997243
0.914855235187
0.861444124249
0.672011493279
0.188090992493
0.731700257742
0.36155487154
0.189899154477
0.82720963621
0.820009961233
0.137247225448
0.730696524716
0.0737726720464
0.177485900784
0.161481726092
0.144210677738
0.842515277461
0.739298524435
0.690572963076
0.143318871624
0.873408151204
0.371852171305
0.229671589622
0.714365076263
0.854909863616
0.787823836482
0.493482991571
0.740508443877
0.749462893784
0.708692773808
0.777808388822
0.183098114758
0.752557590191
0.942707358311
0.665279556097
0.926737179487
0.966699441067
0.811855862473
0.869145836415
0.873739311875
0.962382021923
0.770217766491
0.704778353452
0.826586188443
0.853636581016
0.811507409969
0.821055699694
0.758981850966
0.72583044573
0.778206038864
0.724329382049
0.0941938651615
0.799772493228
0.477864980571
0.138745712126
0.771160087424
0.106766944988
0.794678067164
0.925171580938
0.701903338465
0.676385755101
0.148196920772
0.454743730812
0.728076043708
0.696818994487
0.117829060889
0.212906577292
0.789535385167
0.201500956
0.829432934384
0.19818648064
0.571146836582
0.808330934383
0.647079357651
0.802639644651
0.738710260649
0.586661267255
0.783166837074
0.779769490008
0.688117926927
0.199369111374
0.312629648115
0.483795276602
0.135749185562
0.610777070305
0.719393515485
0.421141992881
0.14886993579
0.190107657199
0.790619245041
0.200676135713
0.182354565096
0.305489745612
0.135492798504
0.241550593199
0.638401501416
0.93122856251
1.0
0.635829850155
0.922021007943
0.162988521671
0.613754209008
0.140543397457
0.717526688198
0.691380516876
0.763557819297
0.511423336373
0.144522445195
0.578130369134
0.69843125598
0.600905966917
0.794982200827
0.875306905591
0.816312875324
0.782962998479
0.153397016978
0.762606010691
0.739530644511
0.122358330357
0.82129801254
0.771528670265
0.827218352667
0.700776469118
0.832893050836
0.761633041555
0.115440734243
0.21932932926
0.109378670997
0.0561214931046
0.226431806925
0.256731024312
0.173840542246
0.719053325698
0.693849982881
0.675760115818
0.71444811626
0.684658855865
0.849778118792
1.0
0.902156087801
0.200990019425
0.879250225953
0.965497338005
0.77098779596
0.862779565669
0.240886413189
0.609168186251
0.0968228402443
0.775507472468
0.803792478508
0.502257230441
0.106237889946
0.748185818656
0.185677605956
0.147768829695
0.266696939427
0.754961372941
0.959985317359
0.736350584482
0.75701987684
0.149878289467
0.145216538311
0.188446045396
0.674975013379
0.736230872089
0.832756560136
0.560361152914
0.837018095464
0.71797644193
0.883538961229
0.798625050965
0.774381326565
0.248161574627
0.780364176021
0.806504973269
0.61672303813
0.667370824595
0.73525270556
0.721719704766
0.747570880231
0.655913921693
0.834280337788
0.258849007664
0.783338127441
0.877973103089
0.662920302014
0.841700786672
0.824237799535
0.607802618005
0.709195086486
0.693052589924
0.757944060233
0.104978464599
0.596390913312
0.455837578968
0.554899937439
0.137637559525
0.148398239102
0.729006422423
0.213973954803
0.730115538861
1.0
0.831094465671
0.153163356401
0.647689076323
0.772212432501
0.232752362681
0.255372969961
0.964840741254
0.651272862101
0.701256781319
0.68750089163
0.140657395703
0.214811650362
0.22263205794
0.267779493966
0.876959570372
0.795848324523
0.729547701116
0.235946884177
