0.172652072993
0.177681720975
0.152779489605
0.183992773488
0.179959214328
0.135293591752
0.16846038767
0.168924136912
0.150705564588
0.16935310597
0.157766511398
0.162760156412
0.217193432853
0.165193415651
0.127245197761
0.206524056477
0.15651225052
0.149757015143
0.170114655588
0.174211548807
0.209620279372
0.144908624898
0.158040072632
0.169483343347
0.144925493365
0.177888802387
0.160957131712
0.17435298608
0.177806203202
0.160798274733
0.140461829959
0.151808533359
0.177319755783
0.136784648341
0.187073086151
0.183132253323
0.147585509233
0.160302681107
0.204578870029
0.137736469429
0.140268084767
0.14110891365
0.0963669606964
0.160135606912
0.127811077271
0.195216065612
0.131313724448
0.141555246524
0.142667089744
0.19846136687
0.16690230242
0.166476165993
0.141168416318
0.157326682572
0.153295513928
0.146722021439
0.161437072131
0.171097793247
0.135846365794
0.15776051566
0.136368322235
0.199802064846
0.128090118819
0.122405947601
0.125005481438
0.150275638265
0.151498786287
0.155034156464
0.178755706942
0.201326397587
0.189459880955
0.230171319272
0.208025543834
0.175561365896
0.167255225191
0.207141974564
0.215604248692
0.189361936008
0.183364190891
0.135939602489
0.149351029196
0.171472542775
0.174118219043
0.121177586116
0.150113188211
0.199946075131
0.183093373147
0.156977634765
0.132625863238
0.134510602917
0.170314747734
0.152765347393
0.154135198367
0.142662331082
0.147721760289
0.158447852634
0.14640171608
0.142600533367
0.163890188467
0.154772184517
0.160935862985
0.186213902768
0.186879868051
0.164022697933
0.160463494806
0.150165183707
0.154285704042
0.167694179378
0.135537763912
0.176845679844
0.173095447838
0.149468745911
0.155931800296
0.150037191482
0.160921866282
0.162743333418
0.178737224509
0.150054945715
0.193800388057
0.137280850249
0.204257243775
0.169019538946
0.191547232134
0.13320588373
0.223058840304
0.161335045192
0.139220161244
0.158368140662
0.173213232744
0.20030178683
0.141545318988
0.192149552643
0.140359473364
0.135223385768
0.168692266294
0.164667820755
0.167637552243
0.185489201581
0.157671408087
0.141412838325
0.131878856688
0.136362344981
0.126626172086
0.151129687781
0.145678164248
0.163974293985
0.134062226938
0.136334896454
0.258689581601
0.173127393409
0.182108846977
0.154183834988
0.163195614878
0.155945025119
0.157524880782
0.130707477079
0.143841118016
0.212084641818
0.150241431997
0.138985380582
0.162792466889
0.137046316701
0.15529668785
0.142709059778
0.168902568498
0.155377249682
0.159001503553
0.156512408172
0.149124948195
0.139047218748
0.153035912309
0.120264592533
0.143697767834
0.148938207749
0.122133128847
0.128992826479
0.16923541776
0.140533555083
0.135612051442
0.170244562317
0.161177511614
0.155125334898
0.150378428014
0.171120964804
0.163465241632
0.171522019459
0.200336897598
0.14190293527
0.189054855701
0.168925264248
0.160151265962
0.157117877709
0.117935616756
0.1403225683
0.150712875125
0.148376701403
0.164616844689
0.135539670912
0.175980747003
0.160350804406
0.173180298604
0.180917676448
0.155159308505
0.173852817366
0.183973515845
0.133647719561
0.168491891523
0.167376390631
0.146144203065
0.165073103505
0.172901512133
0.150348332167
0.197408287953
0.171799052883
0.158038122752
0.241699013295
0.154338174961
0.160632740448
0.15636122436
0.173377190465
0.199322972855
0.149591015765
0.159987161756
0.157350035711
0.137629601875
0.161496277137
0.153694967207
0.187929669909
0.189610324358
0.162426739322
0.145511189199
0.154023931235
0.167932807624
0.127139770325
0.185943127518
0.176798269624
0.143925055014
0.151246556764
0.201344425281
0.137253287578
0.140870525356
0.143852388619
0.103871448984
0.184039189352
0.128245759952
0.173086112976
0.139390875186
0.13999708035
0.137889290082
0.171099941272
0.156314960952
0.130211457555
0.144287300515
0.166390948353
0.152889725681
0.141479006542
0.162316918362
0.172237002741
0.138502652338
0.162442804775
0.139679726521
0.203953790108
0.125278399752
0.119904380143
0.119450489753
0.138674412903
0.151498786287
0.158791936053
0.189389205112
0.201326397587
0.178568333022
0.21561992432
0.243328012686
0.16482326646
0.149339642241
0.19683794838
0.215604248692
0.184482140382
0.184011136319
0.129911370106
0.149529907938
0.177566439109
0.168531869719
0.126609053311
0.155197440778
0.212265593663
0.160992921014
0.143079517692
0.130667370838
0.129094111068
0.173893035424
0.145082299542
0.145273202551
0.148564612277
0.148299456304
0.15251540169
0.147375751611
0.154594295526
0.16542758342
0.157674367746
0.151314166988
0.18899855462
0.175136379421
0.153781663104
0.167497056135
0.143710857765
0.165727205339
0.168865982151
0.136896831178
0.178564042357
0.165034431909
0.159208208587
0.152990145544
0.157894116532
0.166142826948
0.162057900786
0.165524542655
0.141266287431
0.195845894948
0.139571916878
0.204257243775
0.17117076282
0.179316996218
0.133481779001
0.223058840304
0.170600118118
0.130655647555
0.158368140662
0.168102587031
0.175675047285
0.165093848623
0.187132091327
0.145177755907
0.140421964653
0.16535321444
0.155385966577
0.169344447132
0.18679671795
0.159980221956
0.126979806117
0.132510833903
0.138420555753
0.133035749745
0.148667149137
0.141114798558
0.150790664017
0.135265423039
0.137638077822
0.250793942711
0.167818322015
0.173279010342
0.166668565467
0.158679388337
0.154176808495
0.160719247228
0.121899959419
0.141560535771
0.220539947757
0.150702648006
0.135625222797
0.163072010592
0.137070692713
0.165293999198
0.132983162698
0.166679853536
0.151456808636
0.166969389095
0.155038472648
0.10971028683
0.141561410617
0.158166747369
0.11851350386
0.138919611692
0.147053571242
0.124440663869
0.12684824479
0.158665706801
0.139386103638
0.13314756172
0.163626068332
0.136638134995
0.148270036894
0.146975080331
0.169684402535
0.163514158478
0.166976374575
0.193178712466
0.161575035732
0.185498725368
0.16991092297
0.163192945488
0.15556229786
0.118480486125
0.1382103406
0.146354795584
0.154565103571
0.178563864048
0.14197291901
0.184025702059
0.170000224471
0.179912811185
0.251719411139
0.168125715372
0.177131216981
0.185623372588
0.134308488842
0.165458631771
0.16158244052
0.14272245601
0.173921401372
0.184337107702
0.148985000152
0.227588722262
0.181774576793
0.138578272353
0.246038022527
0.157075556266
0.152986526446
0.16919600397
0.173377190465
0.205083205034
0.147984666575
0.14734762133
0.149828058208
0.145666298085
0.160905745064
0.156978980069
0.183012043331
0.186249307648
0.159395320393
0.153268775778
0.156074200266
0.171995098618
0.128700694599
0.168584064553
0.17492198018
0.148467110636
0.158438267671
0.204578870029
0.134321878089
0.141597997942
0.133474490991
0.107584853969
0.190866171038
0.129177113279
0.19830315316
0.136503400803
0.141599645281
0.131462684903
0.186700104918
0.151016943911
0.139800628262
0.140306398874
0.151848117843
0.159242376912
0.145614667184
0.156613541358
0.18075664992
0.138581866894
0.165130506679
0.140144219989
0.209871471073
0.12112906097
0.123155373463
0.116727880504
0.147355620376
0.146268896261
0.158759052632
0.177387253085
0.204043117871
0.177913095864
0.194516838097
0.204094017904
0.172279182781
0.148363757415
0.196187998335
0.215604248692
0.198359451624
0.171716520563
0.144282865035
0.153425398563
0.178534471639
0.171626408744
0.124933391079
0.154899456206
0.210163983353
0.171664648345
0.151971317822
0.13724547538
0.133940528941
0.15833305347
0.156357185523
0.149782010695
0.153602955164
0.153545236318
0.15251540169
0.148037866577
0.141584271911
0.162012502839
0.156849895831
0.154246389578
0.180536805569
0.167335510022
0.163693507948
0.170568184503
0.152652278332
0.159316751829
0.159898472103
0.150559020086
0.187749407967
0.171408021152
0.141662636727
0.160397138846
0.153039660708
0.151786361997
0.16632877551
0.158843151014
0.143587249742
0.191224257106
0.137230565186
0.193204127337
0.180830450771
0.192975861179
0.146330376832
0.236895078781
0.160097278436
0.126336807689
0.158220302133
0.168296101186
0.201265264549
0.122542478837
0.188324022035
0.148020758296
0.14206695262
0.169169204296
0.158560132331
0.160244607713
0.189153065227
0.146491372134
0.133430117321
0.132927841336
0.13687850934
0.137905282912
0.147525865875
0.141042787168
0.160294640599
0.13363753927
0.144197826811
0.231397731469
0.178754943611
0.164416062125
0.154183834988
0.160703594458
0.149520776089
0.155850344211
0.122757053295
0.140316742969
0.223364686118
0.150791322333
0.133651589457
0.145365890839
0.131876683779
0.15741839265
0.135159327486
0.16748243746
0.137084190766
0.153819055226
0.149761448907
0.127364527567
0.132762349147
0.145526574516
0.118439121105
0.134240548703
0.1527859342
0.124440663869
0.125698920977
0.157570943576
0.143219051436
0.13758376524
0.162005218855
0.158523632064
0.153090737932
0.144769366992
0.159940562043
0.1670231982
0.174261753249
0.207176549184
0.157284548469
0.205095360584
0.144017804033
0.163761267086
0.151948767212
0.119533846333
0.140815996303
0.160837431283
0.154655941512
0.171373553101
0.144848344841
0.187564569598
0.163107323884
