0.847787588831
0.558287916125
0.623131553803
0.777730649944
0.757715112608
0.776651333728
0.663136079376
0.705952360157
0.663665751633
0.782554683757
0.681848958391
0.892664458342
0.795075027622
0.740706357992
0.65821396554
0.72673650876
0.949974421893
0.788790458386
0.835913396304
0.938437176307
0.9325712755
0.858624390466
0.82340859425
0.91558228207
0.878388093206
0.980895476784
0.900944086766
0.641478128689
0.685298054711
0.79213676343
0.686980387029
0.717731088961
0.739420590311
0.580404019181
0.852281337686
0.763335474606
0.679230022132
0.75735988436
0.791442538997
0.740569362182
0.648226879097
0.656518716913
0.473734194266
0.640484942211
0.713548178944
0.728079254721
0.698418289943
0.76756133126
0.760847721484
0.73871794407
0.786854587021
0.687312715396
0.790657575376
0.700982432533
0.767517426811
0.6989938424
0.753718267163
0.632520724743
0.729176835328
0.699142644456
0.706914903358
0.718073905253
0.656481494026
0.662316432091
0.701762911369
0.669362976072
0.463665994022
0.720972444916
0.810837579762
0.859199829724
0.841874989687
0.948421421883
0.629032221989
0.7631559124
0.854306546898
0.755317229388
0.886020722847
0.858307246565
0.675766838449
0.825237519042
0.734986731614
0.661994442387
0.732993983131
0.722508952802
0.661508367859
0.718597911929
0.590794938056
0.636984049592
0.5274808467
0.719915859769
0.831657466496
0.77914649725
0.885323406466
0.687854898787
0.70498844954
0.623593966537
0.805302323165
0.790502561365
0.715076883138
0.692262075135
0.819447680169
0.878473552203
0.833717377685
0.763446043613
0.749199276555
0.683780048486
0.715029607605
0.757434434558
0.600114862371
0.850030537764
0.737373085807
0.754396088478
0.767762814083
0.702232947188
0.737669165295
0.72249057586
0.668019223097
0.775563328389
0.963899650239
0.849384790433
0.828057378119
0.733987195233
0.96846601673
0.616858110707
0.818382711616
0.78836167998
0.669257418311
0.850002529543
0.852754258449
0.893985772405
0.548383443045
0.826691711395
0.743086941126
0.738555166569
0.918637937437
0.775247128137
0.839419052821
0.809813360026
0.76648133047
0.791322230015
0.710267291307
0.690135710597
0.640494897887
0.675969445121
0.865219486016
0.749455070009
0.600597850115
0.632049914682
0.815682305691
0.804122141152
0.770452387668
0.750286574842
0.746016308621
0.821841789162
0.823953271133
0.634994597209
0.754262052201
0.684167079457
0.677518766724
0.795455830226
0.75479878704
0.735294216683
0.752171881292
0.704588472297
0.882978083397
0.789196509634
0.897602486759
0.821579149181
0.680499356663
0.747715619717
0.747437546145
0.773712958504
0.639959704352
0.642449296031
0.432964339462
0.635429463633
0.694429728332
0.751983635942
0.630587924183
0.806072148943
0.717054822564
0.882556063298
0.870741362246
0.676389895865
0.78495964756
0.829125898128
0.784899122174
0.646645808738
0.870472177292
0.774091811092
0.650735841789
0.816514066201
0.551579443861
0.556239889661
0.617435721
0.686866758032
0.767988010916
0.707745540902
0.675779842886
0.737063805431
0.882322740258
0.629153714844
0.707814129472
0.730077672948
0.783127659504
0.816502472688
0.662085823852
0.730849922436
0.681959641194
0.71356480001
0.779121387748
0.751298088642
0.661739484676
0.855675469111
0.816858703446
0.870868922503
0.923215841674
0.857787983683
0.743504768451
0.89608118222
0.865019982286
0.845467197168
0.837414270596
0.881775540791
0.788953777787
0.809670733967
0.837205706303
0.76685625219
0.737913944087
0.800704618614
0.678016998367
0.7130803042
0.707836886675
0.500622982723
0.85302537766
0.770216688407
0.652138902233
0.716435551125
0.777422576743
0.782723653365
0.728660323726
0.625477145683
0.480904327191
0.792288389686
0.722960839203
0.643375086459
0.721155064435
0.795409131307
0.774521713668
0.553051361574
0.753837076905
0.504630609459
0.785506676599
0.806463617986
0.701199560804
0.672120599115
0.660017192745
0.732629691827
0.734997917918
0.729194892587
0.771015729693
0.768450429192
0.623070159615
0.703688783511
0.67853485696
0.665981356477
0.463665994022
0.784700342661
0.830747648933
0.859199829724
0.814657861021
0.853867630373
0.915113304522
0.677508201216
0.770397324615
0.706190830189
0.886020722847
0.811686113893
0.661908724254
0.73260796552
0.740443572051
0.686734594804
0.639871845099
0.739748513327
0.598256331972
0.805738536921
0.490289987566
0.509151551225
0.52462569072
0.726541960395
0.811973220934
0.713801640881
0.79577601651
0.692226428869
0.733595971106
0.530199599684
0.826643810669
0.851140837519
0.710526554038
0.764720953703
0.788229787758
0.942650033756
0.812276428595
0.733893892357
0.760246278887
0.60045148781
0.710018712316
0.773666795396
0.560305333178
0.833867606624
0.808166412406
0.707348226916
0.751746207704
0.722547161301
0.744450380607
0.696251126855
0.662952815044
0.68366309439
0.930965291062
0.898596005044
0.828057378119
0.72939470883
0.845610306826
0.66897939653
0.818382711616
0.850783863397
0.679953414792
0.850002529543
0.765766439626
0.692858471858
0.680677069997
0.759818097773
0.759151790351
0.817488350768
0.885288525117
0.711801005241
0.791198774686
0.86907201158
0.789721390559
0.709577762791
0.711450738589
0.686406696895
0.678933907985
0.668561715905
0.777686230888
0.679300683174
0.616826905341
0.672041722008
0.83146019151
0.777206094757
0.797822596243
0.843211266276
0.738142428755
0.869076624864
0.778505441322
0.574038199945
0.642671008641
0.697293462128
0.713390486115
0.744412363935
0.734913498371
0.797217528604
0.893356792078
0.726494114214
0.823764336812
0.751371906429
0.936801040846
0.785337566532
0.430505567543
0.662030198789
0.754533964012
0.734745056746
0.625975751655
0.647559998463
0.43396432336
0.635493895054
0.618586824485
0.80267223995
0.636260170729
0.739148201895
0.562410561157
0.887332603758
0.857933088174
0.69963853425
0.697837980481
0.759267632936
0.702027959914
0.797839636066
0.811240233514
0.820495994852
0.706531373736
0.752122262422
0.662042296416
0.579729724064
0.571098493102
0.696362205702
0.822420031871
0.701494576992
0.705259585834
0.745571774082
0.847471636919
0.685481444651
0.747287623875
0.764900245012
0.81715756937
0.792342266247
0.523214032219
0.752841685027
0.695779946196
0.735212194319
0.790445106196
0.918146147727
0.747836433405
0.900537163219
0.675667400917
0.926737179487
0.970270105419
0.819924216292
0.819602366465
0.89608118222
0.922785965124
0.807924279207
0.723171328906
0.797935942706
0.848826079564
0.845381503348
0.822075198507
0.744397668312
0.716027780375
0.792307257765
0.775470893588
0.775826295067
0.727951235759
0.573701427412
0.794948803775
0.758053979107
0.718307071976
0.810898887779
0.791442538997
0.713905043849
0.674843299387
0.564783326813
0.509325136485
0.740346327289
0.68120195467
0.717112573871
0.764620464765
0.730841263545
0.735344128752
0.783560787573
0.733140234943
0.514870155292
0.763874914275
0.670180650787
0.783227472286
0.701024079277
0.601497637513
0.771291293051
0.781170112616
0.72748217237
0.709731660803
0.796915604248
0.514302249016
0.632006230346
0.628726373079
0.712754921599
0.462649681784
0.770288408488
0.775797030704
0.721802922071
0.758040028978
0.664864488825
0.695530788606
0.71630029849
0.739655287921
0.630098862791
0.886020722847
0.958814887774
0.680162692375
0.899484750853
0.767783948042
0.668637085583
0.701730515971
0.735272546863
0.651096577562
0.730366392045
0.466085561508
0.547478754327
0.591081390158
0.734864892309
0.591137547723
0.779598633213
0.874270150108
0.723569501473
0.805183916578
0.530199599684
0.804960492396
0.783389200956
0.662594786629
0.773840766839
0.803940199872
0.81331030301
0.720111831269
0.791464745342
0.770832917963
0.643270551249
0.774510618148
0.695195048219
0.646623302088
0.882658988796
0.85714205461
0.631565222788
0.739414916384
0.694793054375
0.670305189101
0.730500529893
0.64357855408
0.760521294517
1.0
0.852179831121
0.763767439454
0.89039779109
0.965497338005
0.770315131314
0.862779565669
0.79704400653
0.632311378071
0.803122886299
0.766379962146
0.759998907667
0.435931909416
0.809847861721
0.771626706291
0.800199922768
0.881967455684
0.743766014057
0.774905057577
0.936350576438
0.777737401955
0.751329459658
0.652007466806
0.669347409252
0.666243311858
0.645053818024
0.758393497249
0.741723901771
0.565336535566
0.816471419443
0.732210450592
0.850884535799
0.714693770799
0.750286574842
0.727597017126
0.783847488408
0.826537485568
0.614406618573
0.689624635342
0.709599581705
0.736932189874
0.735875408284
0.651077073474
0.851327290762
0.774369902716
0.746618836417
0.871156221542
0.692113800084
0.825230729588
0.820834805324
0.574332008894
0.73294134681
0.632762154417
0.734262508865
0.552040171233
0.6192750312
0.43396432336
0.584982672634
0.612267491768
0.713359615162
0.711793208579
0.701003106752
0.674834071608
0.958491060128
0.8404700682
0.652800224405
0.681404415305
0.74163355325
0.785093495534
0.778529785548
0.91932143362
0.598409233886
0.707126986763
0.720347252265
0.679819246325
0.608367267783
0.577375651196
0.693940923733
0.818103055403
0.787756865856
0.744617351889
0.72526056724
