0.147525028444
0.157377659513
0.132223123031
0.16596707844
0.152590355305
0.107386016646
0.148170806926
0.147362234546
0.126424543248
0.148850476327
0.134666243781
0.141336139652
0.196050561275
0.139419093257
0.100955592741
0.18200111073
0.132425074772
0.124320790356
0.149665874516
0.1492225562
0.188905440809
0.122441501656
0.136881815777
0.145242721947
0.121417589692
0.161409703054
0.13854635295
0.151173439824
0.154813553541
0.137900516119
0.117166533119
0.131650897857
0.156587137337
0.110173042066
0.168566139684
0.164955769248
0.124098313844
0.137023387677
0.179602668049
0.112855452564
0.116497478612
0.119630935815
0.0730209589451
0.146420612875
0.104919079466
0.179890560586
0.104947525813
0.120139884832
0.120171651175
0.17348082477
0.145222797244
0.145496310872
0.11982018039
0.136383433867
0.129739491645
0.124083341454
0.140856659269
0.145655256439
0.11160104012
0.137340955703
0.113322629791
0.18415908602
0.103357482965
0.0976377303049
0.0980592864852
0.129817344907
0.132650139995
0.135445292343
0.160112277918
0.160687916093
0.1641527564
0.209004736152
0.18918570221
0.157440063604
0.140333060672
0.179273161537
0.187703388714
0.17188974115
0.162131789295
0.112710560053
0.124553902958
0.150626707183
0.154012781535
0.0958920220839
0.126435211376
0.176975203901
0.168758229175
0.130108205935
0.109940206451
0.108832633002
0.142127156391
0.128674058088
0.134513244831
0.115190800877
0.122081707094
0.132134236795
0.120763035754
0.121607193348
0.140943886943
0.136156788857
0.135221274513
0.166640000286
0.171579682453
0.142891630805
0.134578040405
0.130803744649
0.133348301821
0.145218759415
0.114801004696
0.155574153289
0.1493363122
0.126804445282
0.132348209066
0.127247096218
0.137791466084
0.141078043634
0.158371342351
0.127701079383
0.175645859747
0.113903498567
0.188433636124
0.146084005154
0.172867893949
0.107303235321
0.202604765765
0.137550515085
0.112727670468
0.137752859963
0.151745276727
0.179221824309
0.109467815898
0.172446406712
0.119281642441
0.109264051931
0.146693809201
0.139647614
0.147766295166
0.163222649855
0.136121722071
0.117346862552
0.106253784492
0.111866553143
0.0993464557701
0.128061775186
0.118154902003
0.143701888452
0.107586383013
0.107898610217
0.24053818045
0.149301796007
0.154958904986
0.130215730366
0.139069282529
0.132284805824
0.129473643308
0.108681265849
0.115274764342
0.191806563705
0.126127012664
0.114140363636
0.142481226774
0.115911737405
0.133489628699
0.117744723573
0.146972354563
0.132325306354
0.13315901244
0.132952803316
0.126146875535
0.113862865411
0.131188923146
0.0940884639416
0.120911621629
0.125182797008
0.0971261467001
0.10160661011
0.147737343264
0.116164994515
0.112705127071
0.148979222855
0.139164175193
0.134821035197
0.124431606277
0.149625838161
0.140541954518
0.143765530224
0.177358928304
0.114182033511
0.168383805494
0.147357246537
0.137912034969
0.132454853463
0.0918563658558
0.114263406681
0.125661626172
0.124739959687
0.140440455811
0.116507588126
0.157161514804
0.136401281766
0.147412012162
0.161071294253
0.133592657299
0.153487598061
0.158060927211
0.106406271884
0.148401072818
0.146690090773
0.123802649003
0.143721655704
0.148884501298
0.127899741653
0.180430598572
0.145672700679
0.132283350486
0.218479804187
0.130659303037
0.138222873467
0.129947806061
0.151581973697
0.177491182693
0.126683983876
0.138452435483
0.133023531411
0.112716239495
0.146430921812
0.132112334791
0.167489272924
0.169491755904
0.137485945393
0.122864776321
0.132501620593
0.14585901869
0.0977965205447
0.168926042833
0.157040531058
0.119468668613
0.128353537131
0.178333586388
0.111377126393
0.117449425479
0.122760732759
0.081279189224
0.168901313499
0.10577297781
0.157985697118
0.115883273275
0.118174352579
0.115240126418
0.147710744609
0.134769786657
0.106937213057
0.126777919859
0.143909600336
0.131280279108
0.118499017718
0.144030663466
0.145590499823
0.113901454641
0.14338618829
0.11601795139
0.187644782777
0.100580403909
0.0962200003999
0.090968783302
0.118656765979
0.132650139995
0.138169311582
0.17236822659
0.160687916093
0.154800269691
0.194879305096
0.228764056259
0.147953014267
0.119238538647
0.169389854216
0.187703388714
0.171164766792
0.163566162746
0.104015318833
0.12575952181
0.156896105354
0.148590779771
0.101566826972
0.133628582283
0.19364399228
0.139755409436
0.119166786968
0.10942097115
0.102786494377
0.148112836107
0.120145022749
0.124114031515
0.12288766073
0.121715287683
0.127462820946
0.121797591407
0.134051548312
0.142365292526
0.136852400892
0.126091184289
0.167669650762
0.158802907641
0.129894423425
0.139343320913
0.122327710297
0.14318521743
0.144137538765
0.11512353074
0.157646322344
0.138893808672
0.139270070851
0.129894567127
0.13610702745
0.144084195646
0.138827085661
0.145807072884
0.119180055518
0.177202283416
0.116445759026
0.188433636124
0.15144133979
0.161543165577
0.109865960846
0.202604765765
0.14930906106
0.104815274994
0.137752859963
0.145499853406
0.148522023941
0.136304813273
0.165301013696
0.124468092025
0.113350249653
0.144210825812
0.130470777297
0.148992513002
0.165003759335
0.13777720136
0.100809554705
0.106358639137
0.112732796893
0.106312797808
0.126417403308
0.11563302141
0.131534196589
0.109286472958
0.109334835215
0.231255829235
0.143798616514
0.146308649803
0.140614594105
0.133541153808
0.130513990464
0.133333401158
0.100244049834
0.114325087736
0.200552248577
0.126971239622
0.111814518406
0.141294425812
0.115212451498
0.1438433924
0.106154435483
0.145084237358
0.128208524699
0.142011697915
0.1338330851
0.0855944101685
0.118450138799
0.133622219991
0.0928505028678
0.114073932721
0.123363025919
0.102163304228
0.100086523734
0.133733428791
0.113609187528
0.109787425211
0.13944562437
0.114588437358
0.126848743
0.121790241431
0.148394445903
0.139166614064
0.143410365211
0.169192928161
0.136027904011
0.165954893147
0.148685502685
0.141294977927
0.132934725192
0.0924772091759
0.113568397383
0.119647608609
0.132082963159
0.155739971673
0.119739013607
0.163537737716
0.149674539965
0.154259326765
0.236700755144
0.147821431972
0.159690150615
0.159815983814
0.10578913277
0.147208730555
0.140614802354
0.116662804887
0.153955449076
0.161838843368
0.126141405403
0.210979176318
0.159713020088
0.113616671689
0.220660160932
0.133767842456
0.129904755503
0.143096506753
0.151581973697
0.182697335075
0.125731702017
0.122878880132
0.126316418561
0.123059924114
0.14276124957
0.135824206389
0.166123233176
0.164431498581
0.135319401207
0.129699271643
0.135474624764
0.149360568546
0.103975158772
0.148449704185
0.153438152537
0.124452957482
0.134084705517
0.179602668049
0.109853276766
0.118818791486
0.107513192021
0.083529811464
0.17717665439
0.105979085224
0.180831774774
0.110676416075
0.121160552651
0.108114693071
0.165949315847
0.130007223682
0.118041971614
0.11830299598
0.129415241213
0.138225456067
0.124166426002
0.135994587302
0.152342469919
0.112988174131
0.145538489031
0.118122713236
0.189527017584
0.0942427935832
0.0985680922182
0.0864500076759
0.126059940117
0.125291335983
0.139265942065
0.158528750592
0.171733702424
0.152291657605
0.171441564272
0.186060638088
0.156448999693
0.120119042397
0.167322419029
0.187703388714
0.180556057608
0.150001638452
0.120598645601
0.129232316473
0.158346700652
0.150970307327
0.0989903904144
0.132900231968
0.189846244108
0.15722780196
0.129075733031
0.114596399355
0.109238944615
0.134559021501
0.133262916315
0.130232875405
0.127794412726
0.127999856572
0.127462820946
0.121482389869
0.120720067518
0.137554746143
0.134270452573
0.131313352722
0.159886492185
0.150277661425
0.14387139246
0.145679830083
0.131649858386
0.138602518531
0.13380444699
0.128645639338
0.167650087818
0.145687999686
0.118769549213
0.136549559042
0.133475606812
0.128187009243
0.145995341602
0.135908000864
0.121273752503
0.173557031542
0.11381741749
0.174926084819
0.159670663711
0.176435500991
0.117115856647
0.213527365547
0.138593395203
0.0989761474183
0.137132523211
0.145232192694
0.176997039871
0.0947287946349
0.166824869251
0.128756737539
0.11485849985
0.14653481532
0.132320943148
0.138796002435
0.167326495891
0.122885716491
0.109763884893
0.1069629391
0.112125842933
0.112267085935
0.123992708647
0.11597427028
0.140686799717
0.10898961348
0.114780996755
0.208319001132
0.154983611437
0.134861901522
0.130215730366
0.135910723782
0.126381334757
0.127315209337
0.0995586254299
0.111590188482
0.200461781954
0.12748720848
0.109857542724
0.123688786508
0.109506884364
0.134036143416
0.109084935522
0.145735847826
0.112544354526
0.127315141242
0.126715041252
0.102789550936
0.107737437443
0.124912372066
0.0924506153547
0.110153798178
0.130228747341
0.102163304228
0.0968874818129
0.136872333066
0.118007812167
0.113807472189
0.138731951243
0.13706810752
0.132167219262
0.119694810993
0.137822436317
0.142953899326
0.152632771577
0.187621202488
0.132014379473
0.189661946154
0.121392835941
0.137363789939
0.12813796997
0.0940232817
0.114207013442
0.138081344505
0.132877779536
0.147830073232
0.121540259967
0.168446476453
0.14173596262
