0.847787588831
0.201729167212
0.653464385377
0.772215135963
0.782791262127
0.736481752047
0.642009612255
0.689547901476
0.691003675874
0.730924423964
0.686373706682
0.921247904957
0.880963443577
0.758708598595
0.665001726837
0.252756086052
0.946403757541
0.748195605741
0.856490018958
0.933781809473
0.950604327613
0.899634340813
0.861073649843
0.933781809473
0.199728328722
1.0
0.165277177784
0.743966174629
0.710473879272
0.7525452017
0.155380340948
0.166145659197
0.752167412789
0.341686818914
0.865308084758
0.855385655931
0.678416533418
0.730517463932
0.925171580938
0.747804177471
0.623883816218
0.638315572825
0.401458173384
0.679590572742
0.744371530933
0.788111681478
0.111039125084
0.84399305859
0.15267982694
0.8
0.117735358374
0.732812272232
0.760895406017
0.732273801636
0.810411755234
0.658624835479
0.756273372798
0.623369698661
0.719435464338
0.66440014134
0.120474933144
0.18059651112
0.0962462737956
0.631295659212
0.71496119559
0.706953655477
0.48758147893
0.195596792031
0.1417599856
0.445501334139
0.158829006406
0.948421421883
0.705090445331
0.727960909806
0.271506850212
0.1675053706
0.93122856251
0.93122856251
0.724073300231
0.86985228255
0.15995839752
0.632782781458
0.167708091727
0.741401240025
0.686676887932
0.778293581884
0.612155404397
0.597435598694
0.503573966437
0.670521295773
0.865195182069
0.774474580904
0.881203652207
0.770734901491
0.678909369097
0.199565679907
0.114601993676
0.753867750492
0.26417727183
0.752139919349
0.115480349757
0.935086695058
0.845278994233
0.822510735152
0.772282642086
0.145672556109
0.0379230167917
0.0651769076254
0.229976975023
0.830728224094
0.735241674411
0.126086422142
0.117704413891
0.188537911324
0.804355810583
0.643435796878
0.712706497621
0.842494275006
1.0
0.869778842112
0.225267420544
0.74684349459
0.96846601673
0.139386293645
0.391175044344
0.808862296553
0.692608532786
0.154150925198
0.829095192206
0.893985772405
0.586526945552
0.213801867859
0.735176774694
0.133989957159
0.195505545012
0.757650014801
0.841382242252
0.815096593557
0.749906174074
0.809614444674
0.14272300282
0.142087610621
0.587309210103
0.681481613006
0.863953512951
0.786666861257
0.60293228582
0.625633953755
0.844444147962
0.798903020853
0.858792655359
0.764140452941
0.699850709789
0.78469294195
0.806825040679
0.663413015594
0.0951953127713
0.664848665819
0.683602711511
0.784591145318
0.782771804679
0.697824162477
0.171946050614
0.696818288621
0.906620130454
0.131308635295
0.897542357897
0.799107400147
0.715020577389
0.807830277489
0.772134553801
0.778052151882
0.092585199889
0.632082158908
0.448714060418
0.613063903119
0.316788581866
0.0738521189896
0.601125503182
0.134237724749
0.738145434719
0.942682642702
0.879697300593
0.646760352753
0.162085140067
0.838513492565
0.254420897386
0.169110745473
0.162019519509
0.766897479107
0.172922723393
0.833092953734
0.126291541941
0.127302445503
0.0573565175398
0.236587908493
0.812196001589
0.696509922662
0.701319227304
0.726563256394
0.161985429789
0.125160314469
0.230562787398
0.724241603453
0.763171336047
0.0981654890073
0.603889007379
0.721031814365
0.714704988397
0.720614395409
0.771629224774
0.748904456141
0.602222576971
0.868135967801
0.120043647586
0.893912903001
0.937626264431
0.874860375587
0.752483964054
0.870059742968
0.8993645861
0.809723652201
0.88466846306
0.920536244206
0.797667381603
0.820655056677
0.817243389068
0.785623097804
0.705412479734
0.850179225166
0.144328326832
0.197440844541
0.687140065817
0.224182101912
0.870415028888
0.78569778277
0.624111505816
0.729849188768
0.758073996652
0.798794864318
0.691023841772
0.0806762013936
0.420206564559
0.815020016521
0.735760387793
0.671600055786
0.0499052981319
0.867851799608
0.123368722088
0.583388987088
0.107243383521
0.595646125908
0.210959759011
0.84883580504
0.701719522333
0.687401918889
0.657365570973
0.19892975017
0.727323107774
0.723925722176
0.137808697005
0.164413990174
0.122567336108
0.687774439087
0.645671192985
0.66393022364
0.48758147893
0.141004758754
0.842075761737
0.445501334139
0.768198540856
0.849727207202
0.915113304522
0.650767221702
0.139441139122
0.704240309219
0.93122856251
0.848294766292
0.650787181082
0.727728781516
0.231325715162
0.646178000682
0.620735132674
0.70979802897
0.622270874961
0.820071181471
0.520681883083
0.0996204309216
0.52032982808
0.703341929807
0.783161982801
0.730898550971
0.765594338787
0.745692130275
0.136577858245
0.123526083505
0.148248264643
0.815529321649
0.0189059452793
0.811234770458
0.775045581892
0.981783693318
0.797841735538
0.817727645762
0.766978252766
0.211117309573
0.116692615281
0.219042869994
0.0871216498879
0.812802687645
0.796976402185
0.679626703128
0.0713038343828
0.193800940639
0.856996635437
0.641368787166
0.641359833518
0.779569357475
0.965497338005
0.911796426155
0.225267420544
0.714732845642
0.845146777002
0.10461044539
0.391175044344
0.88785784457
0.686136362449
0.154150925198
0.796415551747
0.135226250262
0.632874662958
0.680827862206
0.147825672687
0.186421095862
0.161891358939
0.182693781157
0.782377699884
0.87557858116
0.791159416564
0.724538922997
0.228610423096
0.0999633448049
0.141196352177
0.667442025163
0.77158137947
0.740915132607
0.624441910178
0.134923716694
0.879729377533
0.771170351978
0.823402523429
0.826746323958
0.107124115268
0.875065873355
0.805800195464
0.606702133426
0.637308998549
0.700115357196
0.676099871536
0.178770217852
0.800054643174
0.783029759517
0.130816594915
0.722783288676
0.875451999463
0.721529128573
0.159147392096
0.807030788368
0.474031355906
0.657492284811
0.776878397291
0.742109430205
0.0942044140958
0.659785238068
0.455837578968
0.617386871802
0.0975734098534
0.152229698166
0.617166444614
0.0937881839108
0.600259997243
0.914855235187
0.861444124249
0.672011493279
0.168265544627
0.731671621006
0.348366756246
0.165217772531
0.82720963621
0.820009961233
0.106866025143
0.730696524716
0.0499567920107
0.153174235541
0.149888034081
0.128303677696
0.842515277461
0.739298524435
0.690572963076
0.122349719359
0.873408151204
0.365424144231
0.203020049513
0.711967742475
0.854909863616
0.784500389213
0.493482991571
0.739494065155
0.749462893784
0.708692773808
0.771629224774
0.155415985794
0.747187409525
0.942707358311
0.665279556097
0.926737179487
0.966699441067
0.811855862473
0.869145836415
0.870059742968
0.962382021923
0.770217766491
0.704778353452
0.826586188443
0.848847940861
0.811507409969
0.821055699694
0.758981850966
0.72583044573
0.774586136832
0.721681189864
0.0615879633618
0.799772493228
0.303579060134
0.123118585307
0.771160087424
0.0661245382428
0.794678067164
0.925171580938
0.701903338465
0.676385755101
0.119248362874
0.448508762358
0.728076043708
0.693252651209
0.0955107360961
0.193907804903
0.789535385167
0.181242436954
0.829432934384
0.177097640608
0.571146836582
0.808330934383
0.647079357651
0.802639644651
0.738710260649
0.586661267255
0.783166837074
0.774904909702
0.688117926927
0.170494336184
0.293288715092
0.480944919311
0.100462157564
0.610777070305
0.719393515485
0.416142587411
0.13372702938
0.180118253911
0.790619245041
0.18205404825
0.153304526197
0.282233420674
0.121901898236
0.219670181427
0.638401501416
0.93122856251
1.0
0.635829850155
0.922021007943
0.141699538218
0.613754209008
0.133442133294
0.715985117587
0.691380516876
0.763557819297
0.511423336373
0.127697639195
0.578130369134
0.694941201469
0.59558980546
0.794982200827
0.875306905591
0.816312875324
0.778165646217
0.123526083505
0.756463843768
0.73812709433
0.0980735367715
0.82129801254
0.771528670265
0.827218352667
0.700776469118
0.832893050836
0.754050712592
0.0841431655266
0.199225334418
0.0728055439497
0.0176397684261
0.20009462246
0.232282067209
0.159287154784
0.716829782724
0.693849982881
0.675760115818
0.71444811626
0.684658855865
0.849778118792
1.0
0.902156087801
0.185397178213
0.879250225953
0.965497338005
0.77098779596
0.862779565669
0.213882094721
0.606892919214
0.0661314994158
0.775507472468
0.803792478508
0.488931021979
0.0871635153874
0.748185818656
0.178714769745
0.128834627872
0.238483793019
0.754961372941
0.959985317359
0.735124182317
0.75701987684
0.135272753966
0.129583414834
0.16700045942
0.674975013379
0.736036945806
0.832756560136
0.560361152914
0.837018095464
0.71797644193
0.883538961229
0.798625050965
0.764140452941
0.226208129974
0.780364176021
0.806504973269
0.61672303813
0.667370824595
0.73525270556
0.721719704766
0.747570880231
0.651251547352
0.828672410671
0.236464972752
0.783338127441
0.877973103089
0.655273828061
0.841700786672
0.824237799535
0.607802618005
0.709195086486
0.693052589924
0.757944060233
0.082520362854
0.591762033565
0.455837578968
0.548390145931
0.126519569902
0.114613809709
0.729006422423
0.19958581935
0.730115538861
1.0
0.831094465671
0.130502449778
0.644796529803
0.766436533384
0.210057931505
0.250162872872
0.964840741254
0.651272862101
0.695923969976
0.68750089163
0.122991861663
0.192929539048
0.210580222128
0.253908274733
0.876959570372
0.795848324523
0.729547701116
0.222679356179
