0.847787588831
0.113839416447
0.653464385377
0.772215135963
0.770800203962
0.725531759859
0.636685983983
0.689547901476
0.691003675874
0.722546070579
0.686373706682
0.921247904957
0.880963443577
0.750182915105
0.642848136017
0.196505628315
0.946403757541
0.734227201388
0.856490018958
0.933781809473
0.950604327613
0.891833576097
0.851391797224
0.933781809473
0.116207184661
1.0
0.0894588735501
0.743966174629
0.710473879272
0.74569554833
0.184906401948
0.176126386763
0.752167412789
0.444535036866
0.833333333333
0.855385655931
0.668809916583
0.724832913736
0.925171580938
0.740905946907
0.618164390565
0.625009780878
0.382309953274
0.679590572742
0.744371530933
0.788111681478
0.0909090909091
0.84399305859
0.115170128531
0.8
0.0803002513511
0.732812272232
0.760895406017
0.714189494549
0.810411755234
0.646183178745
0.726312166737
0.609255457171
0.689947518837
0.659984726322
0.0898161175346
0.0543879357834
0.0719453134164
0.621906595069
0.699625294736
0.673694065033
0.48758147893
0.113556888444
0.122714409485
0.285714285714
0.147471970572
0.948421421883
0.705090445331
0.727960909806
0.222222222222
0.135712251715
0.93122856251
0.93122856251
0.724073300231
0.86985228255
0.076449121741
0.619291547275
0.171736679308
0.731242297639
0.686676887932
0.778293581884
0.612155404397
0.595754054726
0.480369241717
0.66557180587
0.85198393167
0.771089341026
0.877228495787
0.756373152047
0.658015596262
0.166355504978
0.0842607892023
0.751056116813
0.154956092542
0.752139919349
0.0911576777038
0.935086695058
0.845278994233
0.807917344793
0.772282642086
0.0769230769231
0.058520043893
0.0197415177335
0.220976531215
0.830728224094
0.734143257503
0.0985887826251
0.0950082455208
0.180561953671
0.79203024577
0.632578769148
0.712706497621
0.830713653155
1.0
0.869778842112
0.208106305255
0.732992799785
0.96846601673
0.0720969564672
0.266003463405
0.808862296553
0.687234941919
0.111111111111
0.820555332895
0.893985772405
0.586526945552
0.193351130007
0.723168503651
0.117647058824
0.181412250415
0.744123896032
0.834933839042
0.807670901509
0.742278255025
0.809614444674
0.0866787641333
0.102677056534
0.557393138261
0.670783275844
0.855495532549
0.786666861257
0.576337915855
0.603063811169
0.844444147962
0.794640293675
0.858792655359
0.764140452941
0.699850709789
0.778566350822
0.797469221998
0.652628230829
0.0409878570446
0.656137381213
0.683602711511
0.783821580114
0.782771804679
0.686401413944
0.0666666666667
0.693597254857
0.906620130454
0.0444266693696
0.897542357897
0.799107400147
0.715020577389
0.79819825855
0.772134553801
0.773643574048
0.0612984087428
0.617723636706
0.448714060418
0.60190831043
0.256499370391
0.049672698171
0.598803689947
0.0597257971828
0.729358742034
0.942682642702
0.879697300593
0.627356484875
0.0901133694958
0.838513492565
0.203551449364
0.159765377889
0.126411239439
0.766897479107
0.0964548328363
0.833092953734
0.169472302567
0.137685287819
0.0203340237823
0.123175441716
0.812196001589
0.696509922662
0.701319227304
0.726563256394
0.2
0.081129076216
0.202556590571
0.724241603453
0.753377691571
0.073310588582
0.590037022374
0.721031814365
0.714704988397
0.710979289017
0.771629224774
0.748588576359
0.580083198964
0.868135967801
0.127138178846
0.893912903001
0.937626264431
0.859817478592
0.736900495244
0.870059742968
0.8993645861
0.803279542219
0.873216251913
0.909090909091
0.792502040348
0.820655056677
0.817243389068
0.785623097804
0.705412479734
0.850179225166
0.098313407459
0.115580580289
0.673845717299
0.142857142857
0.86052908697
0.78569778277
0.608809191525
0.722592542047
0.758073996652
0.798794864318
0.677981750508
0.124222277756
0.394371939337
0.815020016521
0.717114071505
0.671600055786
0.0608434089973
0.867851799608
0.0938736204592
0.583388987088
0.0769230769231
0.595646125908
0.188888896765
0.84883580504
0.684563039792
0.677849495692
0.628282747906
0.163651330259
0.701558075725
0.723925722176
0.0839488248604
0.142857142857
0.0734305327477
0.683236029821
0.6281528137
0.637797688292
0.48758147893
0.123669935501
0.842075761737
0.285714285714
0.750336879804
0.849727207202
0.915113304522
0.632641945631
0.509707930563
0.704240309219
0.93122856251
0.848294766292
0.639611858114
0.725585623838
0.184679943211
0.62430118872
0.620735132674
0.699057277313
0.622270874961
0.820071181471
0.493292744512
0.0369914293157
0.491998609805
0.700818204555
0.766313744479
0.73029914658
0.762237895852
0.733382059323
0.0833333333333
0.244887590126
0.153396999717
0.815529321649
0.0
0.811234770458
0.775045581892
0.981783693318
0.784901923216
0.810200649238
0.766978252766
0.134092447832
0.0648271326573
0.270746449394
0.0689562155965
0.803051176619
0.796976402185
0.663566301032
0.039478623889
0.160427461968
0.856996635437
0.6338504613
0.632296008285
0.7779636643
0.965497338005
0.905307169081
0.208106305255
0.69092491
0.845146777002
0.034871389476
0.266003463405
0.88785784457
0.676665911261
0.111111111111
0.786322990744
0.135226250262
0.632874662958
0.657975377491
0.104182871543
0.100603824721
0.140062624341
0.172742684322
0.776222405911
0.87557858116
0.784045846481
0.724538922997
0.168169711861
0.0493042188208
0.0994149592274
0.654110343139
0.769880459648
0.740915132607
0.594799565472
0.142104467717
0.879729377533
0.762439249654
0.823402523429
0.826746323958
0.0491704398047
0.875065873355
0.792611763301
0.588583954441
0.612682599378
0.700115357196
0.67093942026
0.0873080405471
0.800054643174
0.783029759517
0.143451233686
0.712741099354
0.875451999463
0.713362074892
0.137400802785
0.807030788368
0.454253337718
0.650024809759
0.776878397291
0.735690487135
0.0329239394282
0.642331565698
0.455837578968
0.600588543411
0.0694475175011
0.0836485421706
0.610345028628
0.0596520572039
0.590008855777
0.91023258197
0.861444124249
0.650986653809
0.131605765587
0.722030444487
0.375
0.159608882498
0.82720963621
0.806700652503
0.0735559426047
0.711188820065
0.0273163223707
0.0519642670305
0.185688808032
0.0616588154724
0.822207994202
0.725916060297
0.690572963076
0.0833766579819
0.852460949214
0.365424144231
0.245373729002
0.710338064976
0.854909863616
0.775347275334
0.481006715639
0.736253027841
0.749462893784
0.700429362108
0.771629224774
0.122481078965
0.747187409525
0.942707358311
0.644972097845
0.926737179487
0.966699441067
0.79788745812
0.869145836415
0.870059742968
0.962382021923
0.760459449755
0.672300977223
0.826586188443
0.848847940861
0.802114540197
0.821055699694
0.758981850966
0.70986503163
0.766723172683
0.702264337773
0.0338323671943
0.78470215029
0.285714285714
0.0333961185117
0.761064830294
0.0641080134449
0.788630861563
0.925171580938
0.691368055471
0.660039461114
0.11961035703
0.426447022685
0.728076043708
0.679673691266
0.0370631691622
0.0
0.789535385167
0.224302223481
0.829432934384
0.166585297243
0.571146836582
0.808330934383
0.638742530554
0.802639644651
0.738710260649
0.540872758457
0.767641171436
0.764559252271
0.675764374598
0.159260452066
0.234724021757
0.46698284976
0.101926615569
0.594333312064
0.692101960621
0.388963170835
0.104086088163
0.146010957926
0.790619245041
0.191485844004
0.115076475172
0.224406615765
0.11107376132
0.188389053424
0.616129241752
0.93122856251
1.0
0.633308085016
0.922021007943
0.0928542277175
0.597757357701
0.133639067
0.706140434799
0.691380516876
0.763557819297
0.511423336373
0.114748455907
0.551739840243
0.689991711566
0.581522185027
0.794982200827
0.875306905591
0.80195112588
0.768747697443
0.244887590126
0.756463843768
0.73812709433
0.0961038162219
0.82129801254
0.771528670265
0.814456168087
0.6848027805
0.819342045503
0.754050712592
0.0697318780307
0.263618683496
0.0193909277956
0.0
0.188215990686
0.19627180257
0.0851297726285
0.702753812591
0.67774618367
0.664730305934
0.699505124336
0.671193079099
0.849778118792
1.0
0.902156087801
0.122814066921
0.857142857143
0.965497338005
0.77098779596
0.862779565669
0.155788594435
0.590398875582
0.0233704832256
0.775507472468
0.775803791521
0.488931021979
0.0234946688034
0.733602878489
0.103795853837
0.127849595095
0.207730920709
0.748806078968
0.959985317359
0.717421609825
0.75701987684
0.0783602775965
0.138352706297
0.132448770451
0.659584329416
0.732330392548
0.817838300366
0.512504388448
0.829818245714
0.682918783109
0.883538961229
0.783884339648
0.764140452941
0.0866798079342
0.771168397319
0.797149154589
0.59483130945
0.644969330097
0.72421824585
0.716248838273
0.747570880231
0.63654491089
0.818841699612
0.199168177429
0.783338127441
0.877973103089
0.640694921202
0.841700786672
0.824237799535
0.590222157393
0.686638403425
0.674697138241
0.750704593684
0.168621719314
0.58512098568
0.455837578968
0.545737539801
0.0810552490884
0.0513188415291
0.724358188502
0.206033085972
0.719864397395
1.0
0.831094465671
0.122550839671
0.628850516908
0.766436533384
0.125
0.169708148628
0.964840741254
0.651272862101
0.670931461749
0.667993186979
0.0186672560797
0.123838362185
0.170425901541
0.221051939608
0.865169060095
0.795848324523
0.72808121777
0.198291840617
