0.847787588831
0.545750423974
0.623131553803
0.777730649944
0.752250361244
0.776651333728
0.663136079376
0.705952360157
0.663665751633
0.782554683757
0.653456136221
0.88929275859
0.785353776029
0.740706357992
0.639321362523
0.716203085735
0.949974421893
0.783641823564
0.828543246742
0.938437176307
0.9325712755
0.851763443893
0.818758664958
0.91558228207
0.878388093206
0.980895476784
0.900944086766
0.631386140829
0.673422672672
0.79213676343
0.681733106142
0.717731088961
0.739420590311
0.560623113835
0.84484548764
0.757295417606
0.668363092679
0.75735988436
0.771638081803
0.736702562244
0.645132160967
0.652077622805
0.449548699465
0.640484942211
0.710433883622
0.728079254721
0.67984230115
0.764316394025
0.74765893829
0.728782393448
0.786854587021
0.674376868678
0.790657575376
0.694596875764
0.767517426811
0.6989938424
0.738095025169
0.625463603998
0.729176835328
0.699142644456
0.703443645347
0.718073905253
0.653582843738
0.662316432091
0.697767642969
0.669362976072
0.455649612055
0.711926622688
0.810837579762
0.859199829724
0.833762646601
0.948421421883
0.621161919405
0.7631559124
0.844346765562
0.745145630586
0.886020722847
0.858307246565
0.671493502361
0.825237519042
0.734986731614
0.661994442387
0.732993983131
0.713042665578
0.661508367859
0.718597911929
0.590794938056
0.624317991513
0.515219606181
0.715364579983
0.831657466496
0.77914649725
0.885323406466
0.667114803746
0.691476283046
0.611565808547
0.792069321677
0.790502561365
0.706110121209
0.687661872405
0.819447680169
0.878473552203
0.833717377685
0.757942059967
0.743978949715
0.678659458327
0.708350709426
0.751709910935
0.583611940208
0.850030537764
0.724786723833
0.749316532418
0.767762814083
0.702232947188
0.731317142657
0.717451923224
0.662178397628
0.767541744821
0.963899650239
0.849384790433
0.828057378119
0.728869522887
0.96846601673
0.597474068213
0.818382711616
0.783600717678
0.659643002583
0.850002529543
0.852754258449
0.893985772405
0.531367142672
0.820153557051
0.737082805605
0.735559966211
0.918637937437
0.775247128137
0.835435556985
0.809813360026
0.76648133047
0.791322230015
0.710267291307
0.690135710597
0.633032208311
0.665981811619
0.865219486016
0.749455070009
0.580432533343
0.622350014884
0.815682305691
0.800067341758
0.763776919211
0.732835669539
0.741194631755
0.821841789162
0.818238283862
0.630742806442
0.742796991383
0.684167079457
0.677518766724
0.790257688258
0.75479878704
0.729582842417
0.743351820043
0.704588472297
0.882978083397
0.780020540707
0.897602486759
0.821579149181
0.680499356663
0.740536582594
0.747437546145
0.770524937053
0.636561063892
0.625283092095
0.427646733654
0.635429463633
0.686838082875
0.7422946342
0.626889649707
0.791993126251
0.704716392844
0.879046658622
0.870741362246
0.676389895865
0.78495964756
0.822666274633
0.784899122174
0.634862009868
0.870472177292
0.768047378062
0.638618206729
0.811927052408
0.53689876588
0.543371773863
0.61375464698
0.682567592629
0.767988010916
0.703659426569
0.668723626543
0.730866123196
0.882322740258
0.616616222693
0.695128893927
0.730077672948
0.783127659504
0.816502472688
0.662085823852
0.730849922436
0.681959641194
0.71356480001
0.771800180745
0.751298088642
0.661739484676
0.855675469111
0.816858703446
0.870868922503
0.923215841674
0.857787983683
0.737758687294
0.89608118222
0.865019982286
0.842245142177
0.832764341303
0.870450088354
0.788953777787
0.802879618619
0.837205706303
0.76685625219
0.726038562049
0.800704618614
0.672173604064
0.7130803042
0.707836886675
0.483880183581
0.838135180121
0.764176631408
0.641640613476
0.716435551125
0.777422576743
0.782723653365
0.728660323726
0.625477145683
0.455070099407
0.792288389686
0.712974048915
0.643375086459
0.703216594145
0.795409131307
0.758025582755
0.543115810952
0.753837076905
0.483820911556
0.785506676599
0.806463617986
0.701199560804
0.672120599115
0.636236261398
0.725572571082
0.72658763229
0.729194892587
0.760204581305
0.768450429192
0.619223420885
0.703688783511
0.675131480174
0.652994721082
0.455649612055
0.779991949421
0.830747648933
0.859199829724
0.804923049318
0.853867630373
0.915113304522
0.677508201216
0.749498734462
0.693113060302
0.886020722847
0.811686113893
0.65632106277
0.73260796552
0.740443572051
0.686734594804
0.639871845099
0.730835603452
0.593814401899
0.805738536921
0.465667315558
0.502846354266
0.511008400169
0.726541960395
0.811973220934
0.713801640881
0.79577601651
0.672512173074
0.72586868313
0.516572062855
0.817483654126
0.851140837519
0.70230702227
0.764720953703
0.788229787758
0.942650033756
0.812276428595
0.729179283327
0.754839879694
0.589142876188
0.702783239289
0.767942271774
0.550013456587
0.833867606624
0.808166412406
0.696965402333
0.751746207704
0.722547161301
0.744450380607
0.696251126855
0.657768284066
0.668518183908
0.930965291062
0.890215815665
0.828057378119
0.724277036484
0.845610306826
0.664268001665
0.818382711616
0.846022901095
0.662661284265
0.850002529543
0.759542109278
0.67022828094
0.653500745272
0.759818097773
0.753609511408
0.814493150409
0.885288525117
0.711801005241
0.787396346843
0.86907201158
0.789721390559
0.709577762791
0.711450738589
0.681109988269
0.676162013552
0.663954862422
0.777686230888
0.666581660481
0.59666158857
0.668262210399
0.83146019151
0.772896533889
0.789089229286
0.826746323958
0.733923461497
0.869076624864
0.77191122524
0.560589267491
0.616738419561
0.697293462128
0.713390486115
0.744412363935
0.734913498371
0.797217528604
0.888623471166
0.721431036323
0.819927129544
0.741932795776
0.936801040846
0.785337566532
0.414023885719
0.658424336644
0.748240918156
0.731557035295
0.622747043218
0.629562236565
0.428646717552
0.635493895054
0.610112500781
0.792930933012
0.632419654926
0.725191046577
0.550143486357
0.884637921912
0.857933088174
0.69963853425
0.697837980481
0.746705553771
0.689878007974
0.797839636066
0.805456506205
0.815820571123
0.701713190976
0.747229230658
0.650812110108
0.567937431057
0.568176313777
0.696362205702
0.818071666329
0.701494576992
0.705259585834
0.739374091847
0.827571795029
0.66248954006
0.747287623875
0.764900245012
0.81715756937
0.792342266247
0.523214032219
0.75066264443
0.695779946196
0.735212194319
0.790445106196
0.918146147727
0.734254563437
0.900537163219
0.657838249383
0.926737179487
0.970270105419
0.819924216292
0.813856285308
0.89608118222
0.922785965124
0.80455576717
0.709440667614
0.797935942706
0.845806721899
0.845381503348
0.822075198507
0.744397668312
0.695872572639
0.792307257765
0.76940034034
0.775826295067
0.72041606429
0.573701427412
0.782193936148
0.758053979107
0.702833022768
0.810898887779
0.771638081803
0.71031900914
0.671748581257
0.559693364837
0.496473883563
0.740346327289
0.672800776231
0.717112573871
0.754122843406
0.727596326311
0.716586447845
0.770187724785
0.733140234943
0.514870155292
0.757135989559
0.663399658008
0.783227472286
0.697300899328
0.564922194736
0.764234172307
0.772759826988
0.72748217237
0.704301350278
0.796915604248
0.505951508801
0.632006230346
0.625710248363
0.70618236377
0.444290864345
0.770288408488
0.775797030704
0.721802922071
0.758040028978
0.654091936922
0.695530788606
0.71630029849
0.718756697768
0.605472817283
0.886020722847
0.958814887774
0.680162692375
0.899484750853
0.767783948042
0.668637085583
0.701730515971
0.726498914802
0.647206911437
0.730366392045
0.466085561508
0.541232210127
0.582766503793
0.730313612523
0.568987266589
0.779598633213
0.874270150108
0.699141695261
0.797456628602
0.516572062855
0.801017742793
0.783389200956
0.654375254861
0.773840766839
0.798100088549
0.81331030301
0.720111831269
0.785960761695
0.764334090511
0.643270551249
0.774510618148
0.68870725478
0.641384134914
0.882658988796
0.85714205461
0.612315687374
0.739414916384
0.694793054375
0.660216278356
0.725461877257
0.62961879177
0.753393217032
1.0
0.848033631441
0.763767439454
0.885280118744
0.965497338005
0.756916369427
0.862779565669
0.79704400653
0.627312367654
0.803122886299
0.760155631798
0.738666849556
0.397256455358
0.809847861721
0.75870488427
0.792978619743
0.881967455684
0.743766014057
0.771102629734
0.936350576438
0.773243331548
0.751329459658
0.647804232089
0.669347409252
0.666243311858
0.626980116074
0.758393497249
0.720661871103
0.53214286193
0.816471419443
0.732210450592
0.850884535799
0.69812603776
0.732835669539
0.723096785385
0.783847488408
0.820822498298
0.593798126122
0.669549030168
0.709599581705
0.73251038059
0.730677266316
0.631628383307
0.841496579702
0.76214394558
0.736448723617
0.871156221542
0.672990494611
0.825230729588
0.820834805324
0.565541778588
0.73294134681
0.628565097523
0.727249607898
0.529783920379
0.609947140345
0.428646717552
0.584982672634
0.604675846311
0.702941296852
0.704150425194
0.678864045027
0.652005008403
0.958491060128
0.8404700682
0.652800224405
0.666045499125
0.729071474085
0.785093495534
0.766280393764
0.913414455161
0.592810365371
0.68301004497
0.715454220501
0.666755919114
0.593960789712
0.577375651196
0.693940923733
0.818103055403
0.787756865856
0.744617351889
0.714996963429
