0.111153214252
0.137586975582
0.0911983911338
0.138284070843
0.125626118266
0.0690149742165
0.086806564028
0.0984996216175
0.0834954394199
0.10455125674
0.108771483035
0.0981811775304
0.164406995152
0.11164571525
0.0666477341515
0.146105482645
0.0858326535795
0.0830937523993
0.118551615208
0.130575348795
0.151030197211
0.0824107334217
0.101309238668
0.109867149657
0.0827609688002
0.112044080183
0.100805947732
0.115612775146
0.10598497751
0.0947376551816
0.0747950665641
0.105040093734
0.133744145352
0.0894395469876
0.115458740821
0.128469703027
0.0723907369983
0.0929735252224
0.134346520483
0.0721856511807
0.0729462210888
0.0741342537755
0.0408550150847
0.107944806
0.0714177645678
0.137519661709
0.0693027501215
0.0773873819909
0.0779674971342
0.146956338941
0.103148420671
0.0924539590905
0.0954587399021
0.099794708844
0.0884884516361
0.0836185214086
0.0933147424729
0.107092993586
0.0801278109469
0.094456953376
0.072364696996
0.123074583797
0.0654667608197
0.0540452645713
0.0578193460347
0.084074407449
0.0917889387709
0.0970599701624
0.132395944811
0.131340269474
0.139009889236
0.161452503525
0.152146138095
0.110506920732
0.100901361749
0.142522605735
0.163697813511
0.153695268554
0.135558970054
0.0798500087871
0.0850106535756
0.0953822660508
0.121439127751
0.0575682183611
0.0823180276304
0.140990753281
0.137664453232
0.0908584408442
0.0724328336821
0.0709804464861
0.109698726059
0.0917387710402
0.0936367232736
0.074755399503
0.0798131504081
0.0926601453366
0.0912883726506
0.0947472697603
0.102019286844
0.10957899147
0.102850858549
0.118464784878
0.133542859797
0.112463531372
0.104030150492
0.0829181079793
0.0948986942998
0.104036523637
0.0801819263444
0.127723607181
0.11901262797
0.0878527481547
0.0986560437363
0.0991880581347
0.0893418609136
0.109349279343
0.115377081004
0.086216394936
0.121392611167
0.0785122700017
0.136815014797
0.0948982847431
0.126641374954
0.0635482812146
0.154797171512
0.0857113333016
0.0791567580169
0.103284558127
0.117523328783
0.151751997854
0.0831608578771
0.128489247942
0.0865479767958
0.0731134902527
0.104695976063
0.110129390187
0.0930097671463
0.109407791554
0.0875413715203
0.082895514881
0.0644817442005
0.066459172922
0.0614202952288
0.0818429651801
0.0763530237928
0.09456827831
0.065152497891
0.0699547026553
0.20311630877
0.101473756016
0.110833180898
0.101449606697
0.108108864013
0.0836555895451
0.100284683455
0.0538893082848
0.0761556791087
0.170235811247
0.0775658975412
0.077498506218
0.109728395429
0.0810381487853
0.0852286604185
0.0778543778816
0.114930872936
0.0980955208405
0.106479000573
0.0948829046714
0.0912938317716
0.0685578931407
0.0768864989842
0.0562705293049
0.0717512544213
0.0755586318977
0.0676895045841
0.0588001231072
0.107442932664
0.0624271496874
0.0602619364713
0.107592663391
0.0792698158014
0.0873243404011
0.0844896006796
0.10420752622
0.0997657988714
0.0992052999966
0.1127704887
0.0739964016457
0.119816315228
0.101894702272
0.10353675905
0.0809332633966
0.0488582864075
0.0683158933239
0.0890569861415
0.0899979948977
0.0949860755541
0.0798557719394
0.107468745393
0.103924233754
0.113363629916
0.134263195127
0.0933363327804
0.122623594356
0.125758436173
0.0668191486376
0.0905742569681
0.099439738578
0.0836526303921
0.100921690593
0.128057981744
0.0884425853749
0.136416519956
0.120717968468
0.0912454644376
0.195673825585
0.0843270050234
0.0930626594831
0.0984049253778
0.131919476985
0.142838246004
0.0848597464765
0.10288329803
0.0990559754672
0.0772739376497
0.1028884364
0.0931242499894
0.133303345874
0.113309644939
0.0908863614126
0.0760837737712
0.105185332463
0.11958327986
0.0759822597565
0.114182708641
0.120740839542
0.0740293700426
0.0838863689945
0.141428426691
0.0761814825482
0.0729566905413
0.0723753603206
0.0454759256084
0.130467791506
0.0717978979531
0.117461563867
0.0794577786226
0.0757909661326
0.0740251738123
0.115837134123
0.0965093675929
0.0646849044564
0.10076933149
0.110601089369
0.0861828895458
0.0769715164918
0.0923537301569
0.10150456076
0.0829797518862
0.0984331618155
0.074439283278
0.129791453655
0.0589571478859
0.0531114860494
0.0529128142453
0.0747634559166
0.0917889387709
0.107818682781
0.142920835398
0.131340269474
0.126472805174
0.144792397733
0.177126765384
0.101268332027
0.0852297017933
0.13041257883
0.163697813511
0.146692414475
0.137738225328
0.0715164477354
0.0859772568205
0.0959842921757
0.11020586688
0.0584804250295
0.0887051335632
0.15278666298
0.108259337955
0.0677429752042
0.0694978394261
0.0651621934754
0.111393669085
0.0813403241973
0.0825764143275
0.0788886944204
0.085328172275
0.0861131574169
0.0912059489697
0.104604446971
0.103804457647
0.110290430374
0.0950214577438
0.124633018065
0.119439926669
0.101434243175
0.105341664561
0.0772506235432
0.106359961963
0.102886710198
0.0893652508523
0.125712950156
0.103833198389
0.097181387799
0.0952070162738
0.107974203763
0.0991326586463
0.103299685938
0.11089835613
0.0714895655262
0.12260054605
0.079535573675
0.136815014797
0.099664324573
0.111254510786
0.064466454153
0.154797171512
0.0924304117872
0.0743745095623
0.103284558127
0.115316550961
0.115758140353
0.105678784555
0.13260324973
0.0918136574885
0.0768879250672
0.100987902467
0.10254607285
0.0961241232332
0.114627625854
0.0917329759118
0.0684263637864
0.0650038083643
0.0699862545187
0.0691436764159
0.0813445824444
0.0743879721666
0.0817726214689
0.065365489944
0.0705204273144
0.194760910498
0.0972050075292
0.096434119122
0.10927526357
0.0990939490509
0.0836104721808
0.102105298418
0.0506954647332
0.0698176922852
0.179509968255
0.0812491690789
0.0737169179366
0.108483973948
0.0794150922373
0.0964403494053
0.0735773021397
0.116074461084
0.0961305330972
0.111817143796
0.0904751992919
0.0565937932279
0.0656542380386
0.0882238856071
0.0557386840495
0.0672703400062
0.0731010492416
0.0695141494502
0.0576360986428
0.0973909127261
0.0608425812757
0.0593337248745
0.103919767458
0.0606782817267
0.082383069681
0.0842971282659
0.10456972624
0.0935059720704
0.098208622104
0.107170717419
0.0895180369713
0.113964589196
0.100813892805
0.103694656454
0.0825589148376
0.0511924330879
0.0668092750847
0.0829190185819
0.0958889090604
0.110494858608
0.0827221298993
0.118399658269
0.109373392289
0.110637145085
0.208256053603
0.107905646017
0.125821986318
0.130454052837
0.068912985686
0.0935028487873
0.0958498435397
0.0812063117501
0.108313498317
0.138389132335
0.0839727040001
0.171949494264
0.129325700623
0.0724744275467
0.194380771706
0.0850526403552
0.0850153607123
0.110628458287
0.131919476985
0.144223935696
0.0848436281846
0.0810979434103
0.0978907873016
0.0805141347403
0.0940899096354
0.0991584951455
0.131431209382
0.101981272032
0.0918181831112
0.091102894201
0.105256760654
0.126376282785
0.0847141271426
0.0949266522521
0.115130199946
0.0740810150767
0.0894156711703
0.134346520483
0.0707701992191
0.0736816395653
0.0624540308761
0.0515191661661
0.145610802541
0.0740802193037
0.133342015094
0.0738830823828
0.0785911449834
0.0679901154586
0.12879936056
0.0899670145711
0.0690641318965
0.0971512367469
0.0944808544263
0.0922773445407
0.087070886792
0.083436320788
0.113030918267
0.0841162146625
0.0991014764363
0.0776494700987
0.14439045224
0.0574333751877
0.0560321292582
0.0466937224742
0.0812808400966
0.0755582154849
0.108270064287
0.132449017237
0.144577669696
0.121521515839
0.124856381266
0.138400897552
0.100665525692
0.082157379061
0.128676099776
0.163697813511
0.164449709038
0.121273729262
0.0901080192389
0.0892924565253
0.101107906763
0.114696953313
0.0597766609316
0.0872338397381
0.146879090875
0.129086174824
0.0776995655519
0.0772550648627
0.0696654713026
0.0925905839668
0.0961447882049
0.089599605658
0.0821675967504
0.0869163937426
0.0861131574169
0.0922846668568
0.0927230523229
0.0990112809063
0.113344680172
0.0982782607973
0.121171199084
0.104818917553
0.108166553454
0.10992009816
0.0895720577278
0.109681966959
0.0931979215425
0.0972721033692
0.137944665441
0.111095994335
0.0736368241505
0.105399474358
0.103086245116
0.082045964964
0.113290240105
0.0925030079216
0.0776814950526
0.120322144906
0.0784883346079
0.1268533617
0.107920104023
0.124339445104
0.0787762373369
0.172555913134
0.0844393345157
0.0687825994413
0.10257305331
0.111642564769
0.144097657428
0.0674835457728
0.133026434832
0.0973686581898
0.0777879021409
0.106082925504
0.101661619957
0.0867121406398
0.117134469
0.0816647281146
0.0737094148709
0.0638503244775
0.0659707482336
0.0747585027334
0.0789002314828
0.0731920405405
0.0872425357182
0.0598633465677
0.0772653217457
0.167007046654
0.101655088629
0.0889530622282
0.101449606697
0.102310235183
0.0763130263386
0.0990877172017
0.0507541838163
0.0687365307787
0.176439361952
0.0805788517047
0.0728998762591
0.0862139671527
0.0744507945464
0.086519484147
0.0737066371322
0.115005723444
0.0773866822188
0.098271272193
0.0888904849222
0.0684806106098
0.0623082179092
0.0746349244704
0.0551013688818
0.0642349538888
0.0714361000121
0.0695141494502
0.0550142353373
0.0976861355992
0.0657923506868
0.0639316409131
0.0951624017594
0.0812065444115
0.0861724417753
0.0808465433262
0.0960392619504
0.0969854397022
0.105921737245
0.115505051937
0.0914818988876
0.13006888933
0.077573115863
0.114709123503
0.0822443325749
0.0539834081449
0.0750654365592
0.099220643546
0.0955726961822
0.101478238838
0.0873877594903
0.121769070633
0.106344116772
