0.847787588831
0.517524339798
0.611938169903
0.768313711275
0.740694242412
0.764395090701
0.663136079376
0.696829804784
0.615342151052
0.768011572116
0.653456136221
0.877460489845
0.775310296315
0.715837515018
0.595161777421
0.67497426941
0.949974421893
0.763820685759
0.828543246742
0.929879604904
0.9325712755
0.841083856814
0.798913078599
0.899125413988
0.853332602311
0.980895476784
0.893136107314
0.557584351636
0.673422672672
0.787018240966
0.625715351877
0.665730467755
0.708049770783
0.533764616868
0.816647309331
0.72133670047
0.618122367295
0.729174953677
0.771638081803
0.713429526971
0.59908209292
0.62663436832
0.38324102735
0.60411698272
0.670736113115
0.667714951857
0.642091225544
0.736019483492
0.740259343604
0.685714285714
0.777879255057
0.636005359303
0.763929160456
0.667324249998
0.762781392647
0.661281322553
0.729377813939
0.59944043276
0.690987414671
0.688906265256
0.676462411562
0.718073905253
0.640942517908
0.62029954476
0.661180998537
0.597583479096
0.414694185465
0.691631999915
0.789285745691
0.823507600862
0.811417040154
0.948421421883
0.604363238855
0.729196116648
0.83032927754
0.745145630586
0.864712236617
0.858307246565
0.671493502361
0.814844531878
0.717728755384
0.611924885643
0.723686659573
0.69329647756
0.623219326356
0.707350800716
0.573895691622
0.59128438503
0.461498391045
0.697139200398
0.813477931523
0.764755087792
0.879555382673
0.63397304621
0.670411488072
0.526841619858
0.786790642944
0.753167768191
0.680330462372
0.635301113806
0.79518711923
0.878473552203
0.812763341919
0.736175490805
0.725827407565
0.648865132054
0.683991834354
0.711905924858
0.56731718429
0.850030537764
0.724786723833
0.723988336663
0.754264015256
0.651658589272
0.719774880286
0.703996725718
0.622311771351
0.756550516401
0.954545454545
0.833522088081
0.828057378119
0.708208293368
0.96846601673
0.56891589255
0.818382711616
0.771874163647
0.640020751682
0.841238598333
0.823419883427
0.857142857143
0.513211077358
0.811251236419
0.725839821182
0.708887606737
0.918637937437
0.763995952462
0.830764603611
0.802978082681
0.743021324609
0.791322230015
0.682611356218
0.658938194045
0.594749205952
0.644144403577
0.841972989794
0.740075654365
0.558004294394
0.588338852041
0.805191620866
0.782559476985
0.752357351591
0.721688205555
0.712920414523
0.804155216241
0.808828441958
0.570934139277
0.71395163542
0.678267060915
0.661099603286
0.784266550145
0.745084458397
0.723601208422
0.727853273794
0.66855920352
0.882978083397
0.772816177716
0.877202234624
0.806891656312
0.627976583243
0.713761321604
0.728403634079
0.75651371781
0.630325181779
0.582332551404
0.316822897378
0.604130711848
0.642456097155
0.725684131603
0.610785392223
0.783211906813
0.694901826318
0.86320290396
0.863921235247
0.633582411785
0.75032972016
0.803575430375
0.763917769031
0.59356001156
0.870472177292
0.768047378062
0.600783796653
0.805008740771
0.482720673682
0.497494875907
0.596069693578
0.634749249159
0.749073553336
0.6687553908
0.656705591593
0.713658225027
0.882322740258
0.588390138517
0.674425805138
0.720660734279
0.745813225657
0.798214624685
0.662085823852
0.721538376752
0.641468899323
0.691805380989
0.755436966293
0.722323714893
0.636688221993
0.847014052091
0.785768184911
0.840903845832
0.923215841674
0.829109711499
0.703661912418
0.885754639272
0.865019982286
0.825068326329
0.824332782008
0.870450088354
0.756190067669
0.795701970181
0.823156124877
0.731930565357
0.726038562049
0.788891805803
0.64672676461
0.676635069498
0.679945806529
0.420103112184
0.827431814395
0.726008324145
0.626238922548
0.68482801805
0.737165340355
0.760645355321
0.689347929939
0.591722747765
0.402992222234
0.792288389686
0.683411928751
0.585978888108
0.678227845909
0.759407278482
0.758025582755
0.500047703218
0.747011849661
0.467294655085
0.770272318717
0.790688573078
0.671909227275
0.633750799054
0.636236261398
0.725572571082
0.700284188506
0.696066017173
0.749295327637
0.768450429192
0.596377048873
0.669978991877
0.634721943296
0.628282060013
0.414694185465
0.751573207585
0.807882713571
0.823507600862
0.780195654806
0.823421421883
0.915113304522
0.655010492903
0.749498734462
0.680405802809
0.864712236617
0.797187947586
0.650421144591
0.720047134614
0.724028064662
0.652398985706
0.611306552247
0.700738873047
0.563076382003
0.794491425709
0.350586861406
0.452220977244
0.446683613819
0.695970296933
0.778847613321
0.698899432355
0.790007992716
0.665102779941
0.706149485623
0.455930408914
0.798057558234
0.828393950992
0.678675668336
0.713895359035
0.772148422473
0.942650033756
0.784579327011
0.685365733909
0.736688337544
0.570389165385
0.677508780002
0.748872746909
0.511867275642
0.822573234699
0.800434057042
0.688960254168
0.738957871973
0.686290750996
0.713390726184
0.662262878277
0.636454285148
0.642337772848
0.921611095368
0.890215815665
0.828057378119
0.697022696616
0.845610306826
0.639431275086
0.818382711616
0.833931531791
0.640665690614
0.841238598333
0.737841390551
0.67022828094
0.623465773487
0.712883428038
0.742366526985
0.800922253989
0.885288525117
0.693169309947
0.782725393469
0.86907201158
0.766029428722
0.680423623904
0.676629253038
0.638176800256
0.645856753273
0.656281268519
0.755007306814
0.646540813021
0.573768126925
0.649763466266
0.820969506684
0.736770481764
0.760720969888
0.826746323958
0.714852773154
0.850947913106
0.755003598946
0.497568449872
0.584784808498
0.697293462128
0.696830144983
0.731385740307
0.706605145707
0.797217528604
0.888623471166
0.702106988066
0.812741171541
0.734728432785
0.936801040846
0.763064763563
0.359243838869
0.611272889898
0.726787995185
0.702571551211
0.610472913085
0.587241525359
0.317822881276
0.598142519907
0.558117902952
0.783727398094
0.611990010701
0.708919441858
0.49377407282
0.869314624769
0.851112961175
0.66694408655
0.682029099605
0.737122890563
0.655963223576
0.790916596636
0.805456506205
0.815820571123
0.677028646486
0.734983936274
0.606898857915
0.532174849534
0.523519621946
0.669985936098
0.80571938313
0.666012097887
0.684708409111
0.70496170446
0.827571795029
0.646955813995
0.747287623875
0.755483306343
0.81715756937
0.767275592346
0.50395394915
0.75066264443
0.662610561446
0.719732727799
0.755436966293
0.914920686331
0.724211083722
0.883788148417
0.624979818232
0.926737179487
0.970270105419
0.800103078487
0.778470928613
0.885754639272
0.922785965124
0.787951702018
0.691789260571
0.797935942706
0.828633110428
0.835908608826
0.813348633237
0.709471981479
0.695872572639
0.781577360621
0.748526365276
0.758285803415
0.694421740527
0.503650125414
0.763799831979
0.70253485698
0.664696229797
0.782000914931
0.771638081803
0.694441654572
0.614777553892
0.506082861788
0.438995132975
0.72146698818
0.632141742295
0.683049994878
0.717432072398
0.705537949441
0.704998835783
0.726613935057
0.728319508367
0.477305467618
0.728971338879
0.624860245549
0.760617458452
0.677226948235
0.556012674287
0.764234172307
0.745884141356
0.716036122379
0.691542091446
0.796915604248
0.435115604523
0.591714953569
0.584609309321
0.645025322141
0.388049607805
0.747470123452
0.754245196633
0.656177610044
0.728461939641
0.611491726655
0.695530788606
0.683295676692
0.705976688924
0.605472817283
0.864712236617
0.958814887774
0.674262774196
0.887086279818
0.750971984728
0.636434415475
0.677723321131
0.709775784093
0.614185979666
0.691159013552
0.368539993806
0.502183297777
0.534784678418
0.718861015493
0.553046092609
0.769407881368
0.868502126314
0.691732302127
0.777737431095
0.455930408914
0.795475130124
0.752457369879
0.630743900927
0.723015172172
0.798100088549
0.798521791083
0.681040480995
0.764864669505
0.746182548362
0.583157804717
0.752315165396
0.651977992462
0.590843431824
0.864439399118
0.85714205461
0.593390203734
0.722059317892
0.636334059907
0.631865998961
0.705373294697
0.582405353087
0.716223475635
1.0
0.848033631441
0.753368957079
0.857142857143
0.965497338005
0.756916369427
0.862779565669
0.762524922612
0.594393674606
0.793562234071
0.728964302749
0.720389234984
0.349819412542
0.791902658316
0.747461899847
0.785637562486
0.873773980298
0.734245788486
0.76643167636
0.936350576438
0.751101395099
0.724142018907
0.624843553417
0.637572236235
0.635938051579
0.612564668022
0.736612952525
0.702731557344
0.486452522059
0.803440386429
0.708920666633
0.812754049893
0.666301688701
0.721688205555
0.7031038511
0.749009114689
0.811412656394
0.545685938441
0.639269094927
0.690379122889
0.719154408216
0.715995234332
0.623480764334
0.841496579702
0.752250271194
0.702159091715
0.871156221542
0.659845759799
0.80404816502
0.796892022313
0.493132326775
0.706509719705
0.592897770273
0.708960107523
0.512533779034
0.57117733383
0.317822881276
0.550296783734
0.560293860591
0.68592038272
0.685946667876
0.641285418725
0.621769963031
0.948554053965
0.815730374274
0.621633083871
0.635061926265
0.72067775756
0.759084842638
0.758614177482
0.913414455161
0.519077924225
0.663123997945
0.702409196932
0.637711707872
0.564025170305
0.55171440481
0.662123487268
0.792084250571
0.747960525803
0.696582486858
0.699504015782
