0.847787588831
0.113839416447
0.653464385377
0.759760229683
0.770800203962
0.713167471768
0.636685983983
0.669599235544
0.660871175963
0.722546070579
0.686373706682
0.912812082847
0.880963443577
0.750182915105
0.621038376439
0.25
0.946403757541
0.734227201388
0.856490018958
0.916666666667
0.950604327613
0.876632720567
0.838595023524
0.916666666667
0.073458166067
1.0
0.0847835100943
0.685250432672
0.710473879272
0.735985355407
0.169067728537
0.228392131707
0.717044371481
0.444535036866
0.833333333333
0.855385655931
0.602743549132
0.701812535221
0.925171580938
0.708072924011
0.583384829211
0.625009780878
0.32892761841
0.657987178198
0.723783435674
0.728749591224
0.0909090909091
0.829880414115
0.115170128531
0.8
0.0258351617635
0.684853478296
0.745096812657
0.714189494549
0.810411755234
0.618447037166
0.726312166737
0.583232285933
0.677756773325
0.619348817967
0.0854047536754
0.0543879357834
0.05
0.595946010978
0.669467407459
0.652860102783
0.478475524103
0.0988572783194
0.125
0.285714285714
0.0320773094197
0.948421421883
0.705090445331
0.704517496816
0.274558928586
0.0446082410575
0.93122856251
0.93122856251
0.724073300231
0.86985228255
0.14787769317
0.548458734216
0.0977590327479
0.70587228553
0.638268767708
0.778293581884
0.612155404397
0.548747392146
0.433839164939
0.634335300603
0.85198393167
0.76236639549
0.873550074057
0.734884126724
0.639267898819
0.0
0.05
0.705981289406
0.0884079323351
0.712225657127
0.0282769064925
0.935086695058
0.829375204339
0.807917344793
0.753341902451
0.153846153846
0.0
0.0
0.0
0.830728224094
0.734143257503
0.0768306525314
0.0302642512287
0.118577822581
0.79203024577
0.605872298239
0.665925560023
0.830713653155
1.0
0.860131477301
0.186500960236
0.710230874375
0.96846601673
0.0
0.266003463405
0.797456247941
0.648310992708
0.111111111111
0.80058381228
0.857142857143
0.586526945552
0.177269926004
0.699650721183
0.117647058824
0.111111111111
0.744123896032
0.828842399726
0.807670901509
0.728967437867
0.796537893429
0.105263157895
0.0445225080012
0.543829994877
0.622628091252
0.83975677293
0.786666861257
0.576337915855
0.587488918548
0.844444147962
0.777855197954
0.858792655359
0.764140452941
0.646565549174
0.747768477869
0.797469221998
0.598005989865
0.0769230769231
0.650875764119
0.683602711511
0.783821580114
0.782771804679
0.683901737695
0.0666666666667
0.662530447511
0.906620130454
0.0809248668744
0.877202234624
0.784898249485
0.665435505354
0.79819825855
0.754651666233
0.762829349
0.0612984087428
0.566346943394
0.318519413215
0.568870749627
0.181640129539
0.0590080830374
0.573672684906
0.0369914293157
0.710329299332
0.932731970241
0.879697300593
0.603631899587
0.0
0.838513492565
0.173144699019
0.113156680404
0.1606357083
0.732011126777
0.0964548328363
0.821665504526
0.0
0.0586841965962
0.0405797299926
0.123175441716
0.795453526131
0.670456538842
0.677283157403
0.675115603704
0.2
0.0458730626819
0.193258756203
0.709087580435
0.728457166793
0.1
0.590037022374
0.703870179273
0.6807710579
0.68714918853
0.771629224774
0.694920389812
0.580083198964
0.868135967801
0.453972657559
0.857142857143
0.937626264431
0.859817478592
0.711128858872
0.870059742968
0.8993645861
0.759668264851
0.873216251913
0.909090909091
0.772114628472
0.803907210322
0.789504044471
0.748925759081
0.705412479734
0.850179225166
0.0816559108848
0.161725465041
0.648521756254
0.206810270101
0.86052908697
0.725050004701
0.557647713931
0.706219550378
0.703232238086
0.776485516992
0.650927057462
0.0321892312665
0.367000775046
0.79265385086
0.717114071505
0.618174174558
0.0406974446097
0.854411185822
0.0625
0.583388987088
0.186592393226
0.595646125908
0.0744409789805
0.84883580504
0.656753087083
0.639516580487
0.628282747906
0.119140101848
0.687885708589
0.666048744187
0.103933645794
0.142857142857
0.066573756772
0.647237146909
0.598715896558
0.621428146524
0.478475524103
0.0448612323357
0.808532092731
0.285714285714
0.750336879804
0.823421421883
0.915113304522
0.609198532641
0.509707930563
0.704240309219
0.93122856251
0.848294766292
0.639611858114
0.720129399526
0.165511050195
0.594150671319
0.588786295447
0.652186215172
0.574297594482
0.799216474553
0.40067069875
0.0369914293157
0.45576017896
0.66662897923
0.748101085935
0.723030999906
0.746813556595
0.733382059323
0.0833333333333
0.0575373796092
0.0981243676086
0.80229322803
0.0
0.774390836099
0.775045581892
0.981783693318
0.770134118315
0.776629966937
0.748037513132
0.101026674796
0.0425621481379
0.148764911058
0.0397002258645
0.803051176619
0.782293609125
0.650507159351
0.0236619905915
0.102109281483
0.856996635437
0.594498929683
0.595933106928
0.746495266315
0.965497338005
0.905307169081
0.186500960236
0.673301202347
0.845146777002
0.0
0.266003463405
0.875818126591
0.676665911261
0.111111111111
0.786322990744
0.093546107018
0.602839691173
0.657975377491
0.249549368364
0.0588235294118
0.112426739068
0.0895210664494
0.7704078502
0.87557858116
0.769952040079
0.694061340077
0.125192963127
0.0555555555556
0.0213177090813
0.638952599563
0.754141700029
0.719031392133
0.594799565472
0.075948014318
0.879729377533
0.722861704866
0.823402523429
0.826746323958
0.0
0.851904658698
0.792611763301
0.524066434975
0.566340497408
0.700115357196
0.668081407009
0.105263157895
0.800054643174
0.769457679131
0.0997457878853
0.686742823028
0.875451999463
0.713362074892
0.213554578238
0.790927084285
0.429067950943
0.60305603479
0.748944890138
0.702923851711
0.0329239394282
0.606800296494
0.352762823331
0.577673167981
0.0542929636304
0.157722616245
0.581408842284
0.0657921914266
0.551594100376
0.901147185376
0.849032974474
0.650986653809
0.0769230769231
0.722030444487
0.25
0.211524646774
0.82720963621
0.806700652503
0.0268940868695
0.701199496116
0.0273163223707
0.135297600364
0.0666666666667
0.0
0.822207994202
0.705314920127
0.652492154525
0.164799326276
0.852460949214
0.329918484654
0.257967960744
0.69644687721
0.854909863616
0.775347275334
0.461019223217
0.725361213392
0.713105111109
0.681048955751
0.771629224774
0.115559015281
0.747187409525
0.942707358311
0.624979818232
0.926737179487
0.966699441067
0.79788745812
0.840797036406
0.870059742968
0.962382021923
0.720469752704
0.672300977223
0.826586188443
0.838729614668
0.783872495294
0.803739956979
0.722284512243
0.70986503163
0.766723172683
0.688863238047
0.0249311203754
0.761992361051
0.369624482152
0.111451634744
0.717470917152
0.0215546005939
0.761036838527
0.925171580938
0.680343463921
0.632987995558
0.0625
0.390364494381
0.693938337931
0.660389261313
0.0
0.0
0.776896313383
0.211305421537
0.782507314676
0.0769230769231
0.571146836582
0.789659869504
0.601648414622
0.775454688791
0.691947075297
0.540872758457
0.767641171436
0.751365986644
0.656776164307
0.148450878203
0.234724021757
0.409844041044
0.0545181442274
0.571323803741
0.660291019016
0.358794899292
0.0588235294118
0.135041939907
0.731495769412
0.191485844004
0.0804898435118
0.142857142857
0.0417282475673
0.188389053424
0.616129241752
0.93122856251
1.0
0.624798420675
0.910266108095
0.0714285714286
0.564678191819
0.0599764195269
0.694821063979
0.646362733469
0.709029310369
0.453587684684
0.0902262530461
0.498763386529
0.680434038907
0.564354766895
0.771687443663
0.875306905591
0.80195112588
0.75
0.0575373796092
0.742645393894
0.708521111609
0.0646082992369
0.784454078181
0.771528670265
0.799239011747
0.658236319881
0.803876098072
0.735109972958
0.0324652479634
0.0909090909091
0.0
0.1
0.14763286449
0.232213154641
0.0
0.702753812591
0.639102133246
0.617781431934
0.685688397763
0.624412141501
0.831474963683
1.0
0.902156087801
0.149765336198
0.857142857143
0.965497338005
0.77098779596
0.862779565669
0.162180625317
0.554710157752
0.0
0.732394234699
0.775803791521
0.430546969282
0.0769230769231
0.733602878489
0.143206599894
0.0741748753311
0.181818181818
0.732803371741
0.959985317359
0.705641868968
0.714029602148
0.105263157895
0.145880994705
0.0991284302127
0.619484950821
0.717517442318
0.817838300366
0.493522419144
0.829818245714
0.682918783109
0.846153846154
0.783884339648
0.764140452941
0.0714285714286
0.741658901482
0.781505100363
0.544860828622
0.602192005202
0.711537187969
0.716248838273
0.722081973997
0.63654491089
0.818841699612
0.110389665664
0.739338342204
0.877973103089
0.640694921202
0.819796038532
0.791577861367
0.53844579028
0.6658738112
0.652428633532
0.739866499312
0.0523644465526
0.538678027548
0.352762823331
0.513168134503
0.0810552490884
0.0337824500844
0.697209922184
0.166666666667
0.67969149316
1.0
0.81056110066
0.0690588862063
0.615788030093
0.766436533384
0.125
0.138794624156
0.964840741254
0.576026527719
0.670931461749
0.642363705736
0.0186672560797
0.0833333333333
0.0666666666667
0.05954303455
0.865169060095
0.750359098025
0.676365153705
0.153766304944
