0.108446531299
0.118979815554
0.0653468741351
0.121716372867
0.101292805734
0.053127456852
0.0683295073217
0.058047799771
0.0566988567991
0.0756459136295
0.0919193363403
0.0753242980104
0.121524381237
0.09821424911
0.0517531980366
0.100672383143
0.0684503775691
0.0713590363151
0.0955856611134
0.106936202529
0.132072494166
0.0587031054345
0.07880625387
0.0935446329589
0.063106847779
0.0889513586548
0.0726526905522
0.0859836541201
0.102214481309
0.0592596171612
0.0557791491623
0.0654700631397
0.0964939129783
0.0817656907114
0.0779490834779
0.0810488229675
0.0491419555396
0.0633555999359
0.123620916534
0.0475826144729
0.0367731503588
0.046708242449
0.0252529751164
0.0760158581407
0.0454224988279
0.100287173002
0.0559577186858
0.0541851211243
0.0669868270428
0.114285714286
0.0735887193229
0.0649557733334
0.0791168432417
0.0867743753961
0.0634304849954
0.0525264249082
0.0862826650763
0.0846131813731
0.0590415886464
0.0638991538367
0.0483729169028
0.105518238573
0.0469315759177
0.0362158022928
0.0400611204517
0.055626467106
0.0614541673208
0.0686304590835
0.10125433557
0.118341330902
0.118729385122
0.13975212307
0.109840885237
0.0894583475175
0.0980978641446
0.12652449742
0.133032651787
0.130897655103
0.100987800582
0.0604710230334
0.0634459140317
0.05826812258
0.0921052141447
0.0412320824759
0.0576832280779
0.118981306435
0.0890199903423
0.0695052308541
0.0497606739671
0.0533265710168
0.0809920086347
0.0605318492778
0.0766455348854
0.0553219323554
0.0657146154208
0.0696727040159
0.068881924615
0.0773649711623
0.0768822902969
0.072090611708
0.0784294277811
0.085905766665
0.10140780201
0.0947706503128
0.0764520812491
0.0586814702214
0.0660150506608
0.0711178569401
0.0651338528509
0.100761503946
0.0930695917996
0.0641274715844
0.0712430900487
0.0694390405636
0.0714583055592
0.0895830934581
0.0815958882851
0.0630907727565
0.111160030453
0.0636162180023
0.107942917545
0.077436476359
0.104896521726
0.0443685344457
0.154797171512
0.0610268661158
0.0633516325868
0.0974755002171
0.0827319705056
0.122448979592
0.073315868194
0.105636078571
0.0737027396329
0.0566680228111
0.083865842277
0.0887739928128
0.0640189117056
0.0841451196764
0.0567112660103
0.0634876963216
0.0378536387932
0.0426445886234
0.0369626050466
0.0694840732038
0.0596474970643
0.0712721295406
0.0469423774301
0.047316369462
0.157675765323
0.0755814103287
0.0978913493464
0.0894031007638
0.0799151750319
0.0490666058317
0.0713091432437
0.0352699310376
0.0595373498769
0.149459438322
0.0594410579519
0.0568718780797
0.0873939580749
0.056460458768
0.0572073774475
0.0482829991833
0.0851621145116
0.0704349937395
0.0751166796073
0.0772502386316
0.0637296071506
0.0467611933764
0.0570957484836
0.0390326374647
0.0590382879657
0.0508110458377
0.041751694712
0.0366009462506
0.0815282048672
0.0374153141449
0.0369495382659
0.0802965092265
0.0580896282176
0.0618688405407
0.060027207891
0.0742708666227
0.076816742928
0.0894652943307
0.0921112898464
0.0580850296756
0.0900557276299
0.0695978627924
0.0761116058893
0.0637232863726
0.0283442622123
0.042926609189
0.0609667080181
0.060972728205
0.069014791477
0.0592607328147
0.0806888275608
0.067036168128
0.110903009049
0.114977151054
0.0656451199391
0.107900806004
0.100687689011
0.0523355081164
0.0689328607743
0.0564159863551
0.0545467156199
0.0684429287737
0.106757604097
0.0669636568557
0.101772894107
0.10530404588
0.0701858009106
0.1399020384
0.0667419256493
0.0793860145325
0.0824846291817
0.111259825768
0.12430877318
0.059453283237
0.0802878401696
0.0863142733892
0.0565997289856
0.0842168279966
0.0663551169082
0.107272981114
0.110010460764
0.0551803841808
0.059458729681
0.0697847837354
0.0856048367009
0.0621397668648
0.0771437919842
0.0762406682513
0.0486665813919
0.0564578301996
0.123929611845
0.0543171805276
0.0405587178915
0.0451898542888
0.0291823187923
0.0988080154264
0.0469451476989
0.0799561436569
0.0647004509035
0.0544709019765
0.0657396214994
0.0833412838697
0.0658428433139
0.0489784386593
0.0873062892079
0.102784761119
0.056469410272
0.0454888426322
0.0832270023717
0.0876572643929
0.0598417506118
0.0671331363135
0.0522782384929
0.112235108431
0.0431976452131
0.0358202631625
0.036771110517
0.0473518475718
0.0614541673208
0.0773163845161
0.11107231861
0.118341330902
0.109351904302
0.12412712307
0.137240242619
0.0780502209369
0.0852297017933
0.117104820882
0.133032651787
0.131228293642
0.101202325602
0.0491843277825
0.0658101224914
0.0618121397627
0.0826520086072
0.0401883187184
0.0571657142811
0.123106046361
0.0646678296018
0.0421750742879
0.0461933042504
0.0522029765574
0.0787546877139
0.0514914143797
0.0655447989796
0.0588018496979
0.0674318816322
0.0662550697644
0.0703879016305
0.084995004588
0.076130949817
0.0763903422082
0.0708109204698
0.094388414359
0.0922421701202
0.0866407892979
0.0756716964557
0.0538932425712
0.071837861932
0.0735822092603
0.0644278143123
0.097554988917
0.0826043376603
0.0698188165705
0.0691323398472
0.0734330661482
0.0763149556827
0.0822209907186
0.0792193438757
0.046931619887
0.107799238013
0.0641526032151
0.107942917545
0.0821103604469
0.0920864163819
0.0483099725813
0.154797171512
0.0648442708423
0.0591581173879
0.0974755002171
0.0792251017049
0.0894306710526
0.0945012285598
0.101877745673
0.0769459434483
0.0628027842092
0.0783427441889
0.0754317681802
0.066046025521
0.0881371217826
0.0592733584568
0.049377887965
0.0387885485843
0.0424738267914
0.0422056135105
0.0650590120583
0.0570347943496
0.0563356580729
0.0464840293706
0.0490705082931
0.147021706298
0.0654909063541
0.0872549270433
0.0958594635443
0.0759811620404
0.0497002256554
0.0720727600659
0.0343990521349
0.0544970713718
0.158169042953
0.0589127820961
0.050693525798
0.0837088537846
0.0593081381837
0.0676562102946
0.0500379315228
0.0835525426309
0.0685315731002
0.0828121036432
0.0743714252215
0.0391933429643
0.0416636258709
0.0621371367202
0.0354636719774
0.0542181372114
0.0509101151132
0.0439339032434
0.0361879684561
0.0738786115991
0.0381203160902
0.0357571204567
0.0775186400186
0.0412627357671
0.059005064913
0.0598862329429
0.0725001259065
0.0703846424283
0.0859472712011
0.0807476534828
0.072802422801
0.0916457885283
0.0741696371631
0.0746513504927
0.063552765243
0.0354009381898
0.0435671618874
0.0527984394817
0.0657748093776
0.0781633862855
0.0598761970418
0.0868474396737
0.0693373127878
0.107629719582
0.185248292062
0.0717727868915
0.112924870889
0.107359424456
0.0531630073601
0.0575445753112
0.0560960062313
0.0556102574248
0.0771903995351
0.106757604097
0.0625615080184
0.125633248865
0.113447820072
0.0520816515193
0.13633996476
0.0708333046455
0.0735632241401
0.0929684627648
0.111259825768
0.129560226165
0.0603400237013
0.0615514147744
0.0769594766985
0.0615762898704
0.0726832089032
0.0706558136184
0.101443576311
0.101981272032
0.0570632306755
0.073916409335
0.0709947476681
0.0958226153835
0.0668280169831
0.063743237673
0.0731364646951
0.0498456760384
0.0633719592327
0.123620916534
0.0462537299829
0.0389323632912
0.0349776729539
0.0331249970946
0.0981007161378
0.0463368030495
0.0963441500811
0.0599915340311
0.052318047206
0.0584430467939
0.111786759239
0.0595718203308
0.0493219838438
0.0798803231719
0.0752187141152
0.0633642921366
0.0570984835831
0.0730103454857
0.0990198972646
0.0603814280724
0.0691928835362
0.0513540968799
0.116030465105
0.0356460910311
0.0349081854585
0.0307178322139
0.0542599445594
0.0494672012513
0.0800301403044
0.0999442244559
0.116171890135
0.101314928963
0.103598861839
0.10814730539
0.0825812546005
0.0793173770958
0.121414861318
0.133032651787
0.131089967935
0.0882353185928
0.0684373873806
0.0689962310722
0.0633409798923
0.0891556060068
0.0435927161896
0.0603100225408
0.115676509015
0.0654488559404
0.0523920539444
0.054569826234
0.0530559796538
0.068535238794
0.0631843136223
0.0737797359935
0.0608152476211
0.074731388908
0.0662550697644
0.0695581531019
0.0711165664635
0.0713377730761
0.0767418969795
0.0772932903662
0.0852521926553
0.0798950160753
0.0893516294479
0.0830262875736
0.0616929458786
0.0703148772426
0.0678571350504
0.0746104475218
0.108682116638
0.0883759465839
0.0535511743556
0.0777141008598
0.0715252440328
0.0602017572283
0.0953414127252
0.0635395283073
0.0547986907123
0.109319035949
0.0642189625714
0.0933914062093
0.0871670601588
0.108366428966
0.0636772249095
0.172555913134
0.0573171395171
0.0475467461336
0.0962358992267
0.0755898288055
0.110829113074
0.0538183711603
0.102285179998
0.0812619679797
0.0669721528433
0.0845515190427
0.080199105064
0.0572495205458
0.0907189911997
0.0540062455079
0.0551587990687
0.0381329067681
0.0429450450846
0.0459748349595
0.0643719709639
0.0549895753902
0.0678503789527
0.0432812706086
0.0581595166682
0.133704192928
0.0724837629445
0.0783884339648
0.0894031007638
0.0790287112733
0.0451299509138
0.0653675449697
0.0354246892495
0.056413924454
0.153893326605
0.0544031804857
0.0496939345124
0.0690084134125
0.059211838033
0.0632673294409
0.0465588779339
0.0839080724319
0.0550793329613
0.0701449176931
0.0726693123128
0.0548770669255
0.0444508127723
0.0576189540748
0.0368863716284
0.0472238600242
0.0480899300679
0.0439339032434
0.0324409539076
0.0740589106341
0.0403718598867
0.0399148804203
0.0627326154251
0.0599708709016
0.0639983796389
0.0546584516139
0.0649075701686
0.0779260980191
0.0948033921079
0.098823314836
0.07385463424
0.10109056442
0.0529521854279
0.0827261956659
0.0620304482522
0.038883120995
0.0497327314978
0.0627533010363
0.064578853527
0.0691741689924
0.0640100854897
0.086694120567
0.0678283899185
