0.811982043363
0.0679663537653
0.554328741964
0.689761034097
0.733452057532
0.694955318938
0.609473084377
0.563409162176
0.616673939186
0.660457793594
0.601098842701
0.900220058087
0.880963443577
0.677180092461
0.621038376439
0.25
0.946403757541
0.711384635335
0.856490018958
0.916666666667
0.950604327613
0.876632720567
0.838595023524
0.916666666667
0.181818181818
1.0
0.193568640814
0.685250432672
0.610765300475
0.69732204483
0.142412440676
0.228392131707
0.700093802343
0.444535036866
0.833333333333
0.822113530011
0.602743549132
0.661063215508
0.925171580938
0.693061946184
0.547503254686
0.538702075212
0.31214086874
0.559985702494
0.681072390923
0.728749591224
0.0909090909091
0.812319202747
0.0954334323848
0.8
0.0
0.655855409509
0.745096812657
0.686662416657
0.753085092555
0.577428336671
0.698760402168
0.523739821416
0.677756773325
0.570392645936
0.130434782609
0.0
0.0775104972051
0.543956902224
0.654111489111
0.652860102783
0.442329071614
0.117647058824
0.1875
0.285714285714
0.0
0.948421421883
0.705090445331
0.704517496816
0.274558928586
0.0
0.93122856251
0.93122856251
0.724073300231
0.86985228255
0.197586656967
0.548458734216
0.142857142857
0.686417904379
0.571628163909
0.73112704115
0.511475138678
0.548747392146
0.370070951497
0.598570013787
0.85198393167
0.732588400391
0.833333333333
0.705134030338
0.583333333333
0.0
0.1
0.705981289406
0.0
0.712225657127
0.0
0.935086695058
0.829375204339
0.779183536996
0.721098460132
0.153846153846
0.0
0.0
0.0
0.802148283644
0.707145572563
0.117647058824
0.0302642512287
0.195500899504
0.732222352661
0.562786087774
0.631772505171
0.8098713391
1.0
0.828706459758
0.1
0.710230874375
0.96846601673
0.0
0.2
0.739979055902
0.625509185987
0.111111111111
0.80058381228
0.857142857143
0.470452921564
0.0769230769231
0.674497072111
0.117647058824
0.0555555555556
0.687919894907
0.811002226369
0.791250556245
0.669338312536
0.796537893429
0.105263157895
0.0555555555556
0.525821857857
0.622628091252
0.83975677293
0.755783520579
0.524697598068
0.568575997021
0.813556276967
0.756759322732
0.858792655359
0.717274705311
0.644651802394
0.747768477869
0.785170705605
0.578314860039
0.0769230769231
0.615935490104
0.652006047604
0.752635389527
0.726042595764
0.64850592443
0.0666666666667
0.662530447511
0.906620130454
0.0555555555556
0.877202234624
0.784898249485
0.630280345025
0.760100604711
0.703930256078
0.707384806908
0.0833333333333
0.566346943394
0.282848122495
0.505935301285
0.181640129539
0.037037037037
0.474075772553
0.0369914293157
0.658367323937
0.932731970241
0.872009825088
0.545926838745
0.0
0.838513492565
0.125
0.245992653699
0.0666666666667
0.708292223513
0.0714285714286
0.821665504526
0.0
0.0
0.0
0.0576771252001
0.772793700221
0.651451882164
0.677283157403
0.647963925455
0.1
0.0
0.166666666667
0.639088384848
0.695906670914
0.1
0.564917422738
0.625728172119
0.655630217454
0.633314686451
0.726098842701
0.669450827317
0.580083198964
0.8
0.453972657559
0.857142857143
0.915935836253
0.859817478592
0.711128858872
0.870059742968
0.8993645861
0.759668264851
0.873216251913
0.909090909091
0.772114628472
0.75
0.751748438605
0.748925759081
0.659419637916
0.764705882353
0.0625
0.161725465041
0.61258207705
0.285714285714
0.86052908697
0.721080430337
0.535709935779
0.633540864661
0.703232238086
0.743746393426
0.627563289867
0.0775217625382
0.31214086874
0.762716760378
0.675191636496
0.578856776955
0.0909090909091
0.837686222614
0.0625
0.507237076035
0.0769230769231
0.428467554706
0.0451824134664
0.821308727148
0.628679489292
0.623192610061
0.56461114853
0.0909090909091
0.687885708589
0.648067741499
0.0434782608696
0.142857142857
0.05
0.579928188343
0.571118748446
0.574421674907
0.442329071614
0.0826191309296
0.808532092731
0.285714285714
0.750336879804
0.823421421883
0.915113304522
0.5764092277
0.509707930563
0.704240309219
0.93122856251
0.798195910723
0.616122121787
0.65817225788
0.185790608413
0.569069216651
0.511674564198
0.636041978557
0.504624973701
0.790876587561
0.40067069875
0.0369914293157
0.391839830997
0.632501990408
0.748101085935
0.673527583106
0.691717158815
0.706628416799
0.0833333333333
0.0
0.153396999717
0.80229322803
0.0
0.774390836099
0.750508754457
0.981783693318
0.770134118315
0.776629966937
0.719021637678
0.153846153846
0.0425621481379
0.0833333333333
0.0
0.776669693126
0.782293609125
0.566315893082
0.0317176317571
0.0417638181772
0.788932634522
0.570634348746
0.53924388391
0.719015022031
0.965497338005
0.889325177695
0.1
0.673301202347
0.805824236384
0.0
0.2
0.833333333333
0.676665911261
0.111111111111
0.786322990744
0.236403249875
0.602839691173
0.657975377491
0.166666666667
0.0588235294118
0.187971474435
0.060160294035
0.753378593814
0.858408970264
0.748828164506
0.636368586105
0.0904422128669
0.0555555555556
0.0
0.58795157634
0.732620593447
0.649414630504
0.543159247686
0.075948014318
0.845409520872
0.722861704866
0.823402523429
0.826746323958
0.100413795118
0.851904658698
0.792611763301
0.478210897106
0.540882501967
0.652166989522
0.652887791735
0.12842369383
0.7
0.726390777361
0.0330791212186
0.667491259722
0.875451999463
0.658603014698
0.113838417846
0.790927084285
0.302261170399
0.555081177035
0.73383518731
0.650234259863
0.0
0.606800296494
0.282848122495
0.51020504004
0.0542929636304
0.0941825791224
0.504038537341
0.0
0.496278348134
0.901147185376
0.849032974474
0.623944222787
0.0769230769231
0.722030444487
0.25
0.188041094759
0.753066402593
0.781356522521
0.0714285714286
0.680272967711
0.0
0.0833333333333
0.0965114593805
0.0909090909091
0.822207994202
0.705314920127
0.652492154525
0.164799326276
0.852460949214
0.267200100625
0.125687012822
0.632280947922
0.777777777778
0.755111549968
0.361650862853
0.687905438448
0.713105111109
0.616798983459
0.726098842701
0.137931034483
0.747187409525
0.942707358311
0.624979818232
0.926737179487
0.966699441067
0.775044892067
0.840797036406
0.870059742968
0.962382021923
0.703298958703
0.652971778382
0.826586188443
0.820031274386
0.761884871813
0.764007029331
0.722284512243
0.70986503163
0.709373727251
0.666666666667
0.0
0.758646299683
0.369624482152
0.230769230769
0.717470917152
0.125
0.722222222222
0.925171580938
0.60391883032
0.619728242848
0.15885743316
0.371900705889
0.615384615385
0.638149124378
0.0
0.0909090909091
0.743130342478
0.211305421537
0.782507314676
0.0769230769231
0.411402264006
0.789659869504
0.57835627179
0.739863684516
0.655797826561
0.52715490762
0.732625716758
0.734421001025
0.611650682785
0.130434782609
0.234724021757
0.321768341296
0.0545181442274
0.543629676384
0.660291019016
0.330894404348
0.117647058824
0.125
0.731495769412
0.1
0.25
0.142857142857
0.0417282475673
0.188389053424
0.616129241752
0.93122856251
1.0
0.591586462103
0.910266108095
0.0714285714286
0.522027471572
0.106921775365
0.647301808935
0.601400591584
0.699646937504
0.378411601775
0.0352024732099
0.456370422831
0.650602784051
0.564354766895
0.753591812954
0.847314730869
0.770738542936
0.75
0.0
0.726954641945
0.708521111609
0.0646082992369
0.784454078181
0.744513134574
0.799239011747
0.658236319881
0.803876098072
0.735109972958
0.0324652479634
0.0909090909091
0.0
0.1
0.0417638181772
0.264564737953
0.0851571700416
0.675859725722
0.606333349398
0.599395648883
0.685688397763
0.59025908665
0.809243162024
1.0
0.866553107942
0.149765336198
0.857142857143
0.965497338005
0.77098779596
0.862779565669
0.116555804319
0.534590916528
0.0
0.732394234699
0.775803791521
0.364543505877
0.0
0.70324929044
0.143206599894
0.0555555555556
0.181818181818
0.701793499848
0.959985317359
0.686741559245
0.69658576103
0.0
0.0903254391495
0.0
0.619484950821
0.673975419012
0.777777777778
0.462638269419
0.810905324187
0.682918783109
0.846153846154
0.783884339648
0.717274705311
0.171842366547
0.722832380187
0.733333333333
0.511823269262
0.602192005202
0.656707078427
0.690325339655
0.698664098962
0.609895250494
0.79741848811
0.0666666666667
0.739338342204
0.856280974079
0.597269490852
0.790833175749
0.791577861367
0.498459042128
0.6501469249
0.6158810707
0.68293345015
0.138087144654
0.495666162883
0.282848122495
0.445853996898
0.0954069621548
0.0219710460003
0.644601043053
0.166666666667
0.67969149316
1.0
0.803278229128
0.0417759734745
0.557263464622
0.766436533384
0.125
0.11661252333
0.964840741254
0.536819026759
0.645177564255
0.621437177331
0.0273163223707
0.0833333333333
0.103284427082
0.0964333192458
0.865169060095
0.750359098025
0.676365153705
0.0666666666667
