0.0811982043363
0.096795147004
0.0461940618303
0.064300492151
0.0765151250346
0.0413725387324
0.0542369137756
0.0316966917062
0.0402789219978
0.0445030053825
0.0730064254489
0.0541821125451
0.111458469546
0.0856792810349
0.0517531980366
0.0824521010769
0.0628508883566
0.0592923921849
0.0858019548317
0.0763888888889
0.1031450274
0.046699927858
0.0597754457236
0.0867351322343
0.0478814515
0.0848696505713
0.0542000184262
0.0859836541201
0.0843398034649
0.0403861148775
0.0416483950558
0.0532343782403
0.0610599518401
0.0754321573987
0.0755851976242
0.069840356799
0.0394330958843
0.0458784459435
0.115646447617
0.0347023638232
0.0238006814071
0.0383736156929
0.0202978322081
0.0554001031588
0.033264577071
0.0786554921585
0.0519304977106
0.0409951141235
0.0588669225231
0.114285714286
0.0566616706212
0.0528148936067
0.073162865058
0.0597474693023
0.0403106308605
0.0312452732871
0.0717090584692
0.0509464237546
0.0419971445732
0.0403577184133
0.0301571337106
0.0793516653279
0.0330706386282
0.0253789964845
0.0301715356831
0.0515656603417
0.0491476746238
0.0448161894975
0.0672269484415
0.107142857143
0.0896065264025
0.118552677735
0.100727206476
0.0756157396542
0.0980978641446
0.0938684880905
0.133032651787
0.116403570314
0.0731666934194
0.0521564107732
0.0468915177126
0.0428479376922
0.0625315575974
0.0345198255382
0.0354692265852
0.0795080168394
0.0639343923347
0.0532696387386
0.0278416727636
0.0387859912197
0.0608559951193
0.0412873123824
0.06174316221
0.0459681485181
0.0514803611232
0.0642637476631
0.0522098138261
0.0693542874387
0.0688452055392
0.0536903045062
0.0649431238868
0.0723674025861
0.0917828350518
0.069614453459
0.0710799018435
0.0436287817495
0.0570280689187
0.0626050595983
0.0511132397571
0.0879780184539
0.0722049665481
0.0463796833342
0.0491500943713
0.0522479083333
0.0410955322542
0.0668581409874
0.0584214748018
0.0414774005598
0.099048579831
0.0438441079431
0.0898603367044
0.0637044527629
0.104896521726
0.0391916812485
0.143796594278
0.0459159712355
0.0453848842251
0.0740740740741
0.0650966118904
0.122448979592
0.0588066151955
0.0818199841233
0.0562080893426
0.0450853470285
0.0528889938731
0.0694264114722
0.0408580866812
0.0545897344642
0.0447517667155
0.0498510699985
0.0317533256065
0.0348741863073
0.0270693940962
0.0478211335857
0.0546450204161
0.0607784000628
0.0371438705948
0.0327063296942
0.114693807127
0.0624631259417
0.0922745782603
0.079697189479
0.0653578267051
0.0394576424756
0.0559224559528
0.0297332983125
0.0539839884347
0.108015315615
0.0418997301994
0.0437485094409
0.0626192354288
0.0434004856432
0.0518524774791
0.0415833755891
0.0718202202667
0.045672945366
0.0647387839225
0.0601762358058
0.0525233620854
0.0374279348683
0.0469286837385
0.0330918598184
0.0383793085721
0.0411656553142
0.0302197157389
0.0217392974046
0.0650020183623
0.0293951729854
0.0196581084862
0.0597682895942
0.0405406368885
0.0495907209952
0.0524276938729
0.0592773383409
0.0555574417862
0.0817766750289
0.0839843022421
0.0486788988293
0.0659536361678
0.0568163392689
0.0536829496123
0.053345727585
0.0195480080365
0.0317288606207
0.0414988902288
0.044118585187
0.0498026856844
0.0491527002492
0.0678026363876
0.0521161720859
0.0829074584876
0.0986254146117
0.048636995994
0.0602291566916
0.0803811144531
0.041999730114
0.0577375948472
0.0326789942048
0.0438315806817
0.0404762850965
0.0868953143377
0.0464547668723
0.0812647795566
0.0923304564503
0.0660903072942
0.116475961458
0.0595165608212
0.0663350055116
0.0702970711071
0.075613811155
0.101267848951
0.0476445175791
0.0617818564009
0.081365991938
0.043266435138
0.0681043530501
0.047755851636
0.0893669214541
0.0894223280318
0.0399292758486
0.0397746697394
0.0517039531678
0.0534274578601
0.0565099594757
0.0748132417308
0.060378617499
0.035602689878
0.040365675248
0.10338217862
0.0375035749422
0.0284019532152
0.0340792324937
0.0202978322081
0.07822085886
0.0345152077002
0.0598473747112
0.0485156344357
0.0428801045308
0.0574838752444
0.0724624394336
0.0513048622899
0.0323001506565
0.0668409799105
0.073901588545
0.034335857539
0.0311336213448
0.0605299539993
0.0585578515629
0.0436816752592
0.0447948603604
0.032940045401
0.0928670271594
0.0312399138757
0.0268930123184
0.0260796046258
0.0424814494464
0.0491476746238
0.0511608281082
0.0741693015943
0.107142857143
0.0810054429807
0.102927677735
0.130730472075
0.0642711225528
0.0852297017933
0.0880300386524
0.133032651787
0.0997744888404
0.070104745636
0.0369204163086
0.0483780591659
0.0432147128476
0.0636538969093
0.0328104860558
0.033037936966
0.0885121614633
0.0500838373437
0.0318781743132
0.0267046240269
0.0398500470376
0.0562058410173
0.0364207896225
0.0504016573714
0.0480869483771
0.0561413687941
0.0499244051784
0.054360835047
0.0803028850001
0.0687636221224
0.0609924160298
0.063641633654
0.076300411235
0.08316331702
0.0713898486656
0.0681695526556
0.0368937891074
0.0644653793201
0.0649905142649
0.0480661039991
0.0839970265428
0.0678190816812
0.0474655885198
0.0462984267335
0.0535909870806
0.0445452864207
0.062605502143
0.0525494401389
0.0326503863181
0.0959119741951
0.0477226546856
0.0898603367044
0.060068643968
0.0846073836649
0.0399135278208
0.143796594278
0.0524344304726
0.0441959603482
0.0740740740741
0.0635722223974
0.0738860753829
0.0893447079812
0.0824433078034
0.0540960992646
0.0501983829869
0.0494394225574
0.0563801330246
0.0424672173447
0.0586965633788
0.0465329959776
0.0362695491361
0.0317533256065
0.0335510494339
0.0320935253307
0.0433203523472
0.0520323177014
0.0463867593217
0.0381695177958
0.0337428865814
0.108168885451
0.0572169541839
0.0823402523429
0.091860702662
0.0573271323381
0.0414487192916
0.0575976056757
0.0243421054376
0.0480166027154
0.11436915771
0.044555646047
0.037410337518
0.0594683436025
0.0459992736553
0.0623906464794
0.0419075480572
0.0693211887697
0.0454186945584
0.0680120928507
0.056513744426
0.0251884308666
0.0303955829988
0.0534310685645
0.0296207794783
0.0347219901216
0.0421752564171
0.0302197157389
0.0212265456933
0.0585009252179
0.0314067716158
0.0193004261006
0.0526487606612
0.0291928440079
0.0471831898862
0.0518024935137
0.0546228977278
0.0423282820321
0.074186874376
0.0726206658785
0.0583690779351
0.061299804398
0.0643385360988
0.0549294527831
0.0495670783558
0.029336874484
0.0317702882528
0.0403057688444
0.0489569608962
0.0546190960618
0.0498840812834
0.0695799233024
0.0561958447356
0.0852460949214
0.142074049371
0.0547646629464
0.0624107431047
0.0863119646348
0.0438869893204
0.0363405248441
0.0310041432872
0.0467241562753
0.0445835040956
0.0868953143377
0.0450965198455
0.112489327481
0.104273270377
0.0520816515193
0.115842147436
0.0640447520935
0.0599284299508
0.082206385855
0.075613811155
0.106519301936
0.0459357005706
0.0471958401735
0.0699350633608
0.0472853332088
0.0641313008829
0.0472068888862
0.0879594080355
0.0963266553251
0.0399842921344
0.0540090896187
0.0540513187096
0.0609294838967
0.0668280169831
0.0619083185339
0.059395077655
0.0403151448954
0.0480715319426
0.115646447617
0.0294042483515
0.0270309368328
0.0261826466061
0.0236706965262
0.0690359988855
0.0338896479951
0.0655905185065
0.0506353072594
0.0386701821315
0.0517633087414
0.111786759239
0.04314311592
0.0274268176004
0.0728438035003
0.050350491481
0.0428930795075
0.0371092887402
0.0559935080575
0.0702694218754
0.0462591181589
0.0433956355672
0.030842374972
0.103244085744
0.0215348417291
0.0233723469356
0.0236129574097
0.0508238772973
0.0367660449276
0.0483045499737
0.0673444200901
0.116171890135
0.0743051710214
0.0759574133877
0.0836897217213
0.0698921973925
0.0793173770958
0.0849737704021
0.133032651787
0.125
0.0623236514944
0.0563163275074
0.0520289953894
0.0434760093001
0.0634191695416
0.034276203542
0.0373862889123
0.0805672592959
0.0473014502219
0.0384200343401
0.0323545118845
0.0388318088681
0.0498561905198
0.0397363718588
0.0577810169969
0.0513844908071
0.0625
0.0499244051784
0.0536947825953
0.0641600141901
0.0639704453815
0.0616213686599
0.0672948174343
0.0643168014835
0.0660061250446
0.0677510469615
0.0724494676471
0.0450578952225
0.0635095086778
0.0529173529172
0.0613585376536
0.0933379171413
0.0716616020214
0.0306576520152
0.0495140969521
0.0557255705286
0.0379574116779
0.0735471114407
0.0475227490196
0.0395767596686
0.0983086262927
0.0466184145387
0.0831450007482
0.0699070032408
0.104599653854
0.0593067535354
0.172555913134
0.0451552298961
0.0365984188998
0.0707070707071
0.062972715198
0.110829113074
0.0455679382346
0.0819572278321
0.0586041075367
0.0525060724956
0.0542915589683
0.0587454250919
0.035986526383
0.0639349499918
0.0425157022987
0.0426311349634
0.0285572459418
0.0325344807266
0.0313995111633
0.0460187483428
0.0476903479812
0.0598109950807
0.0383929626534
0.0468657744362
0.108562763335
0.06491871586
0.0783884339648
0.079697189479
0.0591318699434
0.0361563846918
0.0526674128594
0.0254634073485
0.0527537533742
0.116838860982
0.043187294944
0.0409385968547
0.046228660099
0.0483036314033
0.0527639173478
0.0426820096574
0.069087813858
0.0414968728215
0.058729679389
0.055927736567
0.0456833636098
0.0337524958215
0.0475713375656
0.030290726464
0.0272322918664
0.0365172667659
0.0302197157389
0.0185504349011
0.0575327241292
0.0310579043619
0.024588922934
0.0515453375116
0.0464069994967
0.0516861549201
0.0474589120178
0.048241057557
0.0492023708034
0.0806909159179
0.0942397409884
0.0590222867104
0.0788486915588
0.0394074660259
0.0641883799167
0.0509061310859
0.030640280415
0.0391018932342
0.0389638093397
0.0467243512811
0.0540186327995
0.0542774914083
0.0695695196619
0.054098830617
