0.811982043363
0.494587808457
0.508134680133
0.701943426867
0.690695369117
0.737068846279
0.599401072031
0.620375686162
0.561405671782
0.744332071429
0.59568395572
0.864938977239
0.775310296315
0.634856336682
0.595161777421
0.67497426941
0.949974421893
0.738762499339
0.828543246742
0.916666666667
0.9325712755
0.814356167379
0.791051450877
0.899125413988
0.853332602311
0.980895476784
0.863307644701
0.557584351636
0.600571962365
0.723693888421
0.595056683222
0.665730467755
0.685053230191
0.533764616868
0.801282051282
0.71024599183
0.59800080573
0.701159034526
0.751701909512
0.667466589193
0.560043641915
0.53006289836
0.338750924243
0.518302251026
0.633189123859
0.637655892321
0.642091225544
0.704525536755
0.711024387178
0.685714285714
0.730686830549
0.609118453842
0.763929160456
0.634766809672
0.703074844491
0.617860239425
0.689997435183
0.542075241358
0.662318994642
0.610567406767
0.614108281552
0.595137489959
0.538156797783
0.56887698368
0.632469828083
0.58542704564
0.368607559678
0.646248314194
0.766381130188
0.803571428571
0.811417040154
0.948421421883
0.604363238855
0.729196116648
0.83032927754
0.745145630586
0.864712236617
0.814824992197
0.651526517799
0.814844531878
0.673529549398
0.579278229157
0.636461060463
0.650161340484
0.547858925829
0.6534345486
0.47950794251
0.548747392146
0.395717441159
0.645341780841
0.791127936551
0.740118144309
0.840595029142
0.599800662262
0.600548833406
0.514140037209
0.762407250697
0.744207650864
0.620184971775
0.623197449986
0.784103435932
0.856650007361
0.799754661327
0.710675339461
0.709705686406
0.592331806059
0.643436115637
0.691390017402
0.496183993237
0.809396485312
0.712888409709
0.695082152273
0.721900542498
0.651658589272
0.633232135983
0.665054745971
0.572732556025
0.715676660629
0.954545454545
0.803406446269
0.794500179623
0.708208293368
0.96846601673
0.533076109339
0.79088126853
0.716711318072
0.595451676941
0.777777777778
0.823419883427
0.857142857143
0.411646306368
0.773804820721
0.674497072111
0.679251793594
0.899119176953
0.687919894907
0.809180797838
0.77739529153
0.684365778491
0.76236275104
0.626726321325
0.597785573014
0.525821857857
0.583713835549
0.831026563029
0.712172960635
0.524878337805
0.545938636064
0.790721750832
0.748521543984
0.752357351591
0.677426110572
0.701565900178
0.787365590384
0.785170705605
0.536138865547
0.688335258335
0.623486872175
0.651821229497
0.745315227888
0.692739093122
0.693157090182
0.700605442758
0.647977479025
0.872734578031
0.725445205359
0.877202234624
0.806891656312
0.57775698294
0.679196124237
0.657001572339
0.7028641777
0.549377306494
0.561780931782
0.268851809504
0.5247088682
0.626032458981
0.686824946223
0.494425226846
0.758492050066
0.612968120188
0.851106941447
0.863921235247
0.564455319994
0.75032972016
0.803575430375
0.763917769031
0.581818235552
0.847556859767
0.723524474362
0.567046839979
0.805008740771
0.420282172784
0.409686622933
0.535904256724
0.58967259931
0.708712355305
0.648179026692
0.644725548829
0.675279447344
0.848144719584
0.565453607176
0.607962449925
0.654290449872
0.695906670914
0.772593942085
0.612735888105
0.658880917454
0.610594149189
0.644369931958
0.713739511276
0.662143593611
0.58672333478
0.788989746585
0.772898197947
0.840903845832
0.902163367266
0.829109711499
0.68923880166
0.870059742968
0.865019982286
0.816403186971
0.80732280134
0.856875996738
0.747192870148
0.754853034111
0.792225896953
0.731930565357
0.659419637916
0.702535605241
0.578377251855
0.643844033129
0.638770177904
0.420103112184
0.827431814395
0.715191690863
0.552676486914
0.615812266295
0.737165340355
0.738812629195
0.666700115503
0.501043029494
0.338750924243
0.752323453616
0.654031314881
0.553240780388
0.650624208037
0.739613274368
0.72314750971
0.434774636601
0.684784477912
0.328491791941
0.742058701971
0.758131132752
0.604267011735
0.583629431095
0.56143773378
0.655079873031
0.672194706524
0.661226764414
0.704927075161
0.696502703696
0.509843876872
0.603916495508
0.609003363508
0.570686037327
0.368607559678
0.724021826636
0.784681565532
0.803571428571
0.780195654806
0.823421421883
0.915113304522
0.622221187962
0.749498734462
0.660225289893
0.864712236617
0.748308666303
0.628405841154
0.664718693348
0.694393040511
0.596299741103
0.519927844208
0.668443358732
0.485553678776
0.77599371106
0.350586861406
0.354602833513
0.379085171825
0.653555331722
0.767491430088
0.657406464097
0.722947059128
0.6552461748
0.680545703074
0.406199480207
0.789964253046
0.828393950992
0.619858638108
0.701791695215
0.758506966107
0.942650033756
0.784579327011
0.676602354071
0.736688337544
0.471631276962
0.647861220883
0.728356839454
0.458094796262
0.796657190053
0.800434057042
0.595390260313
0.698884145598
0.675344946428
0.639465392575
0.618921216232
0.554808847034
0.578733717519
0.921611095368
0.874899740586
0.794500179623
0.681974644758
0.825949036517
0.586632267336
0.79088126853
0.794481366624
0.632593485447
0.777777777778
0.72583660684
0.591088603064
0.602839691173
0.687126745306
0.676201240808
0.771286440846
0.865769764633
0.606619475107
0.769263197447
0.860487206132
0.728436990329
0.616453702084
0.626726321325
0.582860792959
0.595149447026
0.584730878978
0.724619814141
0.556641111861
0.54128869302
0.59615447485
0.80649963665
0.736770481764
0.741062271086
0.826746323958
0.682529585102
0.842126315844
0.742351388764
0.433842292054
0.556823529345
0.641602621884
0.688817003984
0.668248991719
0.621511216146
0.754189214751
0.872029326914
0.672323535883
0.802497666175
0.685855846143
0.936801040846
0.763064763563
0.251884308666
0.556927114805
0.699297142967
0.645364912766
0.510578378705
0.566689905737
0.268851809504
0.510230240386
0.541694264778
0.757128733981
0.502924807979
0.667684741969
0.423296238115
0.857218662256
0.851112961175
0.625892307197
0.571936489348
0.722030444487
0.655963223576
0.755124718575
0.744715386853
0.791321245474
0.619450397367
0.706550079013
0.582903309625
0.426131040093
0.487985034503
0.617995349303
0.786841915586
0.643358743894
0.684708409111
0.682467209273
0.809837901753
0.624019282654
0.665905291384
0.690604932589
0.730991478431
0.749912616232
0.403372513123
0.695103296284
0.636323536939
0.673563907692
0.713739511276
0.900428803295
0.724211083722
0.883788148417
0.624979818232
0.926737179487
0.970270105419
0.775044892067
0.778470928613
0.870059742968
0.922785965124
0.771570696163
0.66508166398
0.797935942706
0.819955080996
0.797884978465
0.770577414539
0.691232107287
0.695872572639
0.718381308545
0.715847023922
0.705059175022
0.668118583715
0.503650125414
0.738110964033
0.688986740742
0.635021159163
0.743072598578
0.751701909512
0.612160814407
0.59584151252
0.432013669001
0.374408233032
0.66141583277
0.608830444587
0.607804289907
0.708325995983
0.651779578075
0.678964860008
0.726613935057
0.639884403165
0.342835220005
0.728971338879
0.580613737239
0.735620065732
0.622549113862
0.540067278774
0.71949350975
0.727476666093
0.664410211529
0.651829841676
0.774330643077
0.34360845391
0.523718666528
0.551552922634
0.632868888685
0.330894404348
0.702162438347
0.708434634692
0.656177610044
0.682107113825
0.593553492951
0.62767291291
0.683295676692
0.705976688924
0.605472817283
0.864712236617
0.9375
0.633841781085
0.880052306778
0.719593723861
0.582185554525
0.585047841438
0.670221263536
0.550036004097
0.65742581574
0.307459426443
0.393508248008
0.449128415328
0.667660744871
0.526810193217
0.729323468534
0.839127116377
0.671973128511
0.75
0.406199480207
0.770264837063
0.752457369879
0.571926870699
0.710911508352
0.798100088549
0.77634800356
0.654963228458
0.743072726975
0.730060827202
0.534745955386
0.723758319155
0.618276036655
0.5497022956
0.864439399118
0.833730343079
0.508400416847
0.684528541526
0.623198273513
0.584092283015
0.695026611117
0.519793951991
0.700307948055
1.0
0.80135706452
0.753368957079
0.857142857143
0.965497338005
0.741334419193
0.862779565669
0.72419796301
0.548787507232
0.707070707071
0.728964302749
0.720389234984
0.296191598525
0.754323380067
0.70324929044
0.754355315279
0.854730000474
0.635002979914
0.72091479697
0.936350576438
0.705762393726
0.688088196171
0.542322920312
0.57153764891
0.568742820609
0.558639877561
0.716182853649
0.658038366752
0.476711077921
0.782486762025
0.681193639047
0.802347782019
0.666301688701
0.677426110572
0.666304683766
0.713825227647
0.761672263112
0.476926228176
0.627657157355
0.618843153073
0.70131481008
0.685508900382
0.582319585841
0.809290110983
0.720277044104
0.689784243532
0.860912716176
0.609331846036
0.762589133758
0.786637262573
0.454804657309
0.671412764405
0.522011554395
0.654553641711
0.404837531103
0.508878904385
0.268851809504
0.454807434712
0.543870222417
0.6468864019
0.605073135268
0.625821004238
0.579736861813
0.942307692308
0.815730374274
0.5701258226
0.575268704413
0.702566822269
0.738458760324
0.746398997404
0.900518025171
0.465446843509
0.638289882503
0.665726005465
0.595674724558
0.470120669981
0.46414579329
0.612333599947
0.772409982142
0.726058367032
0.696582486858
0.66566194301
