0.0767214854292
0.047619047619
0.0424634627411
0.0574800861747
0.0719931867446
0.0356946440913
0.0435175469265
0.0228150094395
0.0358543355064
0.0379752209034
0.0667887603001
0.0357727519386
0.105063156821
0.0715824072184
0.0480503838606
0.0767035255784
0.0598004994679
0.0524960920091
0.0690764853017
0.0763888888889
0.0888667070909
0.0425582812511
0.050074351745
0.0780432227572
0.0411881681285
0.0773948311682
0.0474375819843
0.0761389369636
0.0763456625594
0.0351451806524
0.0342884001986
0.0444815183731
0.0439256717571
0.0674380164932
0.0641025641026
0.0581610864657
0.0355955401513
0.0387084248985
0.115646447617
0.0290275874022
0.0192010776437
0.0346932875756
0.0175023032936
0.0500821760415
0.0296330006072
0.0707833851262
0.0470722509406
0.0365749419961
0.0500141192809
0.114285714286
0.0463117095432
0.0470141766115
0.0646676980434
0.0537599868923
0.0348485583517
0.026730061475
0.0683176047517
0.0440186542775
0.0382175749175
0.03003672346
0.026282885327
0.0714285714286
0.0261877390635
0.0202885779887
0.0249898212386
0.0435240068522
0.0408574544255
0.0388122755474
0.0468431046437
0.107142857143
0.0819199297656
0.118552677735
0.0758563822871
0.0647405899012
0.0928641935082
0.0814615666883
0.133032651787
0.116403570314
0.0586196617323
0.0408836569613
0.0391348803461
0.0407723417572
0.0583615331561
0.0291365937625
0.0328110609472
0.073112704115
0.0561428241802
0.0504700815447
0.0208490283083
0.0357604540441
0.0580060052467
0.0350369347504
0.053897413094
0.0441883540811
0.0486111111111
0.0602587870154
0.0438335808526
0.0604655835068
0.0688452055392
0.0420160461942
0.0573577398973
0.0608678171151
0.0626456378447
0.0568899110652
0.0601397371324
0.0395693975868
0.0541416138601
0.0537633838635
0.0395087259343
0.0797039099611
0.0586097407642
0.0378565454781
0.040351754293
0.0476022584724
0.0410955322542
0.0446649632472
0.0478072926739
0.0356904456615
0.0909090909091
0.0345294358233
0.0857905922434
0.0481518578528
0.096846601673
0.0350563497681
0.143796594278
0.0392184823501
0.0335550713537
0.0740740740741
0.0626848393482
0.122448979592
0.0588066151955
0.0681890693234
0.0531595373615
0.0385125938794
0.0515800117365
0.0625381722642
0.0364789268403
0.0444617879813
0.0406135431017
0.0419335443084
0.0277571405048
0.0289743145249
0.0229372843312
0.0418770402374
0.0497901824864
0.0576846860346
0.0335601863687
0.0270456440372
0.100262266626
0.056769686722
0.0789194029997
0.079697189479
0.0499768295577
0.0346825194726
0.0503550608594
0.0262870390927
0.051274370837
0.0695563573754
0.0337063655298
0.0370187601756
0.0490815173464
0.0389490070601
0.0424226084793
0.0342805270722
0.0581862165396
0.0416183443004
0.0626573024732
0.0525152434116
0.0525233620854
0.0316763801759
0.0469286837385
0.0268036123434
0.0308077913193
0.0375727977393
0.0241983905297
0.0186950676905
0.0575920632007
0.0266789308769
0.0172389023364
0.057126044643
0.0387274896434
0.0406489248826
0.0466088202921
0.0564611691649
0.0494135850613
0.0781023309911
0.0839843022421
0.0398278932757
0.058235198567
0.0525707723999
0.043281402925
0.0404394419856
0.0185786839038
0.0292417945612
0.02557369279
0.0421769912556
0.0428466112611
0.0441293132609
0.0572466164039
0.0435782253327
0.0788377140266
0.0634920634921
0.048636995994
0.049904328599
0.0803811144531
0.0375496165533
0.0401700433168
0.0247849141175
0.0381416908971
0.0356606234385
0.080677649189
0.0262669248658
0.0812647795566
0.0793102467372
0.0604544038644
0.116475961458
0.0578707082818
0.0614155341851
0.0575283170443
0.0725049785807
0.0893670933083
0.0409778890947
0.0499955926759
0.0781450541967
0.0353452193661
0.0600066320301
0.0434395108987
0.0832139732313
0.0824274547395
0.0364145658263
0.032691659732
0.0448163928452
0.0384349627875
0.0494040564486
0.0661945451516
0.0536964672511
0.0320049813783
0.0374713548474
0.0963873053281
0.0320990259698
0.0237991775477
0.0308318841549
0.0175023032936
0.0655916037953
0.0304170444151
0.0490172441573
0.044424479261
0.0386704167904
0.0482270603017
0.0724624394336
0.0432283726816
0.0285645036471
0.0641606341347
0.067914106135
0.0291612625306
0.0266032811689
0.0571385002818
0.0555019482392
0.0387240216807
0.0316350689388
0.0292778473253
0.0849439332601
0.025053821876
0.0230122362815
0.020617341998
0.0361132535581
0.0408574544255
0.0434953850953
0.0530888519296
0.107142857143
0.0810054429807
0.102927677735
0.122448979592
0.0530943836179
0.0799960311568
0.0880300386524
0.133032651787
0.0997744888404
0.0465394762127
0.0320240336345
0.0397708535531
0.0375458322457
0.0460542367774
0.0291749608776
0.0261631894501
0.0790876587561
0.0416666666667
0.0267214669899
0.0205546304321
0.0377391184574
0.0537904573281
0.0321863883455
0.042905998011
0.0400613818211
0.0561413687941
0.037367341046
0.0470504875276
0.0683230532028
0.0687636221224
0.0483994272562
0.0565908980453
0.0653383566392
0.0581709494272
0.0565632619933
0.0575202612301
0.0345889070086
0.0576961045989
0.0543437763042
0.0364615901763
0.0735728399641
0.0596776955835
0.0351336579665
0.0380170055509
0.0450045093485
0.0445452864207
0.0451807973269
0.0404881487576
0.0299589592513
0.0877724852732
0.0401589131158
0.0857905922434
0.0480929430248
0.0805824236384
0.0366559187003
0.143796594278
0.0452150410541
0.0344252833398
0.0740740740741
0.0576361072626
0.0738860753829
0.0753549613966
0.0612856304413
0.0512820512821
0.0449602955337
0.0481304404208
0.0505516229256
0.0342105697559
0.0500503512281
0.0451139966307
0.0311580524995
0.0277571405048
0.0311977478547
0.0252343550354
0.0373396801136
0.0454841191209
0.0463867593217
0.0345858335697
0.027972259387
0.0960600654493
0.048239101674
0.0823402523429
0.091860702662
0.0438687598341
0.0392910982956
0.0532377703252
0.0217368589594
0.0448553821848
0.0736479078092
0.0346796300902
0.0307112189317
0.05
0.0430125392071
0.0559847873748
0.0355961298874
0.0547782514607
0.0398122714088
0.0660693768314
0.0513889450795
0.0251884308666
0.0240829101122
0.0489223458207
0.0239474659192
0.0292674017534
0.0402565690064
0.0241983905297
0.0188015928923
0.0483933181715
0.0302984072721
0.0174033369446
0.047619047619
0.0291928440079
0.0390189412617
0.0473526501373
0.0517712204068
0.0423282820321
0.0677098931003
0.0726206658785
0.0518245574175
0.0525974550795
0.0600430672074
0.0451780027638
0.0379193376446
0.0262872269617
0.029438663822
0.0216995963733
0.0436739612154
0.0523179530571
0.0462411839578
0.0607540440185
0.0468589417354
0.0852460949214
0.0714285714286
0.0518949713393
0.0526900789935
0.0863119646348
0.0400884388161
0.0228361322757
0.0244510351323
0.0391739810821
0.0341787028973
0.080677649189
0.031481706907
0.106893428847
0.0903230456843
0.0492073637701
0.109375
0.0609943632047
0.0510204081633
0.071614482082
0.0725049785807
0.0946185462936
0.0379051976461
0.0400887683005
0.0601262269071
0.0425003518598
0.0571903971515
0.0427268023895
0.0747035045239
0.0814246179356
0.0356413039246
0.045312746905
0.0474046785666
0.0481128264974
0.0599449035495
0.0527222117166
0.0504110235524
0.0387607707217
0.0432826985957
0.115646447617
0.0252937248673
0.0219630913819
0.0243483826561
0.0207093185801
0.0598977977411
0.028564010804
0.0572951036906
0.0467487098434
0.0338139647693
0.0432125917365
0.111786759239
0.0346613983539
0.0246454527654
0.069432454331
0.0424188611893
0.0367055973959
0.0303270934438
0.0522629089683
0.0666023378871
0.043749769583
0.0313271946245
0.0232624381693
0.103244085744
0.018098532332
0.0178525523293
0.0182016545995
0.0440194012677
0.031239231462
0.043260561498
0.0470651718428
0.10449939563
0.0672098510489
0.0637134913203
0.076443415799
0.0564010867141
0.06964792207
0.0690220143135
0.133032651787
0.125
0.045460568871
0.0468871964218
0.0410345092333
0.0365377265792
0.0546366529818
0.0279812595791
0.032334293667
0.0699646937504
0.025
0.0359055719679
0.0277276912565
0.0359715899523
0.0442866267161
0.0340630323251
0.0511376177836
0.0456780741308
0.0625
0.037367341046
0.0460988055137
0.0551970846252
0.0639704453815
0.0490283798863
0.0563784479956
0.0553423759812
0.0535345623616
0.0593112394674
0.0659101528587
0.0428935453583
0.0571049246203
0.0505545851431
0.0504361158
0.0788514295962
0.0620114044938
0.0253746181835
0.0408922446432
0.0501213450582
0.0339453421308
0.0501851487678
0.0447224651949
0.037100178995
0.0909090909091
0.0386636913855
0.069076113716
0.0612244897959
0.0965497338005
0.054148872428
0.172555913134
0.0383701166237
0.0288737349737
0.0707070707071
0.057089978884
0.110829113074
0.0455679382346
0.0613248208327
0.0555555555556
0.0442375666994
0.0505196621457
0.0529169149928
0.0310329150143
0.052662523299
0.0412460713041
0.0340241978608
0.0243873136618
0.0276675248255
0.0236062953175
0.0368988404497
0.0400152366527
0.0598109950807
0.034211997723
0.0426792275888
0.0890770132934
0.0583493629142
0.0714285714286
0.079697189479
0.0426483862028
0.0330521128098
0.0488888888889
0.0232646940574
0.0473221279339
0.0801680637798
0.0367138872876
0.0340255995384
0.0410346526511
0.0469069698888
0.0415440699994
0.0394628643706
0.0547634979196
0.0383751225987
0.0564880839821
0.0511232371797
0.0415382535107
0.0306879425264
0.0410587380467
0.0237981430802
0.0239054619873
0.0331489627895
0.0241983905297
0.0164010060369
0.0424553857391
0.0252141313918
0.0231447075161
0.0486998429489
0.0399818525388
0.0428209725934
0.0441557244873
0.0431808259335
0.0463568762407
0.0729185383871
0.0878739774755
0.0530554174318
0.0694769307542
0.0394074660259
0.0521865952775
0.0365557072624
0.0275962249932
0.0362322016271
0.0255266692563
0.0444187084876
0.0526933149997
0.0524687995187
0.0664802025641
0.0436771986577
