0.767214854292
0.0
0.509561552893
0.689761034097
0.733452057532
0.651795870058
0.493301144113
0.547113345718
0.583797245668
0.660457793594
0.601098842701
0.884615384615
0.817010316333
0.642857142857
0.576604606327
0.25
0.920880787062
0.680189560117
0.774941655453
0.916666666667
0.909090909091
0.876632720567
0.8125
0.916666666667
0.0
1.0
0.333333333333
0.685250432672
0.610765300475
0.65
0.242191203575
0.2
0.632513733855
0.285714285714
0.833333333333
0.822113530011
0.56952864242
0.611031815898
0.925171580938
0.669515615839
0.501425552416
0.506737901186
0.259025819364
0.559985702494
0.646433448831
0.728749591224
0.181818181818
0.768888254517
0.0954334323848
0.8
0.0
0.655855409509
0.707571971796
0.649522589935
0.700590076081
0.539013173947
0.698760402168
0.484205197053
0.62619946462
0.551260029294
0.130434782609
0.0
0.0775104972051
0.526629684769
0.594441240997
0.652860102783
0.36771708983
0.117647058824
0.3125
0.285714285714
0.0
0.948421421883
0.53099467601
0.662789249249
0.527278442965
0.0
0.93122856251
0.93122856251
0.724073300231
0.79476961705
0.126158085538
0.515249199256
0.123074168904
0.641005062774
0.571628163909
0.73112704115
0.449142593442
0.51515270582
0.34525931172
0.598570013787
0.812084073454
0.712237310606
0.833333333333
0.705134030338
0.583333333333
0.0
0.15
0.705981289406
0.0
0.672256739108
0.0714285714286
0.903459362035
0.793511293471
0.779183536996
0.675647424001
0.153846153846
0.0
0.0
0.0
0.802148283644
0.707145572563
0.176470588235
0.0
0.195500899504
0.732222352661
0.562786087774
0.545454545455
0.782705042008
1.0
0.828706459758
0.1
0.674126009939
0.96846601673
0.0
0.2
0.739979055902
0.595348759741
0.111111111111
0.769230769231
0.857142857143
0.470452921564
0.230769230769
0.637914448337
0.117647058824
0.0555555555556
0.687919894907
0.811002226369
0.791250556245
0.669338312536
0.771808092866
0.105263157895
0.0555555555556
0.481682970955
0.589728512894
0.8125
0.712471524185
0.522892819912
0.513867236707
0.813556276967
0.756759322732
0.789194029997
0.717274705311
0.609089754701
0.704600936987
0.755325912891
0.578314860039
0.0769230769231
0.543020443483
0.558533396761
0.703356443336
0.687141242849
0.623605274136
0.0666666666667
0.582412285137
0.881258059725
0.085718313128
0.877202234624
0.759055755871
0.630280345025
0.710029946786
0.703930256078
0.707384806908
0.0
0.566346943394
0.240062988088
0.467376692261
0.181640129539
0.037037037037
0.441192089747
0.0
0.658367323937
0.932731970241
0.868692239771
0.545926838745
0.0
0.838513492565
0.125
0.0714285714286
0.0666666666667
0.708292223513
0.0714285714286
0.736412360297
0.0
0.0833333333333
0.0
0.0576771252001
0.743259548751
0.622859823522
0.585887339667
0.616132707478
0.1
0.0
0.166666666667
0.598851943188
0.695906670914
0.1
0.455354902259
0.6094259812
0.628119405051
0.609526462633
0.726098842701
0.653846153846
0.580083198964
0.8
0.333333333333
0.857142857143
0.915935836253
0.859817478592
0.636363636364
0.870059742968
0.8993645861
0.759668264851
0.845381560154
0.909090909091
0.723341491474
0.75
0.751748438605
0.748925759081
0.659419637916
0.764705882353
0.0625
0.133333333333
0.553449517123
0.285714285714
0.86052908697
0.721080430337
0.478146599784
0.633426983734
0.703232238086
0.72002146006
0.581485587597
0.0775217625382
0.259025819364
0.721056257798
0.657808646628
0.533913966257
0.0909090909091
0.796323414776
0.0625
0.507237076035
0.0417638181772
0.428467554706
0.0451824134664
0.784168900426
0.578947368421
0.557595476305
0.56461114853
0.0909090909091
0.636328399883
0.625085870133
0.0434782608696
0.0
0.05
0.579928188343
0.50637587196
0.541698803372
0.36771708983
0.0
0.808532092731
0.285714285714
0.750336879804
0.823421421883
0.857142857143
0.534680980133
0.509707930563
0.704240309219
0.93122856251
0.798195910723
0.54035070558
0.614810880445
0.0714285714286
0.508960907415
0.441890027583
0.617170519476
0.473419969364
0.790876587561
0.333333333333
0.0
0.365568682998
0.632501990408
0.714285714286
0.651238294294
0.673325097326
0.645927942713
0.0833333333333
0.0
0.181641658044
0.776477641275
0.0
0.774390836099
0.750508754457
0.981783693318
0.736831915366
0.776629966937
0.636363636364
0.153846153846
0.0909090909091
0.0455175672681
0.0650611406928
0.740444569517
0.782293609125
0.566315893082
0.0
0.0417638181772
0.788932634522
0.570634348746
0.5
0.719015022031
0.965497338005
0.889325177695
0.1
0.673301202347
0.805824236384
0.0
0.2
0.833333333333
0.620639462257
0.111111111111
0.749269394413
0.236403249875
0.602839691173
0.657975377491
0.166666666667
0.117647058824
0.187971474435
0.060160294035
0.734814491863
0.858408970264
0.748828164506
0.588235294118
0.0904422128669
0.111111111111
0.0
0.555051997982
0.705363820517
0.649414630504
0.54135446953
0.0526315789474
0.845409520872
0.696047794375
0.823402523429
0.826746323958
0.0714285714286
0.827294703768
0.758175464016
0.478210897106
0.533641814248
0.574962822511
0.575592326622
0.105263157895
0.7
0.699359537488
0.0666666666667
0.609315598948
0.84839912402
0.63090257223
0.113838417846
0.761638924855
0.302261170399
0.510827481895
0.73383518731
0.650234259863
0.0
0.606800296494
0.240062988088
0.470039822308
0.0542929636304
0.131219616159
0.469890097505
0.0
0.496278348134
0.901147185376
0.824953201711
0.586872417613
0.0769230769231
0.722030444487
0.25
0.188041094759
0.753066402593
0.781356522521
0.0
0.627511217182
0.0
0.0833333333333
0.0666666666667
0.0909090909091
0.797650634971
0.676329696438
0.571572783056
0.308935318264
0.852460949214
0.142857142857
0.125687012822
0.632280947922
0.777777777778
0.732772096579
0.233352759699
0.672207032379
0.65116892918
0.596142421597
0.726098842701
0.137931034483
0.691228423186
0.942707358311
0.590488365241
0.875
0.941176470588
0.714285714286
0.8
0.870059742968
0.962382021923
0.681818181818
0.652971778382
0.781640949792
0.820031274386
0.761884871813
0.737145405582
0.672331540715
0.651396943485
0.684210526316
0.666666666667
0.0
0.758646299683
0.369624482152
0.230769230769
0.717470917152
0.25
0.722222222222
0.925171580938
0.583443760454
0.571750482607
0.15885743316
0.315634524913
0.615384615385
0.59497955035
0.0
0.0909090909091
0.701695128445
0.179505958316
0.782507314676
0.0769230769231
0.369681791481
0.745312330304
0.509681377284
0.713693242104
0.633436937525
0.52715490762
0.732625716758
0.708268113914
0.591118802684
0.0434782608696
0.234724021757
0.29905628633
0.037037037037
0.453084876919
0.660291019016
0.281153083158
0.117647058824
0.0625
0.731495769412
0.1
0.25
0.285714285714
0.0
0.299500164535
0.552176114508
0.93122856251
1.0
0.50848364
0.886772166525
0.0714285714286
0.465675931664
0.0
0.590909090909
0.601400591584
0.699646937504
0.2
0.0
0.456370422831
0.628857660063
0.524903499971
0.732315673633
0.847314730869
0.733438711283
0.75
0.0
0.726954641945
0.684342573792
0.0646082992369
0.784454078181
0.712596336563
0.767497979032
0.622372409013
0.803876098072
0.735109972958
0.0769230769231
0.0909090909091
0.0
0.1
0.165376344833
0.2
0.0588235294118
0.613383669647
0.606333349398
0.573049221312
0.685688397763
0.545454545455
0.809243162024
1.0
0.842105263158
0.0
0.857142857143
0.965497338005
0.703935341564
0.862779565669
0.047619047619
0.510634110651
0.0
0.692691571338
0.775803791521
0.364543505877
0.0
0.666666666667
0.0588235294118
0.0555555555556
0.181818181818
0.683229397897
0.959985317359
0.686741559245
0.647498521114
0.0526315789474
0.0903254391495
0.0
0.546139992282
0.648321985666
0.777777777778
0.460532694903
0.810905324187
0.682918783109
0.846153846154
0.714285714286
0.717274705311
0.0714285714286
0.7
0.733333333333
0.511823269262
0.569515520845
0.656707078427
0.669337049104
0.64648639123
0.574485137115
0.79741848811
0.133333333333
0.71033155867
0.82941935033
0.567939610591
0.790833175749
0.764120211901
0.498459042128
0.6501469249
0.6158810707
0.666348006245
0.0547538113211
0.495666162883
0.240062988088
0.410025150923
0.0
0.0219710460003
0.624907102935
0.0833333333333
0.67969149316
1.0
0.794470980123
0.0417759734745
0.557263464622
0.766436533384
0.125
0.11661252333
0.964840741254
0.536819026759
0.645177564255
0.568675426802
0.0
0.0833333333333
0.103284427082
0.05954303455
0.8373373863
0.750359098025
0.636204031433
0.236195309087
