0.767214854292
0.380952380952
0.467098090152
0.661020991009
0.690695369117
0.682844375942
0.511720220603
0.561775199797
0.534347467606
0.687155461666
0.567704462551
0.850141442051
0.720950138157
0.602678571429
0.552579414397
0.651979967416
0.936807601578
0.707567424122
0.767391496886
0.916666666667
0.893834189391
0.814356167379
0.744406424248
0.88141025641
0.853332602311
0.964285714286
0.863307644701
0.532972558745
0.572592469196
0.678548206374
0.558595601788
0.653049432391
0.630011914759
0.505785123699
0.801282051282
0.71024599183
0.551730872345
0.642498916819
0.751701909512
0.62729588876
0.512772307722
0.515079691785
0.287033639324
0.503418596705
0.590690776289
0.637655892321
0.609011892588
0.66752241146
0.685421383064
0.685714285714
0.671519788376
0.586505676118
0.707626508055
0.600483892698
0.636900069164
0.590267324674
0.669648712878
0.484205197053
0.624117718912
0.564816707123
0.568176303955
0.535714285714
0.475854017343
0.527066356238
0.557614579952
0.565812089079
0.306430908191
0.63646148179
0.736954254113
0.803571428571
0.791637052416
0.948421421883
0.455138293723
0.687467869081
0.806777759676
0.69242331685
0.864712236617
0.814824992197
0.611982043008
0.733984297496
0.587023205192
0.548144290132
0.623105710836
0.59730017213
0.537584424773
0.621457984978
0.421071181352
0.51515270582
0.349968230013
0.613573640498
0.754078068208
0.683747818182
0.840595029142
0.589121895639
0.583333333333
0.470085470085
0.7289125152
0.731623012267
0.620184971775
0.588224646719
0.768691684349
0.815433454836
0.765171604418
0.687173900212
0.647495448001
0.548659193261
0.624674157756
0.677182374192
0.421434430027
0.792178335669
0.663315914816
0.681417818606
0.665803945834
0.621803116548
0.633232135983
0.614899428468
0.50666874019
0.683698725672
0.954545454545
0.794177023935
0.774151457319
0.625974152086
0.96846601673
0.490788896753
0.79088126853
0.716711318072
0.554282084804
0.777777777778
0.792066840379
0.857142857143
0.411646306368
0.773804820721
0.637914448337
0.629054977519
0.887338337723
0.687919894907
0.788529845008
0.767678350659
0.670744980898
0.728807636345
0.583023015543
0.549398905918
0.481682970955
0.552870480838
0.804571459891
0.673501535283
0.496367714537
0.473298770651
0.75077176901
0.733110593897
0.670814925497
0.677426110572
0.635552092618
0.733808182692
0.755325912891
0.525740781854
0.669367935152
0.528730431812
0.565184399651
0.684847063248
0.638059725503
0.642869197078
0.660797094135
0.582590622682
0.848781511232
0.712987880175
0.877202234624
0.793970409504
0.57775698294
0.635684945898
0.657001572339
0.7028641777
0.47752076545
0.533032417312
0.21434195365
0.467376692261
0.606366213392
0.647368362831
0.453321226415
0.742638580359
0.600276089472
0.843046203872
0.840937993711
0.547558304938
0.694914035961
0.803575430375
0.763917769031
0.518378200482
0.833567113182
0.723524474362
0.550892465864
0.713622333733
0.399441703932
0.394764226576
0.425744172212
0.578993832688
0.692979358834
0.620427910951
0.579176751853
0.614365286818
0.827795997279
0.507936507937
0.607962449925
0.573899778888
0.695906670914
0.739550788935
0.490612440529
0.611441856115
0.572204158502
0.581580990183
0.685760018107
0.630039081776
0.58672333478
0.775
0.755680048304
0.840903845832
0.888996546952
0.829109711499
0.634587561925
0.870059742968
0.847039605438
0.798529013172
0.770511243331
0.839160839161
0.69046233277
0.738243271613
0.766829817391
0.707318772466
0.659419637916
0.6918767507
0.531451013854
0.617636560043
0.585868883809
0.395232451589
0.827431814395
0.715191690863
0.495113150918
0.601915234625
0.737165340355
0.698666364726
0.619474773921
0.486059822919
0.287033639324
0.670082616762
0.605008338068
0.512043203915
0.639903693805
0.703657101922
0.710639431693
0.434774636601
0.664273835433
0.328491791941
0.705874033998
0.723848215778
0.539473684211
0.523498725151
0.541089011475
0.638272404751
0.633993430794
0.622089090745
0.669698024243
0.637079499451
0.437522923663
0.569188777448
0.522630722705
0.523642176593
0.306430908191
0.702185448634
0.784681565532
0.803571428571
0.780195654806
0.823421421883
0.857142857143
0.559359599965
0.725947216598
0.660225289893
0.864712236617
0.748308666303
0.575720866608
0.612304369704
0.612941750419
0.537329297969
0.464968636235
0.629509829392
0.438621291273
0.751332758183
0.291666666667
0.306061352968
0.345041536865
0.632446045919
0.733676058439
0.609997823476
0.711528888124
0.574818400088
0.680545703074
0.291666666667
0.767128372089
0.802119364136
0.619858638108
0.701791695215
0.743095214523
0.929996913623
0.736831915366
0.641828883387
0.636788234047
0.43936292758
0.610803286888
0.685598064583
0.383345233053
0.761326478606
0.78521247025
0.581794039256
0.628714284433
0.612171837084
0.639465392575
0.583983986994
0.505286738237
0.569220225775
0.921611095368
0.864711118208
0.774151457319
0.649254730835
0.805824236384
0.55005025009
0.79088126853
0.77380952381
0.558575516031
0.777777777778
0.691633287151
0.591088603064
0.602839691173
0.687126745306
0.641025641026
0.745113607295
0.853988925404
0.606619475107
0.732444705128
0.850770265261
0.728436990329
0.558961093305
0.583023015543
0.569409805886
0.529611737159
0.538903759786
0.684617825796
0.556641111861
0.512778069753
0.528222916465
0.764000173129
0.709817159743
0.741062271086
0.826746323958
0.620549982003
0.808245128419
0.725133239121
0.413000320228
0.537856206162
0.544701621326
0.60786253091
0.614224378634
0.6
0.715286352004
0.843709255237
0.591172101853
0.777699197018
0.658155403674
0.936801040846
0.736627896819
0.251884308666
0.490394382619
0.684912841489
0.637159000662
0.468278428054
0.553259093862
0.21434195365
0.460639025862
0.502301092479
0.74216581534
0.461188429032
0.619047619048
0.423296238115
0.849157924681
0.81763193302
0.588820502024
0.571936489348
0.722030444487
0.655963223576
0.708183386267
0.744715386853
0.776175359592
0.603296023252
0.656567642573
0.552031766195
0.412141293508
0.354020667048
0.5677614958
0.767282200046
0.616931039942
0.60982935026
0.638643286545
0.809837901753
0.535714285714
0.648687141741
0.632280947922
0.730991478431
0.728690135513
0.276529305779
0.657421540976
0.568337036049
0.614018831317
0.685760018107
0.87220802638
0.673847996018
0.883788148417
0.590488365241
0.875
0.957103285105
0.714285714286
0.75807241041
0.870059742968
0.904805588276
0.73025822485
0.654293437871
0.721514722885
0.809780719843
0.781275215967
0.731750523102
0.634979788453
0.610684634517
0.683757500732
0.673178935121
0.705059175022
0.643943695577
0.479559228396
0.738110964033
0.688986740742
0.622586165774
0.720835703947
0.751701909512
0.583091500292
0.548783367079
0.401748313826
0.333846470388
0.614106074505
0.55095200408
0.607804289907
0.698141507463
0.623223058541
0.665617097304
0.726613935057
0.595792765646
0.308068159567
0.688035148848
0.530563286373
0.68064708591
0.56492323268
0.517683684238
0.699324547814
0.690561411066
0.627145239313
0.560022183685
0.774330643077
0.321464200319
0.460868150934
0.456021025536
0.616271617748
0.281153083158
0.691886264322
0.708434634692
0.626996373782
0.640112678319
0.541564676223
0.573325618492
0.62393387738
0.662464141308
0.517665107351
0.864712236617
0.9375
0.571599803402
0.859122431711
0.636034893117
0.525139778465
0.550737744299
0.603248400825
0.529805283062
0.629682243753
0.1625
0.36082023717
0.438853914272
0.656788182877
0.490176873931
0.699235325941
0.839127116377
0.61221255641
0.75
0.291666666667
0.747656849702
0.726689533921
0.571926870699
0.710911508352
0.750947304251
0.734618762362
0.62038017155
0.73076683053
0.730060827202
0.534745955386
0.685259095443
0.60055527835
0.509633825374
0.815934065934
0.819460105462
0.469430436395
0.592937547326
0.605634904139
0.560647663087
0.65622465882
0.481990120358
0.691060090726
1.0
0.791168442142
0.649857435468
0.857142857143
0.965497338005
0.67686090535
0.862779565669
0.713187861426
0.503361568957
0.707070707071
0.690788664902
0.720389234984
0.296191598525
0.754323380067
0.666666666667
0.741229802511
0.843538203207
0.635002979914
0.682976764106
0.926633635567
0.705762393726
0.629967041304
0.497780016138
0.523796156599
0.494608453224
0.494463038839
0.664290504381
0.658038366752
0.445631829389
0.746886482804
0.664188992522
0.802347782019
0.607142857143
0.677426110572
0.618401599941
0.681755059089
0.733333333333
0.476926228176
0.592351591992
0.583241800051
0.670996047853
0.612460791692
0.533450484464
0.79741848811
0.647242242054
0.651137262114
0.822862156534
0.568132029012
0.762589133758
0.760200395829
0.436151661862
0.651948113222
0.49270485656
0.630650791625
0.394440122791
0.481087746328
0.21434195365
0.410025150923
0.439862761315
0.589818564482
0.578617687903
0.608748036861
0.579736861813
0.942307692308
0.805182463035
0.501812695684
0.556772989755
0.702566822269
0.712995706273
0.717591057148
0.900518025171
0.465446843509
0.622135508388
0.615743569026
0.576082695773
0.452902520339
0.396497473071
0.599652564583
0.762470098644
0.726058367032
0.676501925722
0.595641952503
