0.0767214854292
0.047619047619
0.0333333333333
0.0530303030303
0.0666774597756
0.0330697732902
0.0404560633783
0.0191868129616
0.0303436788705
0.0316205163692
0.0667887603001
0.0305039787798
0.0817010316333
0.0570030974718
0.0480503838606
0.0694444444444
0.0541694580625
0.0498294907762
0.0606060606061
0.0763888888889
0.0757575757576
0.0413158793373
0.045036488487
0.0705128205128
0.036809971087
0.0714285714286
0.0458500684278
0.0761389369636
0.0661164155916
0.0324607354544
0.0342884001986
0.0350648907504
0.0374642025706
0.0475727387028
0.0641025641026
0.051033155867
0.0333333333333
0.0338271924853
0.115646447617
0.0267532175508
0.0155785935928
0.0346932875756
0.0159147897371
0.0437179501617
0.0281959218354
0.060729132602
0.0437643140519
0.0283078284202
0.0374932802161
0.114285714286
0.0463117095432
0.0405867752412
0.0512244020106
0.0463346706622
0.0318450034582
0.0238990361194
0.0683176047517
0.0440186542775
0.0299676850649
0.0231061892372
0.0241777150619
0.0714285714286
0.0249372619178
0.0178783340897
0.0218643237455
0.0363636363636
0.0310356442695
0.0297292523029
0.0426961142358
0.107142857143
0.0719670047651
0.109375
0.0758563822871
0.0602535681136
0.0928641935082
0.0650139747328
0.119047619048
0.104166666667
0.033788322494
0.0396096054265
0.0391348803461
0.0357633916918
0.0402433401
0.0263157894737
0.0273681162012
0.0571428571429
0.0464476521034
0.0390420331484
0.0166100974212
0.030735187719
0.0580060052467
0.0311757671067
0.0475753709782
0.0371123173862
0.0486111111111
0.042735042735
0.0412482016321
0.0533272431121
0.0568181818182
0.0364583333333
0.0501400759171
0.0559544267413
0.0566793781051
0.041030207341
0.0563039520001
0.0316742081448
0.0502915817732
0.042912224265
0.0358673205528
0.0694852890819
0.0389788417505
0.0378565454781
0.0362005072832
0.0384615384615
0.0389947606566
0.031826407811
0.0380477904783
0.0329556598439
0.0909090909091
0.0334590685708
0.075698245659
0.0416666666667
0.096846601673
0.0292599343252
0.143796594278
0.0325814536341
0.0280367698017
0.0740740740741
0.0591715976331
0.122448979592
0.0588066151955
0.0573540134669
0.0531595373615
0.0332874820941
0.0483653178477
0.0625381722642
0.035415066959
0.0334928511822
0.0373417582922
0.0323529411765
0.0277571405048
0.0276032800898
0.0229372843312
0.034386246755
0.0477941176471
0.043848112985
0.0269607426188
0.025085058897
0.0634057140654
0.0472974576708
0.0714285714286
0.079697189479
0.0442417125694
0.0325251842453
0.0479720147253
0.0221198605611
0.0480120749587
0.0392072221592
0.0245059414932
0.0370187601756
0.0455852591615
0.0334082123877
0.0333333333333
0.0304171518746
0.0470970263036
0.0370028461405
0.0626573024732
0.0426747330084
0.0525233620854
0.0284011978714
0.0469286837385
0.0237333052228
0.0308077913193
0.0288096669822
0.017147356292
0.0178371710822
0.0484700107949
0.0220205041871
0.0165508892598
0.0535714285714
0.036620088245
0.0375216483917
0.040843238408
0.0384615384615
0.0465896842196
0.0698761243804
0.0711760844925
0.0315836920315
0.051603184798
0.0472194815675
0.0351776587396
0.0371517027864
0.0162154753721
0.0292417945612
0.022145814341
0.0396623050586
0.0358050879674
0.0344793595636
0.0406878596712
0.0410755138319
0.0788377140266
0.0634920634921
0.0448717948718
0.0454545454545
0.0632642428103
0.0362569269431
0.0373440585031
0.0205995714305
0.0306948034266
0.0283527132242
0.080677649189
0.0225464190981
0.054093694172
0.0657028909736
0.0604544038644
0.107142857143
0.0538785786031
0.0585438097805
0.0530303030303
0.0725049785807
0.0749470488417
0.0379366869132
0.0446218718675
0.0699300699301
0.0328791587034
0.0535714285714
0.0401234567901
0.07536461338
0.0734768636427
0.0364145658263
0.0308161779764
0.0350648907504
0.0327811772493
0.031746031746
0.0661945451516
0.0480720286891
0.0298841624865
0.0315789473684
0.0879040297608
0.0277777777778
0.0201766934967
0.0269352537431
0.0159147897371
0.0567414543149
0.0283584075427
0.0444928305215
0.0416388481968
0.0290947994795
0.0368986821003
0.0571428571429
0.0411401817727
0.0285645036471
0.0482747564161
0.0603206846482
0.0263157894737
0.023233144846
0.0531660896002
0.0555019482392
0.0318164199942
0.0272909056725
0.0273346132344
0.0849439332601
0.0237437981996
0.0207273369387
0.0186251646721
0.0333333333333
0.0310356442695
0.0370980678592
0.0483889294672
0.107142857143
0.07
0.09375
0.122448979592
0.0440222272798
0.073469682545
0.0773719092643
0.119047619048
0.0892857142857
0.0271356210603
0.0309319894617
0.0397708535531
0.0375458322457
0.0314452657399
0.0268595041322
0.0190476190476
0.0666666666667
0.0416666666667
0.0203572610004
0.0175871619754
0.0337863294188
0.0510204081633
0.0289916421382
0.0369643322898
0.0318105577596
0.0493999112179
0.0277777777778
0.0418240864073
0.0554154428166
0.0520833333333
0.0432692307692
0.0536077681755
0.06305713968
0.0526308510976
0.040404040404
0.0530303030303
0.025641025641
0.0538072142725
0.0460782887342
0.0292006538862
0.0641402668449
0.0426705517393
0.033312699593
0.0342952174262
0.03717084602
0.0445452864207
0.0325152351032
0.0346011643234
0.0267857142857
0.0877724852732
0.0359848484848
0.075698245659
0.0421066126991
0.0805824236384
0.0299485331866
0.143796594278
0.0396825396825
0.0294094716891
0.0740740740741
0.0534840943266
0.0738860753829
0.0753549613966
0.0518221039241
0.0512820512821
0.0413952004053
0.0465626469115
0.0505516229256
0.0300174124003
0.0381997396487
0.0416497538913
0.0294117647059
0.0277571405048
0.0298267134196
0.0240591826624
0.0299219610408
0.0394786678033
0.0463867593217
0.0279863898198
0.0264037912748
0.070450793406
0.0435029871484
0.075
0.091860702662
0.0388505324693
0.0380504299426
0.0450959144266
0.0217368589594
0.0410493703268
0.0415135293451
0.0268015210455
0.0292241002006
0.05
0.039214525396
0.0466666666667
0.0338508666082
0.0451474128893
0.0349403566844
0.0632420537369
0.0404677280896
0.0251884308666
0.0204330992758
0.0431259303777
0.0217345021008
0.0292674017534
0.0308675003381
0.017147356292
0.0188015928923
0.0358074875388
0.0266528500399
0.0166888618266
0.047619047619
0.0267342090431
0.0371458282366
0.04043898557
0.0355029585799
0.0369742996042
0.0601692037072
0.0598124481289
0.0490426834857
0.047619047619
0.0520904348347
0.0402197348835
0.0331103571178
0.023821270233
0.029438663822
0.0197166002003
0.0402087780436
0.0418307453496
0.0352126654466
0.0403168061362
0.0401417907249
0.0852460949214
0.0714285714286
0.0448717948718
0.0486111111111
0.0707070707071
0.0385803009374
0.0174419543553
0.0210549777953
0.0349591116249
0.0264902713251
0.080677649189
0.0280476403449
0.0798982531978
0.0733199429184
0.0492073637701
0.109375
0.0553633217993
0.0510204081633
0.0666666666667
0.0725049785807
0.080198501827
0.0335622392652
0.0315861916624
0.0560848924133
0.0359408839105
0.0544203479867
0.0392156862745
0.066997931182
0.0714285714286
0.0341691952152
0.045312746905
0.0408453873729
0.042631207312
0.0422868788469
0.0527222117166
0.0478313944768
0.0367647058824
0.0398663621883
0.115646447617
0.0232636674355
0.018545723652
0.0183823529412
0.0190284218733
0.049029675298
0.0264803415213
0.0470457670678
0.0441023603324
0.0259405232684
0.0327516247607
0.111786759239
0.0346613983539
0.0246454527654
0.0535449226559
0.0392062597911
0.0311004784689
0.0263932057302
0.0390537023588
0.0666023378871
0.0354134056957
0.0238795424634
0.0207914474118
0.0829119312911
0.0166506114264
0.0152020227307
0.0159908474359
0.0410256410256
0.0246913580247
0.0366542987264
0.0390196436475
0.10449939563
0.0538461538462
0.0555555555556
0.076443415799
0.0480849434041
0.0637148778774
0.0478751103707
0.119047619048
0.125
0.0306216420297
0.0434431681193
0.0410345092333
0.0344820352904
0.0368003002683
0.0268595041322
0.0275056940677
0.0625
0.025
0.0263096419528
0.0234887603694
0.0321774565893
0.0275030493614
0.0321010050224
0.0448658595223
0.038602037436
0.0625
0.0277777777778
0.0419021130113
0.0477419595003
0.0416666666667
0.0464181412502
0.0508997383259
0.0530611590219
0.0444551720724
0.0425632853565
0.0659101528587
0.034125054741
0.0571049246203
0.0411870325638
0.043628988028
0.06710948183
0.048336975589
0.0253746181835
0.0380952380952
0.0431508716164
0.0304525124568
0.0346829174434
0.0380477904783
0.0340842781619
0.0909090909091
0.0350877192982
0.0563600540191
0.0612244897959
0.0965497338005
0.054148872428
0.172555913134
0.0338435245924
0.024004645369
0.0707070707071
0.053283967026
0.110829113074
0.0455679382346
0.0531230978511
0.0555555555556
0.0404269599049
0.0475221204333
0.0529169149928
0.0300174124003
0.0442988010472
0.0381464856951
0.0323749260557
0.0243873136618
0.0262722193533
0.0224311229446
0.03125
0.0361270481509
0.0555555555556
0.0265126466814
0.0407186424486
0.0587082562898
0.0528846153846
0.0714285714286
0.079697189479
0.0401376406513
0.0318181818182
0.0488888888889
0.0232646940574
0.0438088862188
0.0513517887725
0.0284126321257
0.0340255995384
0.0377244484972
0.0449826989619
0.0392156862745
0.0394628643706
0.0443266129916
0.0315522005884
0.0564880839821
0.0428491668384
0.0415382535107
0.0262925014316
0.037037037037
0.0222504670415
0.0239054619873
0.0270090627959
0.017147356292
0.0146371710822
0.0333333333333
0.0214592360727
0.0231447075161
0.0448717948718
0.0399818525388
0.0409478595683
0.0386935942813
0.0311027260225
0.0428664203555
0.0638697111153
0.0803332880824
0.0478394038099
0.0615384615385
0.0318933116129
0.0460841117325
0.0301863805097
0.0264580448944
0.0362322016271
0.0199251149416
0.0414171690753
0.0442335748882
0.0421755155749
0.0529881683293
0.0352941176471
