0.767214854292
0.380952380952
0.366666666667
0.609848484848
0.666774597756
0.643920200829
0.471920934477
0.514612978369
0.490272725254
0.649852443155
0.567704462551
0.838859416446
0.694458768883
0.602678571429
0.552579414397
0.590277777778
0.920880787062
0.670235006862
0.69696969697
0.916666666667
0.871212121212
0.802553349198
0.73125
0.88141025641
0.828224349459
0.964285714286
0.848226265915
0.532972558745
0.495873116937
0.650361531795
0.558595601788
0.543505806631
0.576035334699
0.356795540271
0.801282051282
0.637914448337
0.516666666667
0.62687423656
0.751701909512
0.588570786118
0.467357807783
0.515079691785
0.272746017316
0.4453622801
0.570891726555
0.637655892321
0.5908182397
0.66752241146
0.656132403782
0.685714285714
0.671519788376
0.527628078136
0.665917226138
0.556016047946
0.636900069164
0.545358167022
0.669648712878
0.484205197053
0.584369858765
0.529347334332
0.568176303955
0.535714285714
0.46209876874
0.473775853378
0.548660343572
0.472727272727
0.232767332021
0.546816291633
0.685318913886
0.803571428571
0.791637052416
0.875
0.455138293723
0.662789249249
0.806777759676
0.552618785229
0.77380952381
0.729166666667
0.474870713599
0.722517833682
0.587023205192
0.489976590285
0.58352843145
0.539473684211
0.471927538176
0.485714285714
0.348357390775
0.46850439778
0.307226494313
0.55975063208
0.754078068208
0.661367906661
0.811403508772
0.575240919486
0.583333333333
0.470085470085
0.7289125152
0.715654493552
0.539772727273
0.510416666667
0.752101138756
0.815433454836
0.765171604418
0.635968213785
0.647495448001
0.475113122172
0.603498981278
0.622227251842
0.394123889666
0.771296426581
0.525674646462
0.681417818606
0.597308370173
0.519230769231
0.599619790422
0.538288309595
0.481990120358
0.645467918127
0.954545454545
0.769558577129
0.668181818182
0.541666666667
0.96846601673
0.409639080553
0.79088126853
0.651629072682
0.49064347153
0.777777777778
0.769230769231
0.857142857143
0.411646306368
0.773804820721
0.637914448337
0.599174677695
0.87322819614
0.687919894907
0.777359316254
0.669857023643
0.670744980898
0.598529411765
0.583023015543
0.537059596002
0.481682970955
0.515793701326
0.788602941176
0.548101412312
0.4313718819
0.438988530698
0.69746285472
0.733110593897
0.607142857143
0.677426110572
0.5954062737
0.698686117607
0.71958022088
0.442397211222
0.648163011943
0.467528481708
0.482836721821
0.684847063248
0.592608369099
0.548675687649
0.583333333333
0.532300157805
0.800649447161
0.684552653599
0.877202234624
0.725470461143
0.57775698294
0.624826353172
0.657001572339
0.640799241016
0.47752076545
0.460954671716
0.21434195365
0.445929277054
0.533170118744
0.589008363202
0.434744873348
0.696428571429
0.567611367797
0.817765567766
0.756478034561
0.480769230769
0.653967473757
0.803575430375
0.676172802679
0.457963534457
0.799849364368
0.684682482729
0.510076051724
0.668730650155
0.3486327205
0.394764226576
0.39404102723
0.565163058604
0.601871493089
0.568909432799
0.467910386218
0.595594950562
0.827795997279
0.507936507937
0.560897435897
0.522727272727
0.695906670914
0.726623892832
0.452461645544
0.56376362198
0.495883049324
0.542365714286
0.685760018107
0.620026525199
0.506422081576
0.775
0.755680048304
0.803571428571
0.888996546952
0.790341432037
0.609848484848
0.870059742968
0.824417537259
0.787160824445
0.757354819083
0.839160839161
0.69046233277
0.696428571429
0.722222222222
0.64059921373
0.587814909141
0.6918767507
0.49956782401
0.543505806631
0.536812095111
0.253968253968
0.827431814395
0.673008401648
0.478146599784
0.536842105263
0.703232238086
0.625
0.574060273981
0.421765421126
0.272746017316
0.648950632018
0.594149745342
0.489421135736
0.624582722952
0.703657101922
0.682625618855
0.342857142857
0.650700594526
0.328491791941
0.621478224397
0.723848215778
0.539473684211
0.511129186613
0.495406288636
0.638272404751
0.620420189886
0.599097444628
0.669698024243
0.637079499451
0.423767675061
0.549274428877
0.504627659054
0.483333333333
0.232767332021
0.668274753274
0.730861435738
0.803571428571
0.7
0.75
0.857142857143
0.484244500077
0.663946904786
0.580289319482
0.77380952381
0.669642857143
0.417665855567
0.600837905889
0.612941750419
0.537329297969
0.424511087489
0.590909090909
0.342857142857
0.633333333333
0.291666666667
0.264644393006
0.316505060049
0.604414144648
0.714285714286
0.575649204571
0.668880816807
0.524874203034
0.617498890224
0.291666666667
0.740718153092
0.751153888528
0.520833333333
0.627403846154
0.723704870369
0.914028394908
0.736831915366
0.585858585859
0.609848484848
0.358974358974
0.58746994493
0.668135186646
0.310790556333
0.740444569517
0.620029138045
0.566315893082
0.583018696245
0.53897726729
0.639465392575
0.51636778845
0.464309314587
0.508928571429
0.921611095368
0.827651515152
0.668181818182
0.568439271438
0.805824236384
0.479176530986
0.79088126853
0.77380952381
0.529370490404
0.777777777778
0.641809131919
0.591088603064
0.602839691173
0.644535983199
0.641025641026
0.745113607295
0.839878783821
0.606619475107
0.671806235352
0.783094662799
0.728436990329
0.544117647059
0.583023015543
0.55707049597
0.517272427243
0.448829415611
0.651398018754
0.556641111861
0.447782237116
0.497637788279
0.739733330763
0.6742963008
0.675
0.826746323958
0.58275798704
0.782191093005
0.631342801973
0.413000320228
0.513117129085
0.481650963668
0.557363258713
0.584482004012
0.6
0.666646931731
0.816666666667
0.57546473234
0.744932312674
0.628926420319
0.917009779185
0.647483649434
0.251884308666
0.490394382619
0.603763025288
0.586831556722
0.468278428054
0.478446255241
0.21434195365
0.460639025862
0.411786106697
0.680893911643
0.442254838406
0.619047619048
0.387646031125
0.849157924681
0.719428981061
0.461538461538
0.514544396834
0.722030444487
0.568218257224
0.687319331779
0.690476190476
0.755311305104
0.603296023252
0.595285416092
0.500246674892
0.412141293508
0.335182203405
0.522714114567
0.706725068074
0.545796314422
0.503960076703
0.622197756235
0.809837901753
0.535714285714
0.560897435897
0.583333333333
0.707070707071
0.713608756727
0.220401159047
0.600066867165
0.553493589803
0.564120257303
0.685760018107
0.87220802638
0.64108141547
0.847431253128
0.590488365241
0.875
0.941176470588
0.714285714286
0.733333333333
0.870059742968
0.882183520097
0.680850695205
0.597356049051
0.673018708959
0.75475856212
0.761884871813
0.686274509804
0.569482415047
0.535714285714
0.668300359283
0.673178935121
0.653526197967
0.58838098875
0.338295030775
0.738110964033
0.669639522675
0.606617647059
0.720835703947
0.751701909512
0.546696184734
0.518537694996
0.303308823529
0.31955884838
0.574358974359
0.530635574249
0.588072088347
0.683586585152
0.623223058541
0.638656682834
0.726613935057
0.595792765646
0.308068159567
0.64253907187
0.509681377284
0.637559808612
0.554257320334
0.395268511794
0.699324547814
0.690561411066
0.560029577744
0.550973356414
0.621839484683
0.307708951716
0.433257647824
0.426428031408
0.574358974359
0.222222222222
0.660065024318
0.62465714918
0.626996373782
0.619230769231
0.472222222222
0.573325618492
0.552976849147
0.603133699383
0.35906332778
0.77380952381
0.9375
0.496230075966
0.846464340774
0.636034893117
0.508694248155
0.53360435389
0.590909090909
0.440476190476
0.5625
0.1625
0.342025345387
0.396112178572
0.590038278357
0.357539641699
0.665466994244
0.795647973999
0.598331580257
0.75
0.291666666667
0.718015963285
0.675724058313
0.416666666667
0.673063048128
0.712596336563
0.718650243647
0.600144822977
0.681012565705
0.730060827202
0.477750766374
0.685259095443
0.556024939611
0.465520792425
0.815934065934
0.729193983584
0.469430436395
0.552380952381
0.539385895205
0.513178159176
0.535671616114
0.481990120358
0.650998145406
1.0
0.754385964912
0.530769230769
0.857142857143
0.965497338005
0.67686090535
0.862779565669
0.713187861426
0.444085939326
0.707070707071
0.666049587825
0.720389234984
0.296191598525
0.714572002101
0.666666666667
0.707471798336
0.816560327795
0.635002979914
0.671806235352
0.885976020943
0.705762393726
0.615123595058
0.497780016138
0.496587699891
0.482269143308
0.4375
0.614159818566
0.638888888889
0.377502709021
0.712576242851
0.585944774733
0.766826923077
0.607142857143
0.677426110572
0.581995789444
0.668181818182
0.733333333333
0.476926228176
0.569515520845
0.569794812206
0.593196995606
0.612460791692
0.490417830463
0.764705882353
0.627450980392
0.651137262114
0.775715727353
0.552163510297
0.762589133758
0.707011252834
0.436151661862
0.629954323327
0.444444444444
0.589637376601
0.394440122791
0.445649536132
0.21434195365
0.365929277054
0.366666666667
0.538069527546
0.578617687903
0.560897435897
0.579736861813
0.942307692308
0.736010198304
0.419886801304
0.535830254444
0.702566822269
0.6828329487
0.717591057148
0.861538461538
0.398666395161
0.622135508388
0.541191848841
0.551611823649
0.452902520339
0.331467319592
0.559131782516
0.700562603088
0.674808249198
0.636031025693
0.564705882353
