0.767214854292
0.0
0.4
0.636363636364
0.733452057532
0.626444935852
0.450440374439
0.544345881469
0.540206910743
0.634961028456
0.601098842701
0.884615384615
0.817010316333
0.642857142857
0.576604606327
0.25
0.920880787062
0.642857142857
0.727272727273
0.916666666667
0.909090909091
0.876632720567
0.8125
0.916666666667
0.0909090909091
1.0
0.333333333333
0.685250432672
0.528931324733
0.65
0.242191203575
0.2
0.62757183341
0.285714285714
0.833333333333
0.765497338005
0.533333333333
0.611031815898
0.925171580938
0.642077221219
0.482936401375
0.506737901186
0.259025819364
0.513879553961
0.643550673571
0.728749591224
0.272727272727
0.768888254517
0.0625
0.8
0.0
0.608801628619
0.665917226138
0.602350718608
0.700590076081
0.517139467178
0.698760402168
0.484205197053
0.599353701297
0.527252316209
0.0434782608696
0.0
0.05
0.482715020423
0.594441240997
0.545454545455
0.279320798425
0.0588235294118
0.3125
0.285714285714
0.0
0.875
0.53099467601
0.662789249249
0.527278442965
0.0
0.833333333333
0.833333333333
0.544281557271
0.79476961705
0.126158085538
0.473886686517
0.33735988319
0.578947368421
0.533333333333
0.571428571429
0.371581216827
0.46850439778
0.315471235044
0.544747005369
0.812084073454
0.688924902772
0.833333333333
0.705134030338
0.583333333333
0.0
0.15
0.705981289406
0.25
0.583333333333
0.0714285714286
0.903459362035
0.793511293471
0.738543732138
0.675647424001
0.230769230769
0.0
0.0
0.0
0.802148283644
0.538461538462
0.176470588235
0.0
0.153846153846
0.692307692308
0.53437745515
0.545454545455
0.75
1.0
0.803017645699
0.2
0.583333333333
0.96846601673
0.0769230769231
0.2
0.684210526316
0.560735396034
0.111111111111
0.769230769231
0.857142857143
0.470452921564
0.230769230769
0.637914448337
0.117647058824
0.0555555555556
0.687919894907
0.811002226369
0.703349874825
0.669338312536
0.647058823529
0.105263157895
0.0555555555556
0.481682970955
0.550179948081
0.8125
0.61387358179
0.485293367138
0.476616119043
0.760868568785
0.756759322732
0.714285714286
0.717274705311
0.571428571429
0.681818181818
0.71958022088
0.486636932344
0.0769230769231
0.480164386619
0.50006055527
0.703356443336
0.638193628261
0.529411764706
0.133333333333
0.547508733743
0.847746473464
0.111111111111
0.877202234624
0.725470461143
0.630280345025
0.710029946786
0.703930256078
0.664532546239
0.0
0.489764338698
0.240062988088
0.445929277054
0.181640129539
0.0
0.42261573668
0.0
0.622541500164
0.904761904762
0.777777777778
0.5
0.0
0.838513492565
0.125
0.142857142857
0.133333333333
0.708292223513
0.0714285714286
0.705882352941
0.0
0.0833333333333
0.0
0.0
0.666666666667
0.586149112581
0.528942175725
0.616132707478
0.1
0.0
0.166666666667
0.545454545455
0.695906670914
0.0
0.415791114867
0.58793088582
0.547229401866
0.580205182724
0.726098842701
0.653846153846
0.471907221433
0.8
0.333333333333
0.857142857143
0.915935836253
0.819613336927
0.636363636364
0.870059742968
0.8993645861
0.759668264851
0.845381560154
0.909090909091
0.723341491474
0.75
0.722222222222
0.67828152042
0.587814909141
0.764705882353
0.0625
0.333333333333
0.549125354234
0.142857142857
0.86052908697
0.721080430337
0.478146599784
0.6
0.703232238086
0.666666666667
0.562996436557
0.0453325312718
0.259025819364
0.721056257798
0.657808646628
0.533913966257
0.0909090909091
0.796323414776
0.25
0.4
0.0769230769231
0.428467554706
0.0
0.784168900426
0.578947368421
0.557595476305
0.51694222035
0.0909090909091
0.636328399883
0.625085870133
0.0434782608696
0.0
0.134103472014
0.559638097346
0.50637587196
0.5
0.279320798425
0.0
0.733333333333
0.285714285714
0.7
0.75
0.857142857143
0.484244500077
0.555555555556
0.618975274115
0.833333333333
0.714285714286
0.407512011963
0.614810880445
0.0714285714286
0.508960907415
0.440233720358
0.590909090909
0.4
0.666666666667
0.333333333333
0.0
0.334028366517
0.603786384228
0.714285714286
0.625705657143
0.668880816807
0.604400597433
0.333333333333
0.0
0.0816416580438
0.741480684383
0.0
0.692307692308
0.750508754457
0.981783693318
0.736831915366
0.727272727273
0.636363636364
0.153846153846
0.0909090909091
0.0
0.0
0.740444569517
0.6
0.566315893082
0.0
0.153846153846
0.788932634522
0.538674637043
0.5
0.642857142857
0.965497338005
0.863636363636
0.2
0.589492577788
0.805824236384
0.0
0.2
0.833333333333
0.588189433782
0.111111111111
0.695293226245
0.236403249875
0.602839691173
0.615384615385
0.166666666667
0.0588235294118
0.187971474435
0.060160294035
0.683229397897
0.802194532623
0.748828164506
0.588235294118
0.0904422128669
0.111111111111
0.0
0.478751376652
0.671137352656
0.649414630504
0.503755016756
0.0526315789474
0.845409520872
0.696047794375
0.75
0.826746323958
0.0714285714286
0.8
0.6764387164
0.478210897106
0.533641814248
0.508409350538
0.525093054426
0.105263157895
0.7
0.666646931731
0.0
0.609315598948
0.812653432008
0.628926420319
0.0714285714286
0.687951377523
0.302261170399
0.510827481895
0.646888955666
0.608566058822
0.0
0.524747505748
0.240062988088
0.470039822308
0.0
0.259259259259
0.450599269319
0.0
0.454481553733
0.901147185376
0.736842105263
0.461538461538
0.0769230769231
0.722030444487
0.532936929418
0.188041094759
0.714285714286
0.781356522521
0.0
0.594584404063
0.0
0.0833333333333
0.0666666666667
0.0909090909091
0.764705882353
0.598615312592
0.524118479771
0.266666666667
0.852460949214
0.142857142857
0.0833333333333
0.583333333333
0.777777777778
0.732772096579
0.196614957121
0.631649333858
0.65116892918
0.545454545455
0.726098842701
0.137931034483
0.673982531978
0.903926670004
0.590488365241
0.875
0.941176470588
0.714285714286
0.8
0.870059742968
0.962382021923
0.681818181818
0.594574456516
0.729103601372
0.790699446031
0.761884871813
0.705882352941
0.602981380638
0.571428571429
0.684210526316
0.666666666667
0.0
0.707818697067
0.142857142857
0.230769230769
0.717470917152
0.25
0.722222222222
0.925171580938
0.558328018451
0.551034486929
0.125
0.315634524913
0.615384615385
0.572486360181
0.148366111796
0.0909090909091
0.701695128445
0.155994722018
0.782507314676
0.0769230769231
0.369681791481
0.696083994526
0.509681377284
0.684210526316
0.633436937525
0.4
0.732625716758
0.708268113914
0.546950136367
0.0
0.234724021757
0.29905628633
0.037037037037
0.453084876919
0.615384615385
0.222222222222
0.117647058824
0.0625
0.731495769412
0.1
0.25
0.285714285714
0.0909090909091
0.299500164535
0.383000882966
0.833333333333
1.0
0.474756454253
0.886772166525
0.0714285714286
0.465675931664
0.0
0.590909090909
0.5
0.625
0.2
0.0
0.426582346155
0.575034651645
0.38504269106
0.707943610898
0.817151973297
0.733438711283
0.75
0.0
0.697313755528
0.649345616899
0.0
0.742690260004
0.712596336563
0.767497979032
0.622372409013
0.766139136418
0.735109972958
0.0769230769231
0.0909090909091
0.0
0.0
0.0769230769231
0.2
0.0588235294118
0.571428571429
0.560961331013
0.539116119043
0.574586279513
0.545454545455
0.774357783882
1.0
0.842105263158
0.1
0.857142857143
0.965497338005
0.703935341564
0.862779565669
0.238095238095
0.48009290738
0.0
0.692691571338
0.775803791521
0.364543505877
0.0
0.666666666667
0.0588235294118
0.0555555555556
0.181818181818
0.683229397897
0.93027482199
0.686741559245
0.647498521114
0.0526315789474
0.0903254391495
0.0
0.5
0.614159818566
0.777777777778
0.416666666667
0.773654206524
0.62318729865
0.846153846154
0.714285714286
0.717274705311
0.0714285714286
0.7
0.733333333333
0.511823269262
0.569515520845
0.656707078427
0.589728716573
0.64648639123
0.52814227896
0.764705882353
0.0666666666667
0.71033155867
0.797879033849
0.567939610591
0.790833175749
0.728435836253
0.498459042128
0.62770428215
0.555555555556
0.623013077163
0.0547538113211
0.459154067529
0.240062988088
0.365929277054
0.0
0.0
0.624907102935
0.166666666667
0.67969149316
1.0
0.736842105263
0.0
0.557263464622
0.766436533384
0.222999592741
0.11661252333
0.923076923077
0.478399674193
0.645177564255
0.539028848507
0.0
0.0833333333333
0.0666666666667
0.05954303455
0.8
0.716983764773
0.636204031433
0.333333333333
