0.07
0.047619047619
0.0333333333333
0.0530303030303
0.0606060606061
0.0313222467926
0.0326067255955
0.0183752835793
0.0257780595686
0.0291836378614
0.0667887603001
0.0305039787798
0.0817010316333
0.0401785714286
0.0378787878788
0.0694444444444
0.0519031141869
0.0498294907762
0.0606060606061
0.0763888888889
0.0757575757576
0.0382438748205
0.045036488487
0.0705128205128
0.036809971087
0.0714285714286
0.0438596491228
0.0627522454468
0.0661164155916
0.0309523809524
0.0342884001986
0.0350648907504
0.0348651018561
0.0357142857143
0.0641025641026
0.0466666666667
0.0333333333333
0.0304709141274
0.1
0.0267532175508
0.0141353343749
0.0321888354181
0.0139777583086
0.039762343534
0.0273023427707
0.0543235448039
0.0437643140519
0.0272162061201
0.0354412400212
0.114285714286
0.0432692307692
0.0363636363636
0.0473372781065
0.041958041958
0.030303030303
0.021689150527
0.0530303030303
0.0330578512397
0.0282816511992
0.0196150016436
0.0217391304348
0.0714285714286
0.0204545454545
0.0178783340897
0.0199249582428
0.0363636363636
0.0185185185185
0.0280112044818
0.0404411764706
0.107142857143
0.0666666666667
0.109375
0.0571428571429
0.0495867768595
0.0860611776298
0.0555555555556
0.119047619048
0.104166666667
0.0220689767197
0.0361258916841
0.0391348803461
0.030241682886
0.0402433401
0.0263157894737
0.0253968253968
0.0571428571429
0.0357142857143
0.0347222222222
0.0132275132275
0.0278210704811
0.0580060052467
0.029036137687
0.0438596491228
0.0342160725237
0.0486111111111
0.042735042735
0.0365184830995
0.0424940107796
0.0568181818182
0.0364583333333
0.0446428571429
0.053144668355
0.0533411540051
0.0384615384615
0.0563039520001
0.0316742081448
0.0502915817732
0.042912224265
0.0315299111733
0.0576923076923
0.0358974358974
0.0340557275542
0.0362005072832
0.0384615384615
0.0364372469636
0.0263157894737
0.0340909090909
0.03125
0.0909090909091
0.032196969697
0.0636363636364
0.0416666666667
0.09
0.0292599343252
0.1
0.0325814536341
0.0259931265428
0.0740740740741
0.0591715976331
0.122448979592
0.0588066151955
0.0542273685055
0.0486111111111
0.0332874820941
0.0483653178477
0.0625381722642
0.0328372083037
0.0318586048859
0.0334537829087
0.0323529411765
0.0235052676414
0.0227272727273
0.0214752055196
0.034386246755
0.0477941176471
0.043848112985
0.0244997462942
0.0230263157895
0.0583333333333
0.044742490177
0.0714285714286
0.079697189479
0.0408163265306
0.0325251842453
0.0479720147253
0.0221198605611
0.0480120749587
0.0317907237691
0.019867031629
0.0350877192982
0.0416666666667
0.0311418685121
0.0333333333333
0.0261437908497
0.0447096573814
0.0350877192982
0.0561224489796
0.038062283737
0.0467194136284
0.0284011978714
0.0435815424862
0.0237333052228
0.025046504024
0.02636388906
0.012987012987
0.0157876419056
0.0484700107949
0.0220205041871
0.0146990137206
0.0535714285714
0.036620088245
0.0375216483917
0.0390008809366
0.0384615384615
0.0432692307692
0.0648472337336
0.0568181818182
0.0285714285714
0.0490999864247
0.0380952380952
0.0285714285714
0.0371517027864
0.0148772745331
0.0222222222222
0.0181818181818
0.0334928229665
0.031746031746
0.032186604675
0.0307692307692
0.0380952380952
0.0727272727273
0.0634920634921
0.0448717948718
0.0454545454545
0.0578512396694
0.034592615993
0.0300985159343
0.0189505931852
0.0284541826051
0.0270394444101
0.080677649189
0.0225464190981
0.0471907221433
0.05
0.0564062271222
0.107142857143
0.0514705882353
0.0549450549451
0.0530303030303
0.0725049785807
0.0583333333333
0.0317315797122
0.0423527938598
0.0699300699301
0.0313905828396
0.0535714285714
0.0401234567901
0.066997931182
0.0734768636427
0.0364145658263
0.0308161779764
0.0350648907504
0.0305069641241
0.031746031746
0.0576923076923
0.0447131908427
0.02734375
0.0315789473684
0.078125
0.0277777777778
0.0194878936557
0.024725443016
0.0139777583086
0.0531154815728
0.0275005716405
0.0387278015031
0.0416388481968
0.0290947994795
0.0350420743049
0.0571428571429
0.0362753753263
0.0227576876903
0.0482747564161
0.0559440559441
0.0263157894737
0.0218569890364
0.0378787878788
0.0454545454545
0.0301303861284
0.0234672240223
0.0250836120401
0.0849439332601
0.0190476190476
0.0207273369387
0.0169731125772
0.0333333333333
0.0185185185185
0.0352941176471
0.0458333333333
0.107142857143
0.07
0.09375
0.122448979592
0.0330578512397
0.0666666666667
0.0535714285714
0.119047619048
0.0892857142857
0.0188460750701
0.0266360456859
0.0347865603077
0.0323922373602
0.0314452657399
0.0268595041322
0.0190476190476
0.0666666666667
0.0416666666667
0.0165714091782
0.0140056022409
0.0292121240051
0.0510204081633
0.0241824365144
0.0352042535162
0.0293280621632
0.0493999112179
0.0277777777778
0.0370943678747
0.0468485543597
0.0520833333333
0.0432692307692
0.0468419604534
0.0577519819599
0.0495310715762
0.040404040404
0.0530303030303
0.025641025641
0.0435916193186
0.042912224265
0.0248632445066
0.0532544378698
0.04
0.0311418685121
0.0342952174262
0.03717084602
0.0382775119617
0.0263157894737
0.03125
0.0267857142857
0.0818181818182
0.0359848484848
0.0636363636364
0.0384615384615
0.0673110761794
0.0272936716816
0.1
0.0396825396825
0.0274935561338
0.0740740740741
0.048951048951
0.0634920634921
0.0753549613966
0.0518221039241
0.0512820512821
0.0394794325585
0.044707065387
0.0459239079998
0.0275567291384
0.0350090153729
0.0354216524915
0.0294117647059
0.0235052676414
0.0249507060571
0.0226635619786
0.0299219610408
0.0394786678033
0.0463867593217
0.0255253934952
0.0230331826308
0.0648148148148
0.0435029871484
0.075
0.091860702662
0.0388505324693
0.0380504299426
0.0450959144266
0.0198863636364
0.0367833182211
0.0336607663437
0.0227951897991
0.0275689223058
0.05
0.0346020761246
0.0466666666667
0.0338508666082
0.0402828937994
0.0308641975309
0.0571428571429
0.0352941176471
0.0184759571334
0.0204330992758
0.0397787891254
0.0217345021008
0.0237941788228
0.0282470239928
0.012987012987
0.0166666666667
0.0307692307692
0.0266528500399
0.0166888618266
0.047619047619
0.0267342090431
0.0371458282366
0.0369482029926
0.0355029585799
0.0336538461538
0.0555593872809
0.0454545454545
0.0428571428571
0.047619047619
0.0428571428571
0.03125
0.0312939160033
0.0223891011147
0.0260416666667
0.0175438596491
0.0363636363636
0.0364145658263
0.0325830103849
0.0320512820513
0.0375
0.0777777777778
0.0714285714286
0.0448717948718
0.0486111111111
0.0707070707071
0.0348024964362
0.0140439255086
0.0194670728183
0.0276956860609
0.0251365063524
0.080677649189
0.02738336714
0.0714884026791
0.0535714285714
0.0402734127157
0.109375
0.0553633217993
0.0510204081633
0.0666666666667
0.0725049785807
0.075
0.0296442687747
0.0281732583103
0.0471436147227
0.0359408839105
0.0510204081633
0.0392156862745
0.066997931182
0.0714285714286
0.0325814536341
0.045312746905
0.0408453873729
0.0393232609482
0.031746031746
0.0461538461538
0.0410256410256
0.0367647058824
0.0380116959064
0.1
0.0232636674355
0.0170070292842
0.0183823529412
0.0169774474196
0.049029675298
0.0247482398196
0.0426111293614
0.0441023603324
0.0239299684282
0.0310564611215
0.0952380952381
0.0325448913807
0.02
0.048951048951
0.0355029585799
0.0311004784689
0.0249309235955
0.0333333333333
0.0545454545455
0.03372737183
0.0205338210195
0.0188405797101
0.0714285714286
0.0131578947368
0.0152020227307
0.0133333333333
0.0410256410256
0.0246913580247
0.0348503485143
0.0367647058824
0.0857142857143
0.0538461538462
0.0555555555556
0.0535714285714
0.0378787878788
0.0505050505051
0.0357142857143
0.119047619048
0.125
0.0208854906527
0.0403078257512
0.0410345092333
0.0296505400853
0.0368003002683
0.0268595041322
0.0238095238095
0.0625
0.025
0.0225237901305
0.0185185185185
0.0278210704811
0.0238095238095
0.0298641197201
0.0430079985946
0.038602037436
0.0625
0.0277777777778
0.0351982495179
0.0390338031672
0.0416666666667
0.0432692307692
0.0446172025839
0.0451469399431
0.0376147106991
0.0425632853565
0.056122113526
0.0307692307692
0.0524925322326
0.0375227430559
0.035809291725
0.0604395604396
0.0458333333333
0.0235294117647
0.0380952380952
0.0431508716164
0.0263157894737
0.0280701754386
0.0340909090909
0.0305555555556
0.0909090909091
0.0350877192982
0.0461538461538
0.0612244897959
0.09
0.054148872428
0.12
0.0324675324675
0.0222014307287
0.0707070707071
0.0448717948718
0.0952380952381
0.0455679382346
0.0500406951958
0.0555555555556
0.0384047605111
0.0475221204333
0.0529169149928
0.0275567291384
0.0426065162907
0.0344631405949
0.0305555555556
0.0199505767608
0.021164021164
0.0210355022608
0.03125
0.0361270481509
0.0555555555556
0.0265126466814
0.0386598993411
0.0530722776986
0.0528846153846
0.0714285714286
0.079697189479
0.0401376406513
0.0318181818182
0.0488888888889
0.0232646940574
0.0398709919674
0.0461927916946
0.024264403319
0.0301126478751
0.0297619047619
0.0449826989619
0.0392156862745
0.037037037037
0.0420796775354
0.0294117647059
0.0494505494505
0.0404411764706
0.0415382535107
0.0241439692286
0.037037037037
0.0222504670415
0.0186928687201
0.0247161459937
0.012987012987
0.0125876419056
0.0333333333333
0.0214592360727
0.0220862818072
0.0448717948718
0.0399818525388
0.0409478595683
0.0369482029926
0.0274725274725
0.0384615384615
0.0583379314038
0.0803332880824
0.0392142711693
0.0615384615385
0.0318933116129
0.0384615384615
0.0283699393951
0.0236492043577
0.0320512820513
0.0133333333333
0.0340909090909
0.0380952380952
0.0421755155749
0.0448717948718
0.0352941176471
