0.7
0.380952380952
0.366666666667
0.609848484848
0.606060606061
0.626444935852
0.393665745227
0.492295920356
0.432780595686
0.608695652174
0.567704462551
0.838859416446
0.694458768883
0.602678571429
0.435606060606
0.590277777778
0.882352941176
0.670235006862
0.69696969697
0.916666666667
0.871212121212
0.787630647393
0.73125
0.88141025641
0.828224349459
0.964285714286
0.811403508772
0.439265718128
0.495873116937
0.634523809524
0.558595601788
0.543505806631
0.557841629698
0.267857142857
0.801282051282
0.583333333333
0.516666666667
0.578947368421
0.65
0.588570786118
0.424060031248
0.476260683345
0.236910935889
0.393939393939
0.546318302275
0.570397220441
0.5908182397
0.640231853958
0.620221700372
0.685714285714
0.627403846154
0.472727272727
0.615384615385
0.503496503497
0.606060606061
0.505481452017
0.609848484848
0.363636363636
0.551492198384
0.460952538624
0.510869565217
0.535714285714
0.429545454545
0.473775853378
0.511745715445
0.472727272727
0.138888888889
0.532212885154
0.667279411765
0.803571428571
0.733333333333
0.875
0.342857142857
0.545454545455
0.776164188223
0.472222222222
0.77380952381
0.729166666667
0.299080526985
0.722517833682
0.587023205192
0.425977494488
0.58352843145
0.539473684211
0.457142857143
0.485714285714
0.267857142857
0.416666666667
0.257936507937
0.513557796795
0.754078068208
0.636318810546
0.811403508772
0.530349124117
0.583333333333
0.470085470085
0.7289125152
0.677126647667
0.539772727273
0.510416666667
0.669642857143
0.797170025325
0.720105579069
0.596153846154
0.647495448001
0.475113122172
0.603498981278
0.622227251842
0.394123889666
0.721153846154
0.502564102564
0.613003095975
0.597308370173
0.519230769231
0.582995951417
0.486842105263
0.460227272727
0.625
0.954545454545
0.74053030303
0.668181818182
0.541666666667
0.9
0.409639080553
0.55
0.651629072682
0.454879714498
0.777777777778
0.769230769231
0.857142857143
0.411646306368
0.730031791262
0.583333333333
0.599174677695
0.87322819614
0.687919894907
0.719357496509
0.637172097718
0.598817436302
0.598529411765
0.50536325429
0.454545454545
0.450979315911
0.515793701326
0.788602941176
0.548101412312
0.391995940707
0.402960526316
0.641666666667
0.693508597744
0.607142857143
0.677426110572
0.571428571429
0.698686117607
0.71958022088
0.442397211222
0.648163011943
0.432748538012
0.387739069604
0.649122807018
0.541666666667
0.529411764706
0.583333333333
0.457516339869
0.760064175484
0.649122807018
0.785714285714
0.647058823529
0.513913549913
0.624826353172
0.610141594807
0.640799241016
0.388220812372
0.42182222496
0.162337662338
0.394691047639
0.533170118744
0.589008363202
0.396873370456
0.696428571429
0.567611367797
0.817765567766
0.739896817318
0.480769230769
0.627403846154
0.745743187936
0.539772727273
0.414285714286
0.761049789583
0.552380952381
0.414285714286
0.668730650155
0.319861402462
0.3
0.336363636364
0.502392344498
0.571428571429
0.531078977137
0.353846153846
0.552380952381
0.763636363636
0.507936507937
0.560897435897
0.522727272727
0.636363636364
0.709148627856
0.378433022792
0.517592231112
0.479078393163
0.514130434783
0.685760018107
0.620026525199
0.471907221433
0.775
0.705077839027
0.803571428571
0.849264705882
0.741758241758
0.609848484848
0.870059742968
0.641666666667
0.72982633338
0.717645953948
0.839160839161
0.659202239632
0.696428571429
0.722222222222
0.569482415047
0.587814909141
0.6918767507
0.49956782401
0.543505806631
0.518618390109
0.253968253968
0.721153846154
0.625984671798
0.4375
0.536842105263
0.625
0.625
0.55339627875
0.385303544128
0.236910935889
0.6
0.570130340082
0.426005816534
0.624582722952
0.703657101922
0.648278374641
0.342857142857
0.570431288159
0.261713408439
0.621478224397
0.671328671329
0.539473684211
0.4808537588
0.435606060606
0.522727272727
0.587542529505
0.528012540502
0.614548494983
0.637079499451
0.390476190476
0.549274428877
0.469877760533
0.483333333333
0.138888888889
0.652941176471
0.710416666667
0.803571428571
0.7
0.75
0.857142857143
0.363636363636
0.633333333333
0.401785714286
0.77380952381
0.669642857143
0.307250461626
0.572674982248
0.556584964923
0.476275113535
0.424511087489
0.590909090909
0.342857142857
0.633333333333
0.291666666667
0.215428319316
0.266106442577
0.526396741715
0.714285714286
0.492644148371
0.668880816807
0.483913025692
0.617498890224
0.291666666667
0.740718153092
0.751153888528
0.520833333333
0.627403846154
0.632366466121
0.895155720378
0.693435002066
0.585858585859
0.609848484848
0.358974358974
0.501303622164
0.622227251842
0.310790556333
0.692307692308
0.6
0.529411764706
0.583018696245
0.53897726729
0.574162679426
0.460526315789
0.4375
0.508928571429
0.859090909091
0.827651515152
0.668181818182
0.519230769231
0.673110761794
0.436698746905
0.55
0.77380952381
0.494884010409
0.777777777778
0.587412587413
0.507936507937
0.602839691173
0.644535983199
0.641025641026
0.710629786054
0.805550525617
0.551086895998
0.615210520328
0.717684815144
0.616331165133
0.544117647059
0.50536325429
0.474556354513
0.48726658254
0.448829415611
0.651398018754
0.556641111861
0.408406295923
0.4491470613
0.680555555556
0.6742963008
0.675
0.826746323958
0.58275798704
0.782191093005
0.631342801973
0.377840909091
0.459791477764
0.445820433437
0.484622971171
0.551378446115
0.6
0.588235294118
0.816666666667
0.57546473234
0.66466774769
0.555555555556
0.828571428571
0.564705882353
0.184759571334
0.490394382619
0.556903047756
0.586831556722
0.380706861165
0.437828871889
0.162337662338
0.408333333333
0.353846153846
0.680893911643
0.442254838406
0.619047619048
0.387646031125
0.849157924681
0.719428981061
0.461538461538
0.487980769231
0.666712647371
0.431818181818
0.621428571429
0.690476190476
0.621428571429
0.46875
0.578937446061
0.470171123408
0.364583333333
0.298245614035
0.472727272727
0.6918767507
0.505036660966
0.400641025641
0.58125
0.738888888889
0.535714285714
0.560897435897
0.583333333333
0.707070707071
0.661247432289
0.196614957121
0.554811575322
0.470826663036
0.549228842604
0.685760018107
0.862576064909
0.607442013396
0.803571428571
0.483280952589
0.875
0.941176470588
0.714285714286
0.733333333333
0.870059742968
0.825
0.666996047431
0.530803848685
0.565723376673
0.75475856212
0.714285714286
0.686274509804
0.569482415047
0.535714285714
0.651629072682
0.673178935121
0.653526197967
0.570187283748
0.253968253968
0.646153846154
0.574358974359
0.606617647059
0.703216374269
0.65
0.546696184734
0.4847003346
0.303308823529
0.282641308213
0.574358974359
0.493065049097
0.532639117017
0.683586585152
0.571953910115
0.605600991869
0.619047619048
0.557695640129
0.25
0.587412587413
0.461538461538
0.637559808612
0.523549395506
0.366666666667
0.572727272727
0.657683750684
0.492811704469
0.499275362319
0.535714285714
0.256578947368
0.433257647824
0.366666666667
0.574358974359
0.222222222222
0.644731447514
0.606617647059
0.514285714286
0.619230769231
0.472222222222
0.401785714286
0.435606060606
0.505050505051
0.267857142857
0.77380952381
0.9375
0.354636082541
0.846464340774
0.636034893117
0.450216861164
0.53360435389
0.590909090909
0.440476190476
0.5625
0.1625
0.292809271697
0.361111111111
0.513557796795
0.309523809524
0.639824879755
0.795647973999
0.598331580257
0.75
0.291666666667
0.683262782601
0.618303118255
0.416666666667
0.627403846154
0.624640836175
0.699777569118
0.507798594438
0.681012565705
0.645404305549
0.430769230769
0.629910386792
0.506557031254
0.465520792425
0.815934065934
0.710416666667
0.435294117647
0.552380952381
0.539385895205
0.460526315789
0.477192982456
0.460227272727
0.595833333333
1.0
0.754385964912
0.530769230769
0.857142857143
0.9
0.67686090535
0.6
0.698051948052
0.410726468482
0.707070707071
0.560897435897
0.619047619048
0.296191598525
0.671418364927
0.666666666667
0.672083308945
0.816560327795
0.635002979914
0.615210520328
0.852130325815
0.635778836822
0.580555555556
0.418962111977
0.412698412698
0.452263298606
0.4375
0.614159818566
0.638888888889
0.377502709021
0.676548238469
0.526766999525
0.766826923077
0.607142857143
0.677426110572
0.581995789444
0.668181818182
0.733333333333
0.476926228176
0.518322895576
0.553016487096
0.504010076263
0.542027661751
0.386904761905
0.764705882353
0.627450980392
0.611111111111
0.73639435687
0.514705882353
0.667582417582
0.667279411765
0.436151661862
0.577315284353
0.444444444444
0.589637376601
0.308432333882
0.407816408897
0.162337662338
0.314691047639
0.366666666667
0.538069527546
0.552157045181
0.560897435897
0.579736861813
0.942307692308
0.719428981061
0.370879120879
0.480769230769
0.641717245442
0.6828329487
0.58821406754
0.861538461538
0.398666395161
0.519230769231
0.52484387881
0.50845789369
0.400641025641
0.233333333333
0.460227272727
0.685714285714
0.674808249198
0.560897435897
0.564705882353
