0.7
0.0
0.4
0.636363636364
0.666666666667
0.626444935852
0.396050783307
0.52
0.466666666667
0.608695652174
0.601098842701
0.884615384615
0.817010316333
0.642857142857
0.454545454545
0.25
0.882352941176
0.642857142857
0.727272727273
0.916666666667
0.909090909091
0.842105263158
0.8125
0.916666666667
0.0909090909091
1.0
0.388888888889
0.564770209021
0.528931324733
0.65
0.242191203575
0.2
0.62757183341
0.0
0.833333333333
0.7
0.533333333333
0.578947368421
0.8
0.642077221219
0.438195365623
0.466666666667
0.222222222222
0.454545454545
0.615849722565
0.651882537647
0.272727272727
0.736139585515
0.0625
0.8
0.0
0.545454545455
0.615384615385
0.545454545455
0.666666666667
0.490423291386
0.636363636364
0.363636363636
0.565633023983
0.470760039445
0.217391304348
0.0
0.05
0.482715020423
0.565217391304
0.545454545455
0.166666666667
0.0588235294118
0.3125
0.285714285714
0.1
0.875
0.4
0.545454545455
0.416167331854
0.25
0.833333333333
0.833333333333
0.333333333333
0.79476961705
0.126158085538
0.428571428571
0.33735988319
0.578947368421
0.533333333333
0.571428571429
0.285714285714
0.416666666667
0.277777777778
0.513557796795
0.812084073454
0.662832094319
0.833333333333
0.65010537795
0.583333333333
0.0
0.1
0.663574653842
0.25
0.583333333333
0.0714285714286
0.903459362035
0.746776156071
0.692307692308
0.675647424001
0.230769230769
0.0
0.0
0.1
0.75
0.538461538462
0.117647058824
0.0
0.153846153846
0.692307692308
0.5
0.545454545455
0.75
1.0
0.772727272727
0.4
0.583333333333
0.9
0.0769230769231
0.2
0.684210526316
0.519862530855
0.111111111111
0.769230769231
0.857142857143
0.470452921564
0.153846153846
0.583333333333
0.117647058824
0.0555555555556
0.687919894907
0.749133618641
0.669030702604
0.595466780248
0.647058823529
0.0526315789474
0.0555555555556
0.450979315911
0.550179948081
0.8125
0.61387358179
0.440995433295
0.4375
0.7
0.715879842833
0.714285714286
0.717274705311
0.571428571429
0.681818181818
0.71958022088
0.486636932344
0.0769230769231
0.444444444444
0.398004538257
0.666666666667
0.583333333333
0.529411764706
0.133333333333
0.470588235294
0.804773832865
0.111111111111
0.785714285714
0.647058823529
0.560632963541
0.710029946786
0.653723137293
0.664532546239
0.0
0.44818611402
0.181818181818
0.394691047639
0.181640129539
0.0
0.396873370456
0.0
0.622541500164
0.904761904762
0.777777777778
0.5
0.0
0.778166804803
0.25
0.142857142857
0.133333333333
0.571428571429
0.0714285714286
0.705882352941
0.0
0.0
0.0
0.0
0.666666666667
0.547172279475
0.4
0.571428571429
0.1
0.0
0.166666666667
0.545454545455
0.636363636364
0.0
0.365585338438
0.538461538462
0.518764178964
0.55
0.726098842701
0.653846153846
0.471907221433
0.8
0.333333333333
0.857142857143
0.875
0.769230769231
0.636363636364
0.870059742968
0.7
0.72982633338
0.8
0.909090909091
0.690592822471
0.75
0.722222222222
0.602981380638
0.587814909141
0.764705882353
0.0625
0.333333333333
0.549125354234
0.142857142857
0.75
0.670697862641
0.4375
0.6
0.625
0.666666666667
0.541643641485
0.0453325312718
0.222222222222
0.666666666667
0.631215733662
0.464733618037
0.0909090909091
0.796323414776
0.3125
0.4
0.0769230769231
0.341365315355
0.0
0.727272727273
0.578947368421
0.524567736873
0.454545454545
0.181818181818
0.602607722569
0.563213376535
0.0
0.0
0.1
0.559638097346
0.481481481481
0.5
0.166666666667
0.0
0.733333333333
0.285714285714
0.7
0.75
0.857142857143
0.363636363636
0.555555555556
0.428571428571
0.833333333333
0.714285714286
0.294117647059
0.58599300509
0.0714285714286
0.466666666667
0.440233720358
0.590909090909
0.4
0.666666666667
0.333333333333
0.0
0.294117647059
0.539235686635
0.714285714286
0.535482769969
0.668880816807
0.5572331811
0.333333333333
0.0
0.05
0.737601894703
0.0
0.692307692308
0.655787446347
0.981783693318
0.693435002066
0.727272727273
0.636363636364
0.153846153846
0.0909090909091
0.0
0.0
0.692307692308
0.6
0.529411764706
0.0
0.153846153846
0.727272727273
0.5
0.5
0.642857142857
0.9
0.863636363636
0.4
0.538461538462
0.673110761794
0.0
0.2
0.833333333333
0.549871122677
0.111111111111
0.636363636364
0.142857142857
0.602839691173
0.615384615385
0.166666666667
0.0588235294118
0.152715425469
0.0
0.624172999611
0.735189322831
0.63049423791
0.588235294118
0.0904422128669
0.0555555555556
0.0
0.478751376652
0.671137352656
0.649414630504
0.459457082913
0.105263157895
0.777777777778
0.696047794375
0.75
0.826746323958
0.0714285714286
0.8
0.6764387164
0.4375
0.478183136874
0.470588235294
0.467751766761
0.105263157895
0.7
0.588235294118
0.0
0.609315598948
0.725092088389
0.555555555556
0.214285714286
0.6
0.2217114856
0.510827481895
0.596681836881
0.608566058822
0.0
0.480199407878
0.181818181818
0.416666666667
0.1
0.259259259259
0.450599269319
0.0
0.454481553733
0.901147185376
0.736842105263
0.461538461538
0.0769230769231
0.666712647371
0.375
0.0714285714286
0.714285714286
0.642857142857
0.0
0.594584404063
0.0
0.0833333333333
0.0666666666667
0.181818181818
0.764705882353
0.553911176543
0.416666666667
0.266666666667
0.777777777778
0.142857142857
0.0833333333333
0.583333333333
0.777777777778
0.696049928725
0.196614957121
0.58401218455
0.553913721219
0.545454545455
0.726098842701
0.137931034483
0.625
0.857142857143
0.483280952589
0.875
0.941176470588
0.714285714286
0.8
0.870059742968
0.9
0.681818181818
0.526315789474
0.612866991396
0.790699446031
0.714285714286
0.705882352941
0.602981380638
0.571428571429
0.684210526316
0.666666666667
0.0
0.707818697067
0.142857142857
0.230769230769
0.615384615385
0.25
0.722222222222
0.8
0.558328018451
0.52721790781
0.125
0.276666010293
0.615384615385
0.545893447215
0.0650327784629
0.0909090909091
0.641378483237
0.117005958316
0.666666666667
0.0769230769231
0.3
0.636363636364
0.461538461538
0.684210526316
0.598342166293
0.4
0.6
0.674547436599
0.492811704469
0.0
0.142857142857
0.263157894737
0.037037037037
0.4
0.615384615385
0.222222222222
0.117647058824
0.0625
0.6
0.1
0.25
0.142857142857
0.0
0.444444444444
0.285714285714
0.833333333333
1.0
0.333333333333
0.886772166525
0.0714285714286
0.426025080962
0.0
0.590909090909
0.5
0.625
0.2
0.0
0.388888888889
0.513557796795
0.333333333333
0.680664765697
0.817151973297
0.733438711283
0.75
0.0
0.662560574843
0.60475112443
0.0
0.692307692308
0.624640836175
0.767497979032
0.526605949788
0.766139136418
0.673465362312
0.153846153846
0.0909090909091
0.0
0.0
0.461538461538
0.2
0.0588235294118
0.571428571429
0.560961331013
0.5
0.533333333333
0.545454545455
0.733333333333
1.0
0.842105263158
0.0
0.857142857143
0.9
0.703935341564
0.6
0.238095238095
0.444028614575
0.0
0.583333333333
0.666666666667
0.364543505877
0.0
0.666666666667
0.0588235294118
0.0555555555556
0.181818181818
0.624172999611
0.894736842105
0.616758002341
0.611111111111
0.0526315789474
0.0555555555556
0.0
0.5
0.614159818566
0.777777777778
0.416666666667
0.734538087481
0.555555555556
0.846153846154
0.714285714286
0.717274705311
0.0714285714286
0.7
0.733333333333
0.511823269262
0.518322895576
0.656707078427
0.498467682826
0.572140309626
0.416666666667
0.764705882353
0.0666666666667
0.666666666667
0.757434195638
0.529411764706
0.692307692308
0.6875
0.498459042128
0.573990977075
0.555555555556
0.623013077163
0.0
0.420174481893
0.181818181818
0.314691047639
0.0
0.0
0.596329608796
0.166666666667
0.67969149316
1.0
0.736842105263
0.0
0.5
0.700055176845
0.222999592741
0.214285714286
0.923076923077
0.478399674193
0.538461538462
0.539028848507
0.0
0.0833333333333
0.0666666666667
0.0
0.8
0.716983764773
0.583333333333
0.333333333333
