0.7
0.380952380952
0.366666666667
0.609848484848
0.606060606061
0.590907059993
0.309523809524
0.476666666667
0.408333333333
0.608695652174
0.567704462551
0.838859416446
0.607142857143
0.602678571429
0.435606060606
0.590277777778
0.882352941176
0.642857142857
0.69696969697
0.916666666667
0.871212121212
0.768878718535
0.73125
0.88141025641
0.828224349459
0.964285714286
0.811403508772
0.439265718128
0.401785714286
0.634523809524
0.558595601788
0.44154729896
0.507936507937
0.267857142857
0.801282051282
0.583333333333
0.516666666667
0.578947368421
0.65
0.588570786118
0.400444938821
0.452083333333
0.216374269006
0.393939393939
0.51747311828
0.570397220441
0.536931818182
0.597868255551
0.575657894737
0.685714285714
0.627403846154
0.472727272727
0.615384615385
0.503496503497
0.606060606061
0.458333333333
0.609848484848
0.363636363636
0.513157894737
0.460952538624
0.510869565217
0.535714285714
0.429545454545
0.445860852228
0.499275362319
0.472727272727
0.138888888889
0.532212885154
0.667279411765
0.803571428571
0.733333333333
0.875
0.342857142857
0.545454545455
0.738888888889
0.472222222222
0.77380952381
0.729166666667
0.277777777778
0.646641959845
0.535714285714
0.401785714286
0.483333333333
0.539473684211
0.457142857143
0.485714285714
0.267857142857
0.416666666667
0.257936507937
0.47619047619
0.696428571429
0.542608695652
0.811403508772
0.530349124117
0.583333333333
0.470085470085
0.655226017281
0.612096363995
0.539772727273
0.510416666667
0.669642857143
0.746606334842
0.667582417582
0.596153846154
0.522727272727
0.475113122172
0.41958041958
0.56862745098
0.333333333333
0.721153846154
0.502564102564
0.613003095975
0.55
0.519230769231
0.582995951417
0.486842105263
0.460227272727
0.625
0.954545454545
0.74053030303
0.668181818182
0.541666666667
0.9
0.358974358974
0.55
0.651629072682
0.408333333333
0.777777777778
0.769230769231
0.857142857143
0.411646306368
0.704767272489
0.583333333333
0.557275541796
0.83412981415
0.619831544874
0.686687586177
0.601503759398
0.540935672515
0.598529411765
0.47149122807
0.454545454545
0.380952380952
0.46875
0.788602941176
0.487012987013
0.253968253968
0.402960526316
0.641666666667
0.645833333333
0.607142857143
0.590277777778
0.571428571429
0.681818181818
0.666666666667
0.40404040404
0.593406593407
0.432748538012
0.334606960173
0.649122807018
0.541666666667
0.529411764706
0.583333333333
0.457516339869
0.760064175484
0.649122807018
0.785714285714
0.647058823529
0.442082440194
0.555789473684
0.502564102564
0.586831556722
0.339912280702
0.376470588235
0.162337662338
0.394691047639
0.533170118744
0.589008363202
0.37037037037
0.696428571429
0.521008403361
0.817765567766
0.722222222222
0.480769230769
0.627403846154
0.609848484848
0.539772727273
0.414285714286
0.710416666667
0.552380952381
0.414285714286
0.668730650155
0.282894736842
0.3
0.336363636364
0.502392344498
0.571428571429
0.485294117647
0.353846153846
0.552380952381
0.763636363636
0.507936507937
0.560897435897
0.522727272727
0.636363636364
0.674456891898
0.296703296703
0.502564102564
0.408333333333
0.514130434783
0.685760018107
0.620026525199
0.4
0.775
0.641025641026
0.803571428571
0.849264705882
0.741758241758
0.609848484848
0.75
0.641666666667
0.695652173913
0.7
0.839160839161
0.659202239632
0.696428571429
0.722222222222
0.569482415047
0.5
0.6918767507
0.49956782401
0.44154729896
0.472222222222
0.253968253968
0.721153846154
0.574358974359
0.4375
0.536842105263
0.625
0.625
0.529781186323
0.363970588235
0.216374269006
0.6
0.541935483871
0.354469760225
0.574162679426
0.662153969837
0.605654761905
0.342857142857
0.507692307692
0.191666666667
0.593406593407
0.671328671329
0.539473684211
0.4125
0.435606060606
0.522727272727
0.513157894737
0.528012540502
0.614548494983
0.535714285714
0.390476190476
0.521359427726
0.457407407407
0.483333333333
0.138888888889
0.652941176471
0.710416666667
0.803571428571
0.7
0.75
0.857142857143
0.363636363636
0.633333333333
0.401785714286
0.77380952381
0.669642857143
0.285947712418
0.502760784212
0.507936507937
0.452083333333
0.370879120879
0.590909090909
0.342857142857
0.633333333333
0.291666666667
0.154761904762
0.266106442577
0.488095238095
0.714285714286
0.394285714286
0.631578947368
0.483913025692
0.560897435897
0.291666666667
0.704035541091
0.729743422818
0.520833333333
0.627403846154
0.580256520037
0.846638655462
0.642857142857
0.585858585859
0.609848484848
0.358974358974
0.435606060606
0.56862745098
0.25
0.692307692308
0.6
0.529411764706
0.536842105263
0.487980769231
0.574162679426
0.460526315789
0.4375
0.508928571429
0.859090909091
0.827651515152
0.668181818182
0.519230769231
0.6
0.388663967611
0.55
0.77380952381
0.45
0.777777777778
0.587412587413
0.507936507937
0.602839691173
0.615384615385
0.641025641026
0.668730650155
0.725942679647
0.488236111353
0.583332607822
0.683333333333
0.557275541796
0.544117647059
0.47149122807
0.474556354513
0.418831168831
0.401785714286
0.606617647059
0.428571428571
0.31746031746
0.410526315789
0.680555555556
0.58125
0.675
0.666666666667
0.535714285714
0.763636363636
0.574358974359
0.377840909091
0.400641025641
0.445820433437
0.401032614972
0.551378446115
0.6
0.588235294118
0.816666666667
0.53125
0.66466774769
0.555555555556
0.828571428571
0.564705882353
0.104166666667
0.459130434783
0.502564102564
0.586831556722
0.333333333333
0.390756302521
0.162337662338
0.408333333333
0.353846153846
0.654761904762
0.415242165242
0.619047619048
0.28431372549
0.819397993311
0.701754385965
0.461538461538
0.487980769231
0.416666666667
0.431818181818
0.621428571429
0.690476190476
0.621428571429
0.46875
0.540935672515
0.432494279176
0.364583333333
0.298245614035
0.472727272727
0.6918767507
0.455882352941
0.400641025641
0.58125
0.738888888889
0.535714285714
0.560897435897
0.583333333333
0.707070707071
0.623735229992
0.142857142857
0.527777777778
0.425
0.533596837945
0.685760018107
0.862576064909
0.5625
0.803571428571
0.416666666667
0.875
0.941176470588
0.714285714286
0.733333333333
0.75
0.825
0.666996047431
0.513157894737
0.503496503497
0.75475856212
0.714285714286
0.686274509804
0.569482415047
0.535714285714
0.651629072682
0.673178935121
0.554469735106
0.512626262626
0.253968253968
0.646153846154
0.574358974359
0.606617647059
0.703216374269
0.65
0.546696184734
0.459677419355
0.303308823529
0.222910216718
0.574358974359
0.464870192886
0.470107599264
0.634090909091
0.500249207932
0.523113747268
0.619047619048
0.541806020067
0.25
0.587412587413
0.461538461538
0.637559808612
0.486111111111
0.366666666667
0.572727272727
0.657683750684
0.492811704469
0.499275362319
0.535714285714
0.256578947368
0.380390778967
0.366666666667
0.574358974359
0.222222222222
0.644731447514
0.606617647059
0.514285714286
0.619230769231
0.472222222222
0.401785714286
0.435606060606
0.505050505051
0.267857142857
0.77380952381
0.9375
0.333333333333
0.811363636364
0.586134453782
0.426025080962
0.483333333333
0.590909090909
0.440476190476
0.5625
0.1625
0.232142857143
0.361111111111
0.47619047619
0.309523809524
0.512727272727
0.75730994152
0.598331580257
0.75
0.291666666667
0.570702207757
0.553272834583
0.416666666667
0.627403846154
0.571428571429
0.651260504202
0.507798594438
0.634920634921
0.522727272727
0.430769230769
0.503496503497
0.45
0.40625
0.815934065934
0.710416666667
0.435294117647
0.552380952381
0.480769230769
0.460526315789
0.477192982456
0.460227272727
0.595833333333
1.0
0.754385964912
0.530769230769
0.857142857143
0.9
0.560897435897
0.6
0.698051948052
0.326470588235
0.707070707071
0.560897435897
0.619047619048
0.296191598525
0.646153846154
0.666666666667
0.62908496732
0.738888888889
0.572152195269
0.583332607822
0.852130325815
0.578947368421
0.580555555556
0.384439359268
0.412698412698
0.418831168831
0.4375
0.529411764706
0.638888888889
0.347222222222
0.633223684211
0.486111111111
0.766826923077
0.607142857143
0.590277777778
0.483333333333
0.668181818182
0.733333333333
0.441387559809
0.461538461538
0.505963190666
0.418831168831
0.501547987616
0.386904761905
0.764705882353
0.627450980392
0.611111111111
0.73639435687
0.514705882353
0.667582417582
0.667279411765
0.291666666667
0.441441275866
0.444444444444
0.561145735041
0.261904761905
0.363970588235
0.162337662338
0.314691047639
0.366666666667
0.509259259259
0.523349436393
0.560897435897
0.426470588235
0.942307692308
0.701754385965
0.370879120879
0.480769230769
0.366666666667
0.590277777778
0.535714285714
0.861538461538
0.333333333333
0.519230769231
0.486842105263
0.47149122807
0.400641025641
0.233333333333
0.460227272727
0.685714285714
0.627450980392
0.560897435897
0.564705882353
