0.7
0.0
0.4
0.636363636364
0.666666666667
0.590907059993
0.333333333333
0.52
0.466666666667
0.608695652174
0.601098842701
0.884615384615
0.714285714286
0.642857142857
0.454545454545
0.25
0.882352941176
0.642857142857
0.727272727273
0.916666666667
0.909090909091
0.842105263158
0.8125
0.916666666667
0.0909090909091
1.0
0.388888888889
0.564770209021
0.428571428571
0.65
0.242191203575
0.266666666667
0.571428571429
0.0
0.833333333333
0.7
0.533333333333
0.578947368421
0.8
0.642077221219
0.413793103448
0.466666666667
0.222222222222
0.454545454545
0.583333333333
0.651882537647
0.272727272727
0.7
0.0625
0.8
0.0
0.545454545455
0.615384615385
0.545454545455
0.666666666667
0.458333333333
0.636363636364
0.363636363636
0.526315789474
0.470760039445
0.217391304348
0.0
0.05
0.454273321138
0.565217391304
0.545454545455
0.166666666667
0.0588235294118
0.3125
0.285714285714
0.1
0.875
0.4
0.545454545455
0.444444444444
0.25
0.833333333333
0.833333333333
0.333333333333
0.71130615583
0.142857142857
0.428571428571
0.285714285714
0.578947368421
0.533333333333
0.571428571429
0.285714285714
0.416666666667
0.277777777778
0.47619047619
0.75
0.565217391304
0.833333333333
0.65010537795
0.583333333333
0.0
0.05
0.588235294118
0.25
0.583333333333
0.0714285714286
0.846153846154
0.692307692308
0.692307692308
0.545454545455
0.230769230769
0.0
0.0
0.1
0.75
0.538461538462
0.117647058824
0.0
0.153846153846
0.692307692308
0.5
0.545454545455
0.75
1.0
0.772727272727
0.4
0.583333333333
0.9
0.0769230769231
0.2
0.684210526316
0.466666666667
0.111111111111
0.769230769231
0.857142857143
0.470452921564
0.153846153846
0.583333333333
0.117647058824
0.0555555555556
0.619831544874
0.714285714286
0.631578947368
0.555555555556
0.647058823529
0.0526315789474
0.0555555555556
0.380952380952
0.5
0.8125
0.545454545455
0.285714285714
0.4375
0.7
0.666666666667
0.714285714286
0.625
0.571428571429
0.681818181818
0.666666666667
0.444444444444
0.153846153846
0.444444444444
0.359090396283
0.666666666667
0.583333333333
0.529411764706
0.133333333333
0.470588235294
0.804773832865
0.111111111111
0.785714285714
0.647058823529
0.482271752938
0.631578947368
0.538461538462
0.608566058822
0.0
0.4
0.181818181818
0.394691047639
0.181640129539
0.0
0.37037037037
0.0
0.571428571429
0.904761904762
0.777777777778
0.5
0.0
0.636363636364
0.25
0.142857142857
0.0666666666667
0.571428571429
0.0714285714286
0.705882352941
0.0
0.0
0.0
0.0
0.666666666667
0.5
0.4
0.571428571429
0.1
0.0
0.166666666667
0.545454545455
0.636363636364
0.1
0.307692307692
0.538461538462
0.466666666667
0.55
0.726098842701
0.653846153846
0.4
0.8
0.416666666667
0.857142857143
0.875
0.769230769231
0.636363636364
0.75
0.7
0.695652173913
0.8
0.909090909091
0.690592822471
0.75
0.722222222222
0.602981380638
0.5
0.764705882353
0.0625
0.133333333333
0.5
0.142857142857
0.75
0.615384615385
0.4375
0.6
0.625
0.666666666667
0.51724137931
0.0
0.222222222222
0.666666666667
0.6
0.386694283882
0.0909090909091
0.761904761905
0.3125
0.4
0.153846153846
0.25
0.0
0.727272727273
0.578947368421
0.45
0.454545454545
0.181818181818
0.526315789474
0.563213376535
0.0
0.0
0.1
0.531196398061
0.481481481481
0.5
0.166666666667
0.0
0.733333333333
0.285714285714
0.7
0.75
0.857142857143
0.363636363636
0.555555555556
0.428571428571
0.833333333333
0.714285714286
0.294117647059
0.514452895473
0.0714285714286
0.466666666667
0.384615384615
0.590909090909
0.4
0.666666666667
0.333333333333
0.0
0.294117647059
0.5
0.714285714286
0.428571428571
0.631578947368
0.5572331811
0.0833333333333
0.0
0.15
0.705882352941
0.0
0.692307692308
0.60174750226
0.928571428571
0.642857142857
0.727272727273
0.636363636364
0.153846153846
0.0909090909091
0.0
0.0
0.692307692308
0.6
0.529411764706
0.0
0.153846153846
0.727272727273
0.5
0.5
0.642857142857
0.9
0.863636363636
0.4
0.538461538462
0.6
0.0
0.2
0.833333333333
0.5
0.111111111111
0.636363636364
0.142857142857
0.602839691173
0.615384615385
0.166666666667
0.0588235294118
0.111111111111
0.0
0.590909090909
0.7
0.588235294118
0.588235294118
0.0526315789474
0.0555555555556
0.0
0.428571428571
0.625
0.5
0.357142857143
0.105263157895
0.777777777778
0.6
0.75
0.666666666667
0.0714285714286
0.8
0.615384615385
0.4375
0.416666666667
0.470588235294
0.401032614972
0.105263157895
0.7
0.588235294118
0.0
0.5625
0.725092088389
0.555555555556
0.214285714286
0.6
0.125
0.478260869565
0.538461538462
0.608566058822
0.0
0.428571428571
0.181818181818
0.416666666667
0.1
0.259259259259
0.423076923077
0.0
0.333333333333
0.869565217391
0.736842105263
0.461538461538
0.0769230769231
0.416666666667
0.375
0.0714285714286
0.714285714286
0.642857142857
0.0
0.555555555556
0.0
0.0833333333333
0.0666666666667
0.181818181818
0.764705882353
0.5
0.416666666667
0.266666666667
0.777777777778
0.142857142857
0.0833333333333
0.583333333333
0.777777777778
0.656563399992
0.142857142857
0.555555555556
0.5
0.545454545455
0.726098842701
0.137931034483
0.625
0.857142857143
0.416666666667
0.875
0.941176470588
0.714285714286
0.8
0.75
0.9
0.681818181818
0.526315789474
0.545454545455
0.790699446031
0.714285714286
0.705882352941
0.602981380638
0.571428571429
0.684210526316
0.666666666667
0.0
0.636363636364
0.142857142857
0.230769230769
0.615384615385
0.25
0.722222222222
0.8
0.558328018451
0.5
0.125
0.235294117647
0.615384615385
0.514677713553
0.0833333333333
0.0909090909091
0.571428571429
0.117005958316
0.666666666667
0.0769230769231
0.3
0.636363636364
0.461538461538
0.684210526316
0.555555555556
0.4
0.6
0.674547436599
0.492811704469
0.0
0.142857142857
0.263157894737
0.0
0.4
0.615384615385
0.222222222222
0.117647058824
0.0625
0.6
0.1
0.25
0.142857142857
0.0
0.444444444444
0.285714285714
0.833333333333
1.0
0.333333333333
0.85
0.0714285714286
0.426025080962
0.0
0.590909090909
0.5
0.625
0.2
0.0
0.388888888889
0.47619047619
0.333333333333
0.545454545455
0.777777777778
0.733438711283
0.75
0.0
0.55
0.529411764706
0.0
0.692307692308
0.571428571429
0.714285714286
0.526605949788
0.714285714286
0.545454545455
0.153846153846
0.0909090909091
0.0
0.0
0.461538461538
0.2
0.0588235294118
0.571428571429
0.5
0.5
0.533333333333
0.545454545455
0.733333333333
1.0
0.842105263158
0.0
0.857142857143
0.9
0.583333333333
0.6
0.238095238095
0.352941176471
0.0
0.583333333333
0.666666666667
0.364543505877
0.0
0.666666666667
0.0588235294118
0.0555555555556
0.181818181818
0.590909090909
0.894736842105
0.578947368421
0.611111111111
0.0526315789474
0.0555555555556
0.0
0.5
0.529411764706
0.777777777778
0.416666666667
0.6875
0.555555555556
0.846153846154
0.714285714286
0.625
0.142857142857
0.7
0.733333333333
0.473684210526
0.461538461538
0.600831288916
0.428571428571
0.529411764706
0.416666666667
0.764705882353
0.0666666666667
0.666666666667
0.757434195638
0.529411764706
0.692307692308
0.6875
0.333333333333
0.450450281496
0.555555555556
0.592908701175
0.0
0.375
0.181818181818
0.314691047639
0.0
0.111111111111
0.565217391304
0.166666666667
0.5
1.0
0.736842105263
0.0
0.5
0.4
0.125
0.214285714286
0.923076923077
0.4
0.538461538462
0.5
0.0
0.0833333333333
0.0666666666667
0.0
0.8
0.666666666667
0.583333333333
0.333333333333
