0.741249316661
0.408248290464
0.466666666667
0.666666666667
0.668993608006
0.583333333333
0.43835700376
0.526136791502
0.504714614515
0.643267520903
0.572077553547
0.862443070316
0.560112033611
0.639009650423
0.501280411828
0.639009650423
0.883959999879
0.628828145523
0.713024095907
0.928571428571
0.889499179993
0.802572353905
0.708333333333
0.876714007519
0.763762615826
0.945905302927
0.834057656228
0.327326835354
0.527046276695
0.595879571531
0.52380952381
0.45
0.565752381856
0.345032779671
0.723339349297
0.551825405536
0.465242105199
0.625543242171
0.597614304667
0.617213399848
0.435194139889
0.512271764055
0.341121146169
0.478091443734
0.580760045083
0.572891899232
0.556293911167
0.620173672946
0.591520481751
0.67082039325
0.684762383262
0.507092552837
0.66697296885
0.554700196225
0.587944735792
0.491303684441
0.644503386635
0.516397779494
0.538860251244
0.509175077217
0.610257153259
0.559016994375
0.453557367611
0.5
0.485741392575
0.547722557505
0.385758374905
0.596962005796
0.7
0.777777777778
0.741249316661
0.9
0.481125224325
0.592999453329
0.769230769231
0.476731294623
0.75
0.73029674334
0.346551640042
0.668993608006
0.586939185653
0.476330511622
0.512989176043
0.61910348462
0.51854497287
0.490290337845
0.316227766017
0.48304589154
0.361157559257
0.461880215352
0.716114874039
0.538860251244
0.810162722151
0.538381902058
0.642857142857
0.474341649025
0.66679485947
0.651338947279
0.526234811584
0.516185401209
0.666666666667
0.742610657233
0.727606875109
0.605530070819
0.601337794303
0.516185401209
0.563601861977
0.605530070819
0.372104203768
0.710046946805
0.436435780472
0.622375914264
0.550688791754
0.606339062591
0.605530070819
0.501745206004
0.559016994375
0.597614304667
0.963624111659
0.750478774386
0.720576692123
0.503952630679
0.870388279778
0.433860915637
0.668153104781
0.695181697093
0.417028828114
0.7453559925
0.8
0.9
0.50251890763
0.68599434057
0.642857142857
0.637022057271
0.837435789359
0.68599434057
0.718132498718
0.652791209834
0.596962005796
0.654653670708
0.494901541957
0.521672030038
0.473432076474
0.486664263392
0.829515062006
0.538138235197
0.312771621086
0.435194139889
0.6
0.650814026618
0.676123403783
0.666666666667
0.666666666667
0.706018086497
0.648885684523
0.453632354363
0.628828145523
0.478260869565
0.347182537415
0.637022057271
0.626224291085
0.590909090909
0.58137767415
0.476731294623
0.714285714286
0.64
0.8125
0.683130051064
0.37267799625
0.58976782462
0.573539334676
0.606339062591
0.440385506051
0.421052631579
0.207019667803
0.421117443806
0.538138235197
0.606339062591
0.46875
0.723339349297
0.559016994375
0.782475890056
0.725240667623
0.445399334083
0.60858061945
0.667124384995
0.64465837122
0.512989176043
0.722222222222
0.650814026618
0.473684210526
0.668993608006
0.315244162496
0.355409326655
0.419960525566
0.544704779402
0.565685424949
0.489115988045
0.414039335605
0.628828145523
0.690065559342
0.51031036308
0.645497224368
0.648181216088
0.64051261522
0.694022093789
0.424437343814
0.547722557505
0.471404520791
0.594225082167
0.667423812472
0.640056896475
0.470588235294
0.82686886579
0.666666666667
0.8
0.829515062006
0.727606875109
0.648203723552
0.785714285714
0.667124384995
0.717108788292
0.668153104781
0.842664840618
0.601929265429
0.745601135079
0.766130877683
0.481125224325
0.6
0.681005224607
0.465242105199
0.45
0.553316744993
0.388922234131
0.666885928855
0.630893268144
0.444554224474
0.565685424949
0.6
0.617213399848
0.522232967867
0.48181205583
0.341121146169
0.67082039325
0.607158228951
0.35805743702
0.570781792985
0.675303252442
0.611010092661
0.4472135955
0.51512219637
0.276026223737
0.628828145523
0.668153104781
0.561800647734
0.424334212396
0.48304589154
0.580947501931
0.566138517072
0.566946709514
0.667037345965
0.559016994375
0.453557367611
0.576022109461
0.463816828522
0.571661950475
0.402911482013
0.696310623823
0.769483764064
0.777777777778
0.769230769231
0.8
0.833333333333
0.461538461538
0.741249316661
0.4472135955
0.75
0.609271795845
0.425628265379
0.549125178387
0.574037847882
0.476330511622
0.410391340834
0.655172413793
0.377123616633
0.668993608006
0.239045721867
0.250489716434
0.377964473009
0.461880215352
0.733333333333
0.410304969931
0.694022093789
0.469157431628
0.571428571429
0.326598632371
0.706018086497
0.772727272727
0.507092552837
0.573539334676
0.547722557505
0.817912881352
0.705882352941
0.514259477227
0.668153104781
0.424437343814
0.580947501931
0.619779786801
0.261488180184
0.6875
0.565778949861
0.545454545455
0.538027586849
0.516185401209
0.569802882298
0.482381910619
0.559016994375
0.50262468995
0.857142857143
0.837610596839
0.720576692123
0.440958551844
0.609271795845
0.44556639434
0.668153104781
0.776967779104
0.480079358519
0.7453559925
0.644503386635
0.572077553547
0.636363636364
0.66697296885
0.690065559342
0.7126966451
0.744387368319
0.540738070436
0.604743156815
0.723568051145
0.611010092661
0.639602149067
0.494901541957
0.490716492066
0.500319182924
0.44513190726
0.683130051064
0.49009802941
0.354005216197
0.458333333333
0.621059003408
0.600751409186
0.725240667623
0.75
0.632455532034
0.776967779104
0.547722557505
0.402911482013
0.470588235294
0.46625240412
0.464285714286
0.565217391304
0.648203723552
0.61975068301
0.802896541992
0.552770798393
0.634335047417
0.6
0.848874687627
0.6
0.233549683248
0.51031036308
0.573539334676
0.616041103634
0.385337317794
0.432590456349
0.207019667803
0.46458209843
0.392232270276
0.6875
0.5
0.68599434057
0.310086836473
0.801783725737
0.709299365615
0.473879102207
0.48686449556
0.5
0.564076074818
0.71818484646
0.707106781187
0.63510734883
0.432590456349
0.513552591013
0.458731710926
0.414644214431
0.364012604155
0.538138235197
0.67082039325
0.465378920996
0.43835700376
0.648885684523
0.77151674981
0.589255650989
0.645497224368
0.611111111111
0.701646415446
0.579066024144
0.294117647059
0.568750123085
0.504714614515
0.607530436408
0.603022689156
0.831497179676
0.626224291085
0.846327266056
0.48304589154
0.9
0.910031510387
0.764705882353
0.814091578411
0.785714285714
0.815374248327
0.692820323028
0.541666666667
0.583383351197
0.731310340974
0.736842105263
0.739130434783
0.481125224325
0.632455532034
0.612372435696
0.600751409186
0.524404424085
0.561951486949
0.440958551844
0.526315789474
0.533113989983
0.5
0.750651890605
0.597614304667
0.518874521663
0.478947472071
0.407687124164
0.367423461417
0.685160159703
0.508888004805
0.516397779494
0.618346942401
0.527147622004
0.503952630679
0.6
0.544510080779
0.349927106112
0.626224291085
0.516397779494
0.601929265429
0.464834840101
0.429668924424
0.710046946805
0.641623652682
0.535714285714
0.557086014531
0.589255650989
0.313785816221
0.428746462856
0.405839724957
0.628828145523
0.357142857143
0.652791209834
0.683130051064
0.544331053952
0.644503386635
0.476731294623
0.560448538318
0.461538461538
0.644503386635
0.335410196625
0.75
0.870388279778
0.408248290464
0.840672807477
0.635850784458
0.45056355689
0.487950036474
0.666769286026
0.49193495505
0.585369407005
0.3585685828
0.313112145543
0.451335466924
0.490653381463
0.313112145543
0.500370233298
0.816496580928
0.592220092264
0.785714285714
0.326598632371
0.588348405415
0.604814736759
0.422577127364
0.630893268144
0.589255650989
0.673575314055
0.545705156332
0.639602149067
0.554700196225
0.485071250073
0.60858061945
0.533113989983
0.434121571062
0.788240781368
0.70087664405
0.418121005004
0.578947368421
0.467707173347
0.50251890763
0.494913397732
0.519615242271
0.571547606649
1.0
0.796002945758
0.596284794
0.833333333333
0.909090909091
0.606339062591
0.714285714286
0.704186850828
0.375325945303
0.630126037813
0.621059003408
0.737864787373
0.402015126104
0.647058823529
0.714285714286
0.651338947279
0.773526783829
0.594811877479
0.630061919162
0.846327266056
0.625543242171
0.667246124983
0.401286176953
0.458731710926
0.445668811625
0.414644214431
0.619047619048
0.630126037813
0.323029141235
0.623609564462
0.501280411828
0.720082299823
0.623609564462
0.666666666667
0.594811877479
0.66679485947
0.722222222222
0.472866243743
0.514495755428
0.469157431628
0.444749589997
0.500517330713
0.433860915637
0.762770071396
0.61975068301
0.620505227994
0.714285714286
0.6
0.6875
0.7
0.37267799625
0.442268981336
0.509027810381
0.594913076531
0.368932393686
0.410391340834
0.207019667803
0.379310344828
0.470870955797
0.523138836662
0.590878947869
0.628828145523
0.418330013267
0.902006691454
0.709299365615
0.344123600806
0.48686449556
0.444749589997
0.572077553547
0.615587011251
0.824957911384
0.466569474816
0.573539334676
0.490716492066
0.503362010231
0.387298334621
0.377964473009
0.470870955797
0.659966329107
0.545454545455
0.533333333333
0.594811877479
