0.07
0.047619047619
0.0333333333333
0.0530303030303
0.0606060606061
0.0275
0.0238095238095
0.0173333333333
0.0233333333333
0.0264650283554
0.0555555555556
0.0305039787798
0.0714285714286
0.0401785714286
0.0378787878788
0.0694444444444
0.0519031141869
0.0459183673469
0.0606060606061
0.0763888888889
0.0757575757576
0.0366132723112
0.040625
0.0705128205128
0.0335968379447
0.0714285714286
0.0438596491228
0.0444444444444
0.0535714285714
0.0309523809524
0.03125
0.025
0.031746031746
0.0357142857143
0.0641025641026
0.0466666666667
0.0333333333333
0.0304709141274
0.1
0.025
0.0133481646274
0.0291666666667
0.0116959064327
0.030303030303
0.0238625131225
0.0462962962963
0.0397727272727
0.0233333333333
0.0328947368421
0.114285714286
0.0432692307692
0.0363636363636
0.0473372781065
0.041958041958
0.030303030303
0.0190972222222
0.0530303030303
0.0330578512397
0.0263157894737
0.018115942029
0.0217391304348
0.0714285714286
0.0204545454545
0.0156695156695
0.0188405797101
0.0363636363636
0.0185185185185
0.0280112044818
0.0404411764706
0.107142857143
0.0666666666667
0.109375
0.0571428571429
0.0495867768595
0.0777777777778
0.0555555555556
0.119047619048
0.104166666667
0.0185185185185
0.030303030303
0.0357142857143
0.0267857142857
0.0333333333333
0.0263157894737
0.0253968253968
0.0571428571429
0.0357142857143
0.0347222222222
0.0132275132275
0.0226757369615
0.0535714285714
0.0226086956522
0.0438596491228
0.030701754386
0.0486111111111
0.042735042735
0.0309523809524
0.0346020761246
0.0568181818182
0.0364583333333
0.0446428571429
0.0497737556561
0.0494505494505
0.0384615384615
0.0454545454545
0.0316742081448
0.034965034965
0.0392156862745
0.0266666666667
0.0576923076923
0.0358974358974
0.0340557275542
0.0333333333333
0.0384615384615
0.0364372469636
0.0263157894737
0.0340909090909
0.03125
0.0909090909091
0.032196969697
0.0636363636364
0.0416666666667
0.09
0.025641025641
0.1
0.0325814536341
0.0233333333333
0.0740740740741
0.0591715976331
0.122448979592
0.0416666666667
0.0461538461538
0.0486111111111
0.030959752322
0.0438596491228
0.0495867768595
0.0297619047619
0.0300751879699
0.0292397660819
0.0323529411765
0.0219298245614
0.0227272727273
0.0181405895692
0.03125
0.0477941176471
0.038961038961
0.015873015873
0.0230263157895
0.0583333333333
0.0416666666667
0.0714285714286
0.0694444444444
0.0408163265306
0.0309917355372
0.0444444444444
0.020202020202
0.043956043956
0.0233918128655
0.0143540669856
0.0350877192982
0.0416666666667
0.0311418685121
0.0333333333333
0.0261437908497
0.0416666666667
0.0350877192982
0.0561224489796
0.038062283737
0.0333333333333
0.0252631578947
0.0358974358974
0.0206043956044
0.0219298245614
0.0235294117647
0.012987012987
0.0144
0.0416666666667
0.0203106332139
0.0137174211248
0.0535714285714
0.0336134453782
0.0347985347985
0.037037037037
0.0384615384615
0.0432692307692
0.0530303030303
0.0568181818182
0.0285714285714
0.0458333333333
0.0380952380952
0.0285714285714
0.0371517027864
0.0131578947368
0.0222222222222
0.0181818181818
0.0334928229665
0.031746031746
0.0294117647059
0.0307692307692
0.0380952380952
0.0727272727273
0.0634920634921
0.0448717948718
0.0454545454545
0.0578512396694
0.0309523809524
0.021978021978
0.0179487179487
0.0233333333333
0.0239130434783
0.0694444444444
0.0225464190981
0.04
0.05
0.0512820512821
0.107142857143
0.0514705882353
0.0549450549451
0.0530303030303
0.0625
0.0583333333333
0.0302457466919
0.04
0.0699300699301
0.0295454545455
0.0535714285714
0.0401234567901
0.0555555555556
0.0625
0.0364145658263
0.0277777777778
0.025
0.0277777777778
0.031746031746
0.0576923076923
0.0410256410256
0.02734375
0.0315789473684
0.078125
0.0277777777778
0.0177113802392
0.0220588235294
0.0116959064327
0.0444444444444
0.0241983351782
0.025
0.0382775119617
0.0253968253968
0.0327380952381
0.0571428571429
0.0307692307692
0.0166666666667
0.043956043956
0.0559440559441
0.0263157894737
0.01875
0.0378787878788
0.0454545454545
0.0263157894737
0.0218253968254
0.0250836120401
0.0714285714286
0.0190476190476
0.0185185185185
0.016049382716
0.0333333333333
0.0185185185185
0.0352941176471
0.0458333333333
0.107142857143
0.07
0.09375
0.122448979592
0.0330578512397
0.0666666666667
0.0535714285714
0.119047619048
0.0892857142857
0.016339869281
0.021645021645
0.031746031746
0.0291666666667
0.0274725274725
0.0268595041322
0.0190476190476
0.0666666666667
0.0416666666667
0.0119047619048
0.0140056022409
0.0238095238095
0.0510204081633
0.0171428571429
0.0332409972299
0.0263157894737
0.0448717948718
0.0277777777778
0.0333333333333
0.0415224913495
0.0520833333333
0.0432692307692
0.0384615384615
0.0546218487395
0.0459183673469
0.040404040404
0.0530303030303
0.025641025641
0.0378787878788
0.0392156862745
0.02
0.0532544378698
0.04
0.0311418685121
0.0315789473684
0.0336538461538
0.0382775119617
0.0263157894737
0.03125
0.0267857142857
0.0818181818182
0.0359848484848
0.0636363636364
0.0384615384615
0.06
0.0242914979757
0.1
0.0396825396825
0.025
0.0740740740741
0.048951048951
0.0634920634921
0.0625
0.0473372781065
0.0512820512821
0.0371517027864
0.0380116959064
0.034965034965
0.0246212121212
0.0333333333333
0.030959752322
0.0294117647059
0.0219298245614
0.0227272727273
0.0194805194805
0.0267857142857
0.0367647058824
0.0357142857143
0.0198412698413
0.0210526315789
0.0648148148148
0.0375
0.075
0.0740740740741
0.0357142857143
0.0363636363636
0.0410256410256
0.0198863636364
0.0320512820513
0.0247678018576
0.0165289256198
0.0275689223058
0.05
0.0346020761246
0.0466666666667
0.03125
0.037037037037
0.0308641975309
0.0571428571429
0.0352941176471
0.0104166666667
0.0191304347826
0.0358974358974
0.0206043956044
0.0208333333333
0.0252100840336
0.012987012987
0.0166666666667
0.0307692307692
0.0238095238095
0.0156695156695
0.047619047619
0.0196078431373
0.0334448160535
0.0350877192982
0.0355029585799
0.0336538461538
0.0347222222222
0.0454545454545
0.0428571428571
0.047619047619
0.0428571428571
0.03125
0.0292397660819
0.0205949656751
0.0260416666667
0.0175438596491
0.0363636363636
0.0364145658263
0.0294117647059
0.0320512820513
0.0375
0.0777777777778
0.0714285714286
0.0448717948718
0.0486111111111
0.0707070707071
0.0305555555556
0.0102040816327
0.0185185185185
0.025
0.0237154150198
0.0694444444444
0.02738336714
0.0625
0.0535714285714
0.0347222222222
0.109375
0.0553633217993
0.0510204081633
0.0666666666667
0.0625
0.075
0.0296442687747
0.0263157894737
0.041958041958
0.0340909090909
0.0510204081633
0.0392156862745
0.0555555555556
0.0714285714286
0.0325814536341
0.0416666666667
0.0313725490196
0.0353535353535
0.031746031746
0.0461538461538
0.0410256410256
0.0367647058824
0.0380116959064
0.1
0.0217391304348
0.0161290322581
0.0183823529412
0.0123839009288
0.0410256410256
0.0203273674363
0.0320512820513
0.0409090909091
0.0190476190476
0.0244565217391
0.0952380952381
0.0301003344482
0.02
0.048951048951
0.0355029585799
0.0311004784689
0.0231481481481
0.0333333333333
0.0545454545455
0.0315789473684
0.0190972222222
0.0188405797101
0.0714285714286
0.0131578947368
0.0123456790123
0.0133333333333
0.0410256410256
0.0246913580247
0.0323529411765
0.0367647058824
0.0857142857143
0.0538461538462
0.0555555555556
0.0535714285714
0.0378787878788
0.0505050505051
0.0357142857143
0.119047619048
0.125
0.0185185185185
0.0386363636364
0.0378151260504
0.0234375
0.0333333333333
0.0268595041322
0.0238095238095
0.0625
0.025
0.0178571428571
0.0185185185185
0.0226757369615
0.0238095238095
0.0218181818182
0.0409356725146
0.0350877192982
0.0625
0.0277777777778
0.0275
0.0311418685121
0.0416666666667
0.0432692307692
0.0408163265306
0.0420168067227
0.032967032967
0.0396825396825
0.0454545454545
0.0307692307692
0.041958041958
0.0333333333333
0.03125
0.0604395604396
0.0458333333333
0.0235294117647
0.0380952380952
0.0384615384615
0.0263157894737
0.0280701754386
0.0340909090909
0.0305555555556
0.0909090909091
0.0350877192982
0.0461538461538
0.0612244897959
0.09
0.0448717948718
0.12
0.0324675324675
0.0176470588235
0.0707070707071
0.0448717948718
0.0952380952381
0.025
0.0461538461538
0.0555555555556
0.0359477124183
0.0388888888889
0.041958041958
0.0246212121212
0.0426065162907
0.0304709141274
0.0305555555556
0.0183066361556
0.021164021164
0.0194805194805
0.03125
0.0311418685121
0.0555555555556
0.0231481481481
0.0361842105263
0.0462962962963
0.0528846153846
0.0714285714286
0.0694444444444
0.0333333333333
0.0318181818182
0.0488888888889
0.0215311004785
0.0355029585799
0.0283400809717
0.0194805194805
0.0278637770898
0.0297619047619
0.0449826989619
0.0392156862745
0.037037037037
0.0392156862745
0.0294117647059
0.0494505494505
0.0404411764706
0.0277777777778
0.0166666666667
0.037037037037
0.02
0.015873015873
0.0220588235294
0.012987012987
0.0112
0.0333333333333
0.0185185185185
0.0209339774557
0.0448717948718
0.0294117647059
0.0384615384615
0.0350877192982
0.0274725274725
0.0384615384615
0.0333333333333
0.0694444444444
0.0357142857143
0.0615384615385
0.0266666666667
0.0384615384615
0.0263157894737
0.0219298245614
0.0320512820513
0.0133333333333
0.0340909090909
0.0380952380952
0.0392156862745
0.0448717948718
0.0352941176471
