0.111111111111
0.0371204837269
0.0636363636364
0.0402084977744
0.0386578289524
0.051712076507
0.0306035903437
0.0234747901229
0.2
0.0662267152429
0.038437521592
0.0326347739078
0.039566588196
0.0441176470588
0.077745095445
0.0279209477373
0.075
0.0682072577174
0.0787317696093
0.0515586457662
0.0543359094126
0.032525282006
0.0333726218909
0.100476300185
0.039632418502
0.042463736488
0.0362158744421
0.0320905251312
0.064238708695
0.0226839996838
0.0294473091365
0.0377228980678
0.0574191860357
0.0385471597513
0.0329425256619
0.0284938391378
0.0223053796392
0.0188700847149
0.0320065612852
0.0576129012759
0.0450723165079
0.0243050270182
0.0402812361404
0.0578394120842
0.0409745199549
0.0666666666667
0.026639070643
0.0529020569949
0.0543504614604
0.0515873015873
0.0833333333333
0.0646844772959
0.0607178920213
0.0363869392197
0.038175879264
0.0570621700305
0.0546105826665
0.0459254422525
0.0361930971147
0.0419418566181
0.0370902871749
0.0241752723647
0.0570547460558
0.0357844854782
0.0323997398653
0.0309488376165
0.0240057300156
0.0817151558455
0.0532544378698
0.0241673315044
0.0226473281826
0.0339902459065
0.0535714285714
0.0481279347044
0.0567558338734
0.0441213892864
0.0710059171598
0.0731193482399
0.0620420360839
0.039184170132
0.0892857142857
0.0599495328956
0.048919874322
0.0539547288609
0.0252142530088
0.0193793960833
0.0337129630993
0.0180948293978
0.0625
0.0615384615385
0.0408752613991
0.0438781944458
0.0434496109319
0.0512208018836
0.0446522088467
0.0424409111288
0.0559796611049
0.0316936204799
0.0243411346313
0.0698912251141
0.102561043985
0.0423076923077
0.0606060606061
0.0419285747134
0.040095709255
0.0597919789111
0.0289522652463
0.0256914707398
0.181717185297
0.0662267152429
0.0389345175372
0.0370657713732
0.0363459174169
0.0415224913495
0.0717014712937
0.0289344289796
0.0863543919416
0.0682072577174
0.0908585926484
0.0544017905244
0.053421335632
0.023841765121
0.0328251442737
0.101380021574
0.0393828826185
0.0485361907677
0.0440956162286
0.0351239669421
0.0865676936476
0.0235414436665
0.0337359966067
0.0364616976378
0.0510392764762
0.0330478032689
0.0292461054408
0.0346024215255
0.0263197023434
0.0169452873041
0.032639429131
0.0473754669437
0.04296875
0.0212812657484
0.0430909924427
0.0571208712443
0.0358686677958
0.0578935299928
0.0239121994345
0.0592421753278
0.0477970068592
0.0515873015873
0.0833333333333
0.0785733661848
0.0353255161179
0.0655394374901
0.0395523892739
0.0551628263025
0.0466939077665
0.0430348730421
0.0291003664033
0.0421138503377
0.0307688488657
0.0285724348958
0.0474849015573
0.049131103957
0.0444140008048
0.0230253217341
0.0253785575167
0.0765285137704
0.0432692307692
0.0257110215539
0.024182223314
0.0423714425141
0.0454545454545
0.0518455515385
0.0652258511099
0.0355855523611
0.0598290598291
0.0682804741517
0.0617283950617
0.0315390559175
0.0908740226725
0.0503743806289
0.0648834214773
0.051530935859
0.023639457956
0.0171981553369
0.0398510369949
0.0166125406504
0.0593794603617
0.0659340659341
0.0391885062855
0.0622061876792
0.0428145222333
0.0672010302906
0.0439469353277
0.0355652410686
0.06757638724
0.0298885803942
0.028323180177
0.0635374773765
0.121420843411
0.033857324081
0.0685540969579
0.0419285747134
0.0490235416014
0.0558662473211
0.0295387491119
0.0287671469853
0.2
0.0665362885671
0.0443951768937
0.0341206648352
0.0356666466119
0.0389463769199
0.0584458246707
0.0241861644673
0.06
0.059873924384
0.0654459893344
0.036674841228
0.0398261998384
0.0347985659486
0.0314433609174
0.108963798567
0.0379294417361
0.0272622068017
0.0330290310651
0.0337335961098
0.0843748650343
0.0216261174178
0.0325363099895
0.0282952136778
0.0615881070269
0.0501192436832
0.0340831444938
0.0312309052298
0.0217550596413
0.0158851730471
0.0235618152512
0.0690749899632
0.0413844474723
0.0175842669076
0.0502590425447
0.0563253882924
0.037465516291
0.047839089733
0.0246614026625
0.0746179441894
0.0297725179195
0.0490450826532
0.0833333333333
0.0859025814457
0.0302724638642
0.0385653594339
0.0486035418298
0.0559297489935
0.0584665068352
0.0321501991478
0.0332125096007
0.0481301146717
0.0309034512037
0.0263338036885
0.0464493152687
0.0725924652696
0.0565447596985
0.0221509740268
0.0276292049237
0.0504519408833
0.0626848393674
0.0342963224382
0.0191504873139
0.0358946623211
0.0398484901656
0.0291979997958
0.0588255731083
0.0312637514477
0.026517099266
0.054545573685
0.0535940109552
0.035461661029
0.103027153954
0.0719091516428
0.0792450540878
0.049664988932
0.0198060274332
0.0240210173659
0.0384127267426
0.0186734950688
0.0501255048372
0.0576923076923
0.044109494741
0.0442868238255
0.0490196078431
0.0383652058455
0.042371335945
0.0441202504225
0.0683442379215
0.0309692752867
0.0316179966389
0.0317687386882
0.0769207829887
0.040625
0.0833333333333
0.0433063387325
0.0463959421701
0.0600872419938
0.0315192481909
0.0275440342021
0.2
0.0712801079098
0.0438918168019
0.0278813561158
0.0379980045722
0.0441176470588
0.0657843115304
0.0281296797505
0.075
0.0682072577174
0.081366674855
0.0699652102949
0.0552375655727
0.0341689224688
0.0313409423362
0.10548547226
0.0401043690083
0.0530162757357
0.0377833479333
0.0382405059333
0.0713763429945
0.0204687591211
0.0301828026374
0.0358367531644
0.0328049040039
0.0360279541545
0.0372874945103
0.0320472649764
0.023286480298
0.0209122207619
0.0321764147164
0.0505050505051
0.0367647058824
0.0234153588146
0.0457549386503
0.0571208712443
0.0393309347076
0.0591945109355
0.0302439118141
0.0746179441894
0.0503640105595
0.047619047619
0.0793650793651
0.0673840629272
0.0442194658784
0.0466182411993
0.0362282982511
0.049565823593
0.0373551262132
0.037008150232
0.0242428164719
0.0449214403602
0.0321792276992
0.0258000454282
0.0741711698725
0.0605205601672
0.0440137323618
0.0291634064931
0.0243357340137
0.0688756623933
0.0576923076923
0.0288470702867
0.0250613280463
0.0442980236656
0.0494505494505
0.0484793260352
0.0660832009591
0.0367765676604
0.0641025641026
0.0915478359601
0.0620420360839
0.0343708404417
0.0998881759479
0.061133563525
0.0751518958943
0.0539547288609
0.0252072576216
0.0254947124849
0.0468148870063
0.0244466484195
0.0546557661027
0.0650887573964
0.042520257679
0.042903608918
0.0450300903498
0.0705711368338
0.0488299281419
0.0381968200159
0.0624409729355
0.0352549895724
0.0276315404231
0.0565444703835
0.111111111111
0.0382352941176
0.0661157024793
0.0371840421828
0.0469048095804
0.0612834227546
0.0396933109882
0.0299987935749
0.2
0.0732207293405
0.045436212386
0.0306694917273
0.0393803180686
0.0477941176471
0.0776765939015
0.0311889215935
0.075
0.07
0.0740695846583
0.0551757179848
0.0489108090286
0.0394635752045
0.0327848201573
0.103161656747
0.0411111160188
0.0406806172972
0.040117959534
0.0346698214079
0.105468581293
0.0235801532703
0.0298008222695
0.0394387193636
0.0636884132121
0.0406379326532
0.0388982961397
0.033844442589
0.0286783452504
0.0246505297374
0.0321764147164
0.040404040404
0.0442662042647
0.024836674065
0.0442124932268
0.0507159741118
0.0374545158978
0.0601639997981
0.03096344141
0.0652477360073
0.0507843197879
0.0515873015873
0.0606060606061
0.0673840629272
0.0394386193938
0.0629370629371
0.0473955265288
0.051485304549
0.0411156289284
0.0430348730421
0.0322048092355
0.0449214403602
0.0330287639945
0.0247423661371
0.0682195646373
0.0657309324665
0.0455153479338
0.0350844888634
0.0243949113909
0.0719225354729
0.0414201183432
0.0309004823578
0.0220204295162
0.0486961282595
0.0454545454545
0.0388392914242
0.0648257060037
0.0417559899765
0.0705128205128
0.0915478359601
0.0555555555556
0.0384361250624
0.075
0.0511616048189
0.0766927584549
0.0604595072876
0.0265528355637
0.0243528863361
0.0368416861993
0.0215708680395
0.0666666666667
0.0604395604396
0.0417171502434
0.0633382560826
0.0430551158767
0.0651176920392
0.0480695979808
0.0315048999306
0.0662001884192
0.0356596636218
0.0329996436319
0.0621989174218
0.102561043985
0.040625
0.0808080808081
0.0395763866804
0.0518478427912
0.0656608100942
0.0354914850469
0.0271561454219
0.2
0.0795794425505
0.0447969083548
0.0281748880595
0.039566588196
0.046218487395
0.0657843115304
0.0335532688949
0.067476117498
0.0682072577174
0.0898428807204
0.0551757179848
0.0475441678312
0.0442549102484
0.0398101387625
0.116596583371
0.0371720037812
0.0419051646245
0.038899575274
0.0363636363636
0.0687527325497
0.0216895918147
0.0371636726558
0.0375129762992
0.0417594080259
0.040539745733
0.0405343985599
0.0321317678112
0.0229189749645
0.0204442711806
0.0358634417604
0.037037037037
0.0431376422294
0.0224638967575
0.0482968796864
0.0530408090125
0.0375127528894
0.0526306555266
0.0316186350784
0.0746179441894
0.0484095914454
0.047619047619
0.0833333333333
0.0580521010366
0.0332997102506
0.0513168439993
0.0383593746188
0.0594061206335
0.0464497682247
0.0457245526072
0.0295958042941
0.0454370113362
0.0286170754896
0.024586987859
0.0741711698725
0.0561976630124
0.0483600571797
0.0299697661785
0.0206325059563
0.0688756623933
0.0550880631608
0.0312224048691
0.0245080438999
0.0514510373385
0.0535714285714
0.0483891814359
0.0648257060037
0.0411623627178
0.0591945109355
0.0915478359601
0.0463008408844
0.0350853853255
0.09375
0.0519423086212
0.0746199923992
0.0511166377533
0.0289448264845
0.0228709610396
0.0371107719934
0.0206064042647
0.0624637326888
0.0650887573964
0.042520257679
0.0429754184484
0.0450679181403
0.070423179499
0.0429819749255
0.0381968200159
0.0624409729355
0.0330163718026
0.0329996436319
0.0676830558886
0.150673883584
0.0430053967408
0.0681818181818
0.0398222676664
0.0415250052317
0.0601002313796
0.0348271237958
0.0312868028578
0.2
0.0735852391588
0.040155149085
0.0298816079018
0.0325651990804
0.0392156862745
0.0597422390282
0.0321493655328
0.075
0.0744079175099
0.0908585926484
0.0568320482994
0.0454081352872
0.0455161148319
0.0318447329003
0.0932176107017
0.0335903287581
0.0373355313598
0.0364907430153
0.0291074853088
0.102083063402
0.0212987769292
0.0295784636268
0.0398186146271
0.0691875725423
0.040539745733
0.0393977306643
0.0299824877368
0.0240429224797
0.0209114142949
0.0281543628768
0.0606060606061
0.0346806895803
0.022563925869
0.0425231860597
0.0539491995228
0.0421576451543
0.0591945109355
0.0369965693347
0.0748510313817
0.0512572144716
0.0442579399752
0.0833333333333
0.0580521010366
0.0481102679643
0.0699300699301
0.0452797898437
0.0441008063481
0.0440050435813
0.042048082019
0.0325553847235
0.0320512820513
0.0395388689556
0.0280049542172
0.0307059047686
0.037283117008
0.0374347849934
0.0283924100639
0.0299674194664
0.0719225354729
0.0472183398521
0.0235663811019
0.0245855086704
0.0467790668256
0.0519480519481
0.0313154272198
0.0577280285595
0.0447368421053
0.0604395604396
0.070421412277
0.0620420360839
0.0377283554296
0.084010762613
0.0597829349171
0.0716031904239
0.055494854002
0.0216743773964
0.0197265910663
0.0466195602709
0.0186685665505
0.0663265306122
0.0659340659341
0.0421916906219
0.0574210963193
0.0483221320753
0.0672371180426
0.0433485019452
0.037738458465
0.0662360713613
0.0352549895724
0.0299950551421
0.0635374773765
0.102561043985
0.0455053967408
0.0743801652893
0.0423247344993
0.0485439237561
0.0564107714056
0.0311217846065
0.0256524886117
0.2
0.0884055774799
0.0430627890988
0.0275836324625
0.0397366609209
0.0484429065744
0.0754113411417
0.0342524161605
0.0797445024976
0.059873924384
0.089810886576
0.0532985436282
0.0565442243295
0.0330785471978
0.0413775304744
0.117206080288
0.0293926939918
0.0386684525631
0.036340387619
0.0341796066786
0.0584083681968
0.0220132959653
0.0325182135738
0.0368034843052
0.0460735455443
0.0393386769997
0.0444487349993
0.0327817872462
0.0267317705119
0.0196052069643
0.0288097085302
0.0420641632631
0.0347222222222
0.0209930803165
0.0460322198197
0.0585184316675
0.041154123211
0.0601639997981
0.0355167065613
0.0678344947176
0.0477970068592
0.0555555555556
0.0972222222222
0.0580521010366
0.0385369266741
0.0727272727273
0.0463917489666
0.0529638194979
0.0430805839839
0.0395746654296
0.0287961539362
0.0454370113362
0.0325741375381
0.0231173149012
0.0748062253457
0.0471014599492
0.0483600571797
0.0279091340335
0.0210434470644
0.0653841231572
0.0461538461538
0.0260117327786
0.0239208343569
0.0371974897298
0.0535714285714
0.0443877616277
0.0678938655729
0.0414609765224
0.0710059171598
0.0729488192292
0.0620420360839
0.0343292280188
0.0917262050983
0.0599495328956
0.0613866360059
0.0601194251688
0.0243058898063
0.0274336915544
0.0366511592234
0.0217305289851
0.0666666666667
0.0564102564103
0.039748634313
0.0746478579742
0.0382037518153
0.0641747627609
0.0471287928816
0.0339686129215
0.0576378211712
0.0352726548086
0.0289858568281
0.0635374773765
0.102561043985
0.033007709559
0.0636363636364
0.0402851236355
0.0432019741413
0.0612834227546
0.0358883756845
0.0292169349971
0.16
0.0968747233993
0.0377196002152
0.0238848499736
0.0409760550247
0.0470588235294
0.0690913132759
0.0256134178204
0.075
0.0682072577174
0.077310886576
0.0699652102949
0.0639846069393
0.0422258819865
0.0307048486938
0.0598557596967
0.0334117814459
0.0475919416162
0.028956093688
0.0272135459149
0.108115614873
0.0167411282467
0.0309991071013
0.0312528836895
0.0621250195794
0.046835313631
0.0289947638934
0.0311579229626
0.0210108799738
0.0211744237227
0.0235618152512
0.0624570656963
0.0361842105263
0.0234153588146
0.0448342940222
0.0482620214111
0.0430649047082
0.0622222222222
0.0348338715863
0.0585048513734
0.043137254902
0.0488098594093
0.0800668842989
0.103083097735
0.0367725203089
0.041958041958
0.0409442447079
0.0522166375685
0.0454299862257
0.0515389659187
0.0260227992207
0.0373817961608
0.0328449134564
0.0188086557736
0.0620027701475
0.0743826099469
0.0522663071797
0.0270485466921
0.0242086263216
0.0513732396235
0.0384615384615
0.0259581732698
0.0245080438999
0.035348872797
0.0535714285714
0.0508022020244
0.0510255174223
0.0443331619635
0.0705128205128
0.0654069711163
0.0555555555556
0.0312032502443
0.1
0.043005581982
0.0744072310011
0.0506871616943
0.0215966693611
0.0197205850073
0.0436944850522
0.0170512835697
0.0619047619048
0.0604395604396
0.0453279680823
0.0676548509811
0.0416365113374
0.0437671826935
0.0446650291137
0.0334761103974
0.0415958341892
0.0407047905182
0.029970989637
0.055632544821
0.118587449655
0.0333333333333
0.0826446280992
0.0364104986112
0.0402041224975
0.0537622691523
0.0363297773294
0.0279503189814
0.16
0.0715443552214
0.0343159350471
0.0278813561158
0.0330794671777
0.0507665003348
0.0723976853776
0.0307446323716
0.0611530707534
0.059873924384
0.0867959711792
0.0644096547394
0.0395706331595
0.0403684192609
0.0337192986349
0.0833840482937
0.0332591612779
0.0345512768345
0.041404629629
0.0343255973183
0.0703123875286
0.0208042216099
0.0295784636268
0.036091731457
0.0524144197643
0.0367835909078
0.0368524043153
0.0272309935473
0.0230575516794
0.0194293426243
0.0281885978859
0.0610655017317
0.0336106147257
0.0225481233029
0.0428276450522
0.0591004484532
0.0308233402536
0.0421338610914
0.0302439118141
0.0582174688524
0.034863606151
0.0359477124183
0.0972222222222
0.0464629892276
0.0444094781209
0.0375889625671
0.0362282982511
0.0529638194979
0.0389776712235
0.0291004372845
0.0257992857326
0.0449214403602
0.0327149008503
0.0225386946406
0.0522317011069
0.0637565228116
0.0424471883646
0.0293516527297
0.0209626032784
0.0504519408833
0.0549450549451
0.0204844497758
0.0184419056977
0.0450196576712
0.047619047619
0.0396255517669
0.054807213252
0.0415512465374
0.0769230769231
0.070421412277
0.0611985017414
0.0349030794797
0.0776908035151
0.0470757950421
0.0652924933493
0.0511166377533
0.0199983170068
0.0198416076528
0.0307153587974
0.02152315558
0.0597265677441
0.0659340659341
0.0404337035126
0.0521223369521
0.048126065582
0.0713759812212
0.039599966599
0.0311955999195
0.0576378211712
0.033899028435
0.0193152913556
0.0684530576415
0.111111111111
0.0411764705882
0.0727272727273
0.0382708674537
0.0496639160263
0.0642668980463
0.0359605681306
0.0267683206775
0.2
0.0662267152429
0.0392662523636
0.0295836324625
0.0393803180686
0.0514705882353
0.0717014712937
0.0377248693059
0.075
0.059873924384
0.0908585926484
0.0568320482994
0.0609268357757
0.0446205812506
0.0345941233834
0.0860470252631
0.0332591612779
0.0335241316996
0.0358805932763
0.0379519674443
0.0649037423341
0.0224315871523
0.0282924434691
0.0406031978892
0.0518327387373
0.0387115403527
0.0401417976323
0.0286024674865
0.0245662273978
0.0188137889462
0.033634380226
0.0396825396825
0.0429637902836
0.0215937523168
0.0482968796864
0.0642160015771
0.0380497628966
0.0484636647143
0.032188877027
0.0705631478648
0.0443865859316
0.047619047619
0.0972222222222
0.0859025814457
0.0369996780562
0.0629370629371
0.0418195822313
0.0530048230102
0.0499254684014
0.042048082019
0.0310051283081
0.0297619047619
0.0310680558818
0.027917610307
0.0326591969377
0.0483949768464
0.0483600571797
0.0283934706352
0.0234566455682
0.0653841231572
0.0384615384615
0.0336301861792
0.024182223314
0.0522304508254
0.0535714285714
0.0453648575961
0.0648257060037
0.0447368421053
0.0579281847935
0.0781710487185
0.0620420360839
0.0348665887622
0.0852314928542
0.0553551612805
0.0744072310011
0.0629127849271
0.0205636946592
0.0231883909051
0.0419259620217
0.017522681085
0.0666666666667
0.0604395604396
0.0399033611024
0.065602672034
0.045321174607
0.0752209616046
0.0468667554499
0.0315048999306
0.0606446328636
0.034239831728
0.0307954810033
0.0635374773765
0.0683740293233
0.0347625649071
0.0606060606061
0.0343445727763
0.0376478488105
0.0571147550472
0.0277720894739
0.0294144089607
0.148139169317
0.0463364845684
0.0372417124269
0.0282143965299
0.0337165207628
0.0240548883545
0.0717014712937
0.0303667698766
0.0545454545455
0.0515405910507
0.0879963374357
0.0397854073684
0.0361247654723
0.0333429151963
0.0407197931266
0.0879045602163
0.0346950269012
0.0295244136035
0.02699781262
0.0340909090909
0.0937498500381
0.0200450428559
0.0296974074775
0.034133215739
0.0444444444444
0.0456988187404
0.0325078086708
0.0328200376556
0.0209847430918
0.0166101038257
0.0218779341825
0.046414890778
0.0437282564343
0.0149927022604
0.045504372868
0.0547516715317
0.0279519693247
0.0424638487961
0.0285716710114
0.0746179441894
0.031709252019
0.0481481481481
0.0987654320988
0.0859025814457
0.020979020979
0.0545454545455
0.0259873163053
0.0460681744919
0.0507044793227
0.030393881034
0.0298314148049
0.0419418566181
0.0259988277913
0.0245493956058
0.0570547460558
0.0457096175977
0.0482535487028
0.0287566589902
0.0231050024115
0.0550384809636
0.0461237396783
0.0293269714572
0.0181098168482
0.0394059770268
0.0357142857143
0.0443877616277
0.0609991089112
0.029409950255
0.025641025641
0.061818316843
0.0617283950617
0.0272206145149
0.0994442276878
0.0536548562869
0.0612696942286
0.0604595072876
0.0253827857939
0.0254926046199
0.0283178258901
0.019606753553
0.0714285714286
0.0659340659341
0.044109494741
0.044485352258
0.0490196078431
0.0320405130605
0.0488299281419
0.0361212209594
0.0680017838079
0.0335281169945
0.0231514400815
0.0503302279417
