0.179234783243
0.0882145408022
0.139249955442
0.0737682457342
0.0701257277622
0.109753429607
0.117462600432
0.0687039604848
0.2
0.110341518109
0.099017076522
0.0881186503595
0.141219184677
0.0888737337114
0.104077885485
0.0800655857907
0.114553930351
0.135234379587
0.0993910856316
0.121311043559
0.115618177712
0.0837162474696
0.0918832467036
0.15760988914
0.0910067678932
0.0920845654234
0.104488392464
0.070720260503
0.14470802745
0.070798826475
0.0720811266212
0.0974869581491
0.144907871263
0.0944166976827
0.0809630324168
0.0707535234167
0.0774237734963
0.0697834677647
0.121968904125
0.12463717347
0.105116065177
0.0782896285898
0.109515178732
0.115341242733
0.0884534075834
0.111996701633
0.069424711632
0.103997522471
0.151540177875
0.108215206813
0.149037044912
0.136851828372
0.110598406732
0.104060700485
0.096507356885
0.119031773092
0.0856984935422
0.0970190959412
0.110831705355
0.0862541924437
0.131864159984
0.0800412278552
0.102582604998
0.076282641772
0.0691994039161
0.0861471646676
0.0878243734101
0.126259448024
0.116660574304
0.0949591287585
0.0754939153712
0.114051844079
0.140153594115
0.0991515334565
0.0961078859713
0.0714317726648
0.137305008563
0.120500631159
0.147808822061
0.0964387158228
0.17093469211
0.0965831417982
0.09572141521
0.14948563706
0.107459985194
0.0519153726983
0.113507188529
0.0830901242279
0.100234572904
0.112665793079
0.0851413655688
0.126067392242
0.0779266121671
0.122851784817
0.0855211373464
0.09541585608
0.155095324442
0.100829027236
0.0884420452339
0.204800302487
0.169531166802
0.0952972972172
0.139974026418
0.0700475747476
0.0772803311849
0.112371194499
0.109387515163
0.0646144348465
0.191103127813
0.110341518109
0.0954581656375
0.0898582973615
0.136255684881
0.0869226674355
0.0963260885182
0.0892263180224
0.131277287109
0.129592323702
0.112568509997
0.133319466283
0.121539674503
0.0699041134479
0.0906121031857
0.168247559245
0.0880655587599
0.0919401407391
0.100764336363
0.0757931415807
0.16442358889
0.0709647654863
0.0717737349973
0.101164274431
0.1336971257
0.0916769761003
0.0823990645216
0.0770842722679
0.0775249705857
0.0661613227507
0.131501034724
0.126609713453
0.100124572302
0.0710094293143
0.0962301279561
0.111372130995
0.0861453336643
0.106357492466
0.0598540327543
0.124184797937
0.147505711863
0.115421302249
0.150432716449
0.146339343389
0.0957609399619
0.132193462303
0.0820513632785
0.110141753199
0.0965227560676
0.101556916114
0.0977815245982
0.0817402123778
0.13475391411
0.0829044370241
0.0913700191707
0.0893988908124
0.0749587062644
0.0725485170974
0.0917395057299
0.125033329123
0.110318245286
0.115164141738
0.0825913302202
0.10807894558
0.130815105723
0.10038757352
0.107856328315
0.0715656025481
0.132971158092
0.115998184106
0.142135482654
0.0883623358503
0.178862582748
0.0891148127323
0.120922925737
0.139363567233
0.0960840153977
0.0492649404261
0.104333902406
0.0784509094236
0.0950081725845
0.116396604841
0.0830117067354
0.143181474772
0.0801958433669
0.118142102298
0.0880309505945
0.0896763498429
0.173596054707
0.0963785508936
0.0889651481315
0.197796010806
0.152684349862
0.0930172813206
0.134506409081
0.0790022470132
0.0841951512975
0.119407856871
0.107234142772
0.0675331459407
0.2
0.110854210371
0.103555389137
0.0899849375263
0.137494296365
0.0831971702037
0.0811149634108
0.0765999396619
0.0946536970459
0.124454245759
0.0878333391135
0.139316672135
0.105812088863
0.0847701660382
0.0883372151415
0.171846567221
0.0882467934571
0.0838824947615
0.0912846369847
0.0797260619811
0.163480897777
0.0647604206903
0.0790981937397
0.0883665584825
0.138484182002
0.104499224987
0.082526560487
0.0807904638648
0.0829018242342
0.0580524728208
0.120037544191
0.124000218765
0.100755876575
0.0717483004052
0.110716230273
0.112774329466
0.0857558831236
0.0993935269906
0.0645333671587
0.135846533849
0.131183916864
0.112422509059
0.143339661219
0.146125187616
0.0802626189551
0.106860633117
0.100984166768
0.117808962317
0.113875406064
0.0857735655335
0.109461481971
0.0891600113943
0.12412516022
0.0857983890494
0.0861224671927
0.0952364548726
0.0813593059836
0.0957922821818
0.104560515958
0.105341909569
0.126841800941
0.122561394563
0.0798976569776
0.107612750996
0.137014739335
0.0825344143521
0.0928674237319
0.0601786344019
0.105197173394
0.0988987923442
0.146819468418
0.0921676157481
0.17892436118
0.11504824025
0.114256530149
0.155769644823
0.100813284682
0.061388868218
0.113315828351
0.0830484459623
0.0972672621874
0.107846183646
0.0864620076264
0.113368299982
0.086370883945
0.110891929488
0.0857225315521
0.0937768841172
0.132799696333
0.10101920741
0.084915991291
0.146142674354
0.151668462165
0.0933523698943
0.155335756503
0.080429686949
0.0807423941297
0.124604000278
0.1276097014
0.0653596724043
0.2
0.112733358186
0.109611759253
0.0878764876274
0.134664880394
0.0892200083281
0.0915965978663
0.0885378203996
0.114553930351
0.129592323702
0.107826145227
0.151905254413
0.126326232668
0.0815665132573
0.0848268270765
0.168089693453
0.0949055098295
0.100446894074
0.0845411329326
0.0784069131442
0.148707528195
0.0672451449617
0.0727233033737
0.104356826745
0.10703538014
0.0920864372502
0.0827997951032
0.0697984092615
0.0722696377973
0.0676558105621
0.128109596291
0.124464421277
0.0991104230695
0.0747550360575
0.115360930016
0.116419917564
0.0878055791885
0.107515541445
0.0690042058869
0.132368958621
0.147207725964
0.100542277863
0.150834188712
0.133475167592
0.0927495738196
0.111552531143
0.095738604813
0.114490557557
0.0876848837185
0.103183394759
0.0999148535791
0.0880219182932
0.121622099052
0.0835412636125
0.10604695371
0.089227930253
0.0731634449468
0.0884879488151
0.0892415368747
0.111041097802
0.119375683838
0.101507959321
0.0772159196808
0.104667833875
0.132378368621
0.0957521161714
0.104814132001
0.0687338882128
0.136907453372
0.130613286311
0.144339866855
0.0926138439542
0.175129932403
0.0966515364335
0.123401640026
0.158547035082
0.0997161836246
0.0590075336915
0.114913515912
0.0831637082443
0.0948561832624
0.114768867439
0.0902880861709
0.133829853444
0.0802415892478
0.127385241479
0.0894481990637
0.0886059897742
0.176228184619
0.106603614654
0.0835462525032
0.190681527863
0.179234783243
0.0922755929313
0.145209697682
0.0739913236261
0.0833349049913
0.114665610654
0.12441699751
0.0649770331487
0.2
0.120347066463
0.107492852356
0.0883932793963
0.134668029226
0.0862506872009
0.102860100132
0.0970308298326
0.114553930351
0.121361741163
0.0928700515148
0.129926522715
0.121602629027
0.0916780941613
0.0837382966593
0.160074585105
0.0881249271032
0.098626792816
0.099618633501
0.078328900554
0.178395636973
0.0671978093355
0.0690641156577
0.104483101162
0.152309027169
0.0944610451955
0.0874422418875
0.0720640113293
0.088129976462
0.0778986370651
0.130786125311
0.127497683558
0.103663262351
0.0744881795648
0.109121155768
0.111960495551
0.0919312047423
0.111088938436
0.0666731185699
0.117132949931
0.15170200922
0.108161432726
0.13320455527
0.133475167592
0.10196184689
0.12727956343
0.103163445715
0.118395904614
0.0896734898027
0.101904110923
0.106238697961
0.0812893427704
0.129163872053
0.0835725604416
0.100977134288
0.0998069364868
0.0739636668277
0.0895867593336
0.0923735321244
0.116286587218
0.114948847027
0.0992491655502
0.0797961922223
0.113155102088
0.12076773023
0.0885980065852
0.106286629076
0.0709500058035
0.136480280833
0.130613286311
0.126692736379
0.0934140918252
0.152826418004
0.0979878090721
0.115338463194
0.154176870974
0.102581296603
0.0579961470094
0.107451955794
0.0815547710219
0.100740158813
0.114723116923
0.0869265642014
0.155691539349
0.0799514709224
0.127185266304
0.091757768063
0.0842022248132
0.159440559728
0.104545074364
0.0899322226953
0.199914570849
0.169531166802
0.0955181549635
0.145446272736
0.0759558003993
0.0844319516755
0.119718733758
0.119208011802
0.0662655243344
0.2
0.123480872693
0.109235219812
0.0864132606647
0.140994679583
0.0884490811309
0.0941359260536
0.0891421280255
0.121158041205
0.129592323702
0.113965011108
0.128341895949
0.117687503051
0.0977803134529
0.0901970951435
0.176013168813
0.0842859215461
0.0924414252803
0.0982591864264
0.0772462748894
0.15111680652
0.0703519429331
0.0815893326437
0.093705913263
0.125169205005
0.0931740342344
0.0905213172984
0.0729302237594
0.0714319859046
0.0692897345171
0.133166821805
0.120025135991
0.100549638049
0.0688749119686
0.11541404928
0.113988502791
0.0898479981017
0.10023737616
0.0706295159522
0.132368958621
0.149435901041
0.10671777125
0.154255936434
0.130308071529
0.0989092648204
0.113114215456
0.0970856969199
0.117111111972
0.0867416411316
0.111458031706
0.0986800007814
0.0867530450908
0.120793185087
0.084307449012
0.10604695371
0.0826572373573
0.0765150286465
0.0868738844329
0.0838188335981
0.11171529612
0.123106407872
0.0957283030826
0.0797397351218
0.11941452338
0.140153594115
0.0946287476919
0.106286629076
0.0749643119539
0.129186728195
0.130613286311
0.132223004108
0.0943364566654
0.174028750426
0.0891190746292
0.123165382581
0.15490204414
0.106662520699
0.0547828981856
0.118326199005
0.0809230677151
0.101682098733
0.115420314836
0.0902880861709
0.140557029839
0.0820970148704
0.127210383445
0.0868301258152
0.0896650037156
0.176228184619
0.105786005464
0.0871357425128
0.187246886312
0.18094984153
0.0997392622479
0.152133814605
0.0698231558413
0.0878201626706
0.120238968798
0.12195898551
0.0705561512472
0.2
0.117718462032
0.106600276929
0.0840404388615
0.130653850773
0.0853647443962
0.0847856655535
0.0900784229318
0.114553930351
0.131695091489
0.112568509997
0.144164075021
0.111922938161
0.11331041651
0.0930984682054
0.149341528131
0.0845039041992
0.0859471567051
0.0910153474086
0.0754839136101
0.171782600529
0.0670426150096
0.0700892360931
0.0988110663718
0.154819423325
0.0889946132449
0.0878876702678
0.0733679560232
0.0823235943076
0.0720019283641
0.128246775006
0.134565431378
0.095802461253
0.076223987675
0.108640229516
0.112476892555
0.0941674823486
0.100447642359
0.0720285150493
0.138408680108
0.150782771338
0.103034281331
0.154255936434
0.130308071529
0.103708292958
0.13546382442
0.102997854364
0.103221544282
0.0830507609361
0.103255423129
0.101420776703
0.0762122183992
0.135910744087
0.0850540613227
0.0825614059838
0.0818823825197
0.0680273793104
0.0839008153868
0.0940745328031
0.121426635608
0.100287718886
0.104328154847
0.0794556878797
0.12532712951
0.138128335498
0.0953884472079
0.0989444189148
0.0720736234678
0.135292816693
0.110549558122
0.143250892793
0.0936881717745
0.150668143022
0.0978248574857
0.120190224239
0.158788281348
0.0976914310661
0.0515579721563
0.109760900868
0.0791311612333
0.0995099156021
0.115603635899
0.0855854609594
0.143143156468
0.0848879334039
0.127567372976
0.0896399479149
0.0889308173924
0.160494682759
0.10627575337
0.0866784818388
0.197796010806
0.169531166802
0.100928497661
0.146518568756
0.0766293445106
0.0803731700341
0.117542901079
0.120345127049
0.0658067252446
0.2
0.128474103857
0.10823213664
0.0861955379541
0.139175779541
0.0861944045352
0.0988370280959
0.0904789072259
0.125910168524
0.124240448102
0.108931927689
0.129684946888
0.130439563628
0.0872651376894
0.0991431776448
0.183224508557
0.0750840843839
0.0916174669323
0.10890330212
0.0792657820956
0.166113056652
0.061201525844
0.0734985949232
0.0951528638197
0.112532970632
0.0895347888391
0.09053913609
0.0732378241221
0.0838537635036
0.0746896389824
0.124672802124
0.12402866592
0.0993081019101
0.0680641958306
0.113509166517
0.116070096013
0.0880971254782
0.108556206743
0.068295649087
0.122370811153
0.148996817927
0.113439296036
0.16569265652
0.130308071529
0.0999173078909
0.149046002538
0.101265315075
0.109753770679
0.0977996627928
0.0990876035873
0.101816793247
0.0902720579665
0.122198226726
0.082912739544
0.108678936487
0.0872277006492
0.0763298229088
0.091730175517
0.0852235137516
0.11531031681
0.110100145609
0.100990038443
0.0815634956164
0.114809780057
0.140153594115
0.0963589500415
0.108989253917
0.0727099901022
0.137305008563
0.122579375944
0.146061237521
0.0916114966144
0.157352707541
0.094217646425
0.105853452455
0.163312645798
0.10219751446
0.0586541781412
0.123955297125
0.078055318888
0.102174298872
0.111159102909
0.0854738339191
0.163761739961
0.0779128721367
0.119623669882
0.0920054384723
0.0838198898157
0.168933701756
0.104415693746
0.0932668758321
0.186188631036
0.169531166802
0.0862543905046
0.1365223961
0.0724357904193
0.0815452332171
0.114665610654
0.115126396264
0.0717678285937
0.174569722322
0.137021059382
0.104292223971
0.0875909451945
0.142437432315
0.0880791643869
0.0971566897905
0.0889973422871
0.114553930351
0.129806121359
0.104280928609
0.151905254413
0.119483287755
0.0858818228456
0.0940963540495
0.128402605204
0.0862935027107
0.0944679679159
0.0900187916507
0.0720446219902
0.196583078743
0.0647712861072
0.0730868649472
0.083247921532
0.148365574316
0.0911261392559
0.0832676631851
0.0733546319727
0.0780937570133
0.069366648441
0.131460864961
0.134164484265
0.0947570259667
0.0723253203062
0.107342225092
0.108068029903
0.0972340623444
0.108845414008
0.0674376626318
0.11157325847
0.145914223995
0.108490521621
0.15002625064
0.154876739148
0.0917935958083
0.118367144032
0.0942004079689
0.109444262634
0.0851603920814
0.114123524335
0.0995442566449
0.0844477046395
0.120291423011
0.0789521575009
0.0978168600342
0.108087179486
0.0824717322943
0.0923349934825
0.0848297583086
0.0877389466376
0.0991329586403
0.0973274190412
0.0853252875884
0.100173462216
0.140153594115
0.105531706429
0.0917033911847
0.0692186433943
0.140366570119
0.108534577936
0.130400659353
0.0929023468886
0.174757580303
0.0935350769599
0.113186111472
0.143939872161
0.0978961555317
0.051502449607
0.116873312447
0.0681208990736
0.0983987533194
0.113305258782
0.0881283331201
0.149005574819
0.0815049014974
0.107373275357
0.0864804701865
0.093158667857
0.149991169638
0.119977080768
0.0845824761944
0.165212034463
0.161685239524
0.0895368232151
0.151392101398
0.0694357546631
0.0802115669856
0.120600093525
0.12282347618
0.0616862300645
0.174569722322
0.118701791689
0.0934007075589
0.0816970247493
0.120439522097
0.0934019514673
0.100129791273
0.0856320831881
0.10248986737
0.124240448102
0.108937752767
0.145260475114
0.100068532535
0.091307636716
0.0860390346373
0.144644533761
0.0824160901635
0.0804779791799
0.0912600307552
0.0763067808517
0.129158842117
0.069844197116
0.0685112459564
0.092932219888
0.132227353035
0.0847465174348
0.0870900501685
0.0711289695015
0.0715902509293
0.0691352200816
0.129949916784
0.135138664181
0.0898088603082
0.0751474530694
0.108572089262
0.109756900652
0.0942106932407
0.0886632706625
0.0696969763507
0.10815625711
0.139745679023
0.0922120757578
0.16569265652
0.096051243987
0.103575520389
0.103547164508
0.0909805097548
0.101206416831
0.0845311190845
0.075980674602
0.0978128948037
0.0864566332785
0.132214676015
0.0824796904187
0.0969683141621
0.0905443045087
0.0719204192073
0.0809286220339
0.0874023505906
0.0952680480394
0.114051086927
0.0898350265545
0.0841532667984
0.112724806096
0.129088930083
0.0986190222061
0.0948578623925
0.0737046088632
0.139625177221
0.112562035403
0.142639925924
0.0915030722019
0.149155121397
0.0901459725154
0.107588737555
0.149870288488
0.0995237775758
0.056271230419
0.0952789624702
0.0875884267469
0.0962615718185
0.115603635899
0.0877258059992
0.156528892569
0.0844262265211
0.130719838872
0.0846305026597
0.0939906913848
0.152942020256
0.113134982447
0.079636131485
0.197936920227
0.179234783243
0.0921783548724
0.142168692993
0.0724327153412
0.0825234439846
0.120889217674
0.116620198434
0.069554341393
0.2
0.111340728866
0.101912254644
0.0890337877456
0.144545707642
0.0898883344727
0.0981094399274
0.0891036307892
0.114553930351
0.121258990369
0.112568509997
0.138851635178
0.123362498234
0.0935397805061
0.0872622993572
0.144197635832
0.0871129145311
0.0851054875744
0.100326174466
0.0840669458657
0.141498769603
0.0670661045071
0.0658906115618
0.0992575491759
0.119208526759
0.0881021549793
0.0878915986389
0.0736587704658
0.0770916635838
0.0654166213249
0.132594691097
0.110424828697
0.0974970935399
0.0705400252863
0.116732032526
0.110852664134
0.0932775952829
0.101346554105
0.0715118894037
0.119996874652
0.142985160267
0.106663997163
0.16569265652
0.146125187616
0.108704825165
0.122919352844
0.0971951685027
0.107889040651
0.0862945632464
0.0972519342031
0.103319899035
0.0734014452788
0.124514910864
0.0870808801597
0.0832582570456
0.0844673080396
0.0763298229088
0.0866335988211
0.0967684766023
0.104614956852
0.101991153834
0.113421475328
0.077293774625
0.122900718014
0.140153594115
0.0932766478122
0.106286629076
0.0720736234678
0.126963838959
0.119588225077
0.146061237521
0.0943182532683
0.158275219866
0.0967174788015
0.110672362005
0.17090802405
0.0929896591442
0.0554432970829
0.108929292029
0.0824621682196
0.100740158813
0.111492751521
0.0868114922575
0.160013095832
0.0799999824924
0.129152158325
0.090147026121
0.0811507178944
0.144163444343
0.102957685228
0.0861581109184
0.186188631036
0.112618129417
0.0939542338595
0.120240065749
0.0692773388922
0.0782545750746
0.122418051645
0.116063075393
0.0693389233795
0.174165917446
0.0930127917265
0.104970723785
0.085939030891
0.127701325243
0.0690870037241
0.0954618201067
0.0754159618933
0.109426698511
0.11958764352
0.117118675766
0.137321591875
0.0994219197644
0.0831847222135
0.0985139883569
0.147064547485
0.0918850809963
0.0898745548316
0.0795966814308
0.0806287277154
0.165628457069
0.0718087523921
0.0786502490388
0.100726751768
0.112887672977
0.0925275024722
0.0881720723566
0.0795145608119
0.086080584485
0.0647843035146
0.114531579823
0.129011400292
0.107881027744
0.0705262841397
0.106438534596
0.108640362092
0.0845658427422
0.101054065155
0.0677559113713
0.126433374687
0.129596957253
0.104858081048
0.152356419735
0.151431858041
0.076161017739
0.112230181523
0.0802732974158
0.11022296089
0.108228499447
0.0983728070353
0.104930218834
0.0842692068173
0.129572692391
0.0818310499471
0.0998763029213
0.0893041836828
0.0771523380667
0.105580229408
0.0833127272054
0.0940676998513
0.105414028854
0.111355593375
0.0778573439954
0.116454818409
0.127112835314
0.103869846376
0.0961480342896
0.0656242268807
0.11452540519
0.102634061236
0.138793982986
0.0952477678551
0.175560935518
0.095518421219
0.102297518868
0.149296727695
0.110663306922
0.0583857267603
0.10747503039
0.0810215078323
0.106457084435
0.115603635899
0.0891823922204
0.13944247887
0.0938440156794
0.116889818069
0.0903473506046
0.0908593022262
0.151307755451
0.107029481994
0.075465771174
0.156636035371
