0.780173160436
0.755362850978
0.771466659823
0.0424049786885
0.709305553301
0.135658575856
0.724516607564
0.686456399903
1.0
0.189939326679
0.707151123786
0.827142382884
0.83836197918
0.820184659318
0.858490239947
0.131904432765
0.174949805938
0.23651021183
0.666666666667
0.168650389129
0.244302015495
0.586792906618
0.578877013826
0.225389137617
0.801592941698
0.66865174622
0.827470651988
0.770508877546
0.0939058548585
0.0835101174941
0.66104868627
0.716337564605
0.569504070018
0.729576887681
0.739229620786
0.153292195656
0.140511582405
0.649624665299
0.1685875761
0.154866893774
0.789512390307
0.763770404299
0.0865858900295
0.773588899231
0.901234233456
1.0
0.105435038001
0.563658302298
0.171672315973
0.950138926758
0.830163773712
0.680531275387
0.0664528735546
0.0899391607593
0.693342832987
0.828715229245
0.0918438976785
0.764359226592
0.199492905373
0.101939754406
0.859688918405
0.769253463606
0.757662673723
0.119158022756
0.159176184973
0.592563449176
0.696489328214
0.893404617149
0.737799343674
0.524740218557
0.0688852714147
0.666602505656
0.839850059479
0.10526585177
0.0258895112996
0.109492750388
0.955990593021
0.812729804955
0.153313875269
0.796492575624
0.765654477039
0.794577295362
0.139871183228
0.861368725702
0.664245753636
0.0876882720363
0.104584370344
0.132045453284
0.172393820641
0.253792101998
0.123008485016
0.703945237413
0.771996492345
0.215751830463
0.205938890435
0.725265486896
0.816259619227
0.750195905871
0.592825050277
0.863174543555
0.728872757679
0.906337335242
0.813864995921
0.847527186434
0.0810850597616
0.869717353317
0.736868103682
0.711616281575
0.846929712583
0.349886682739
0.680190764221
0.881635114631
0.794684182669
0.779902198907
0.797642824505
0.126647345532
0.91070248935
0.202548783895
0.8
0.216789459098
0.0881942731213
0.0634962949989
0.583822635254
0.229930619257
0.767108439002
0.762288211223
0.945214313235
0.801597421497
0.672626743353
0.816286966276
0.750322750636
0.761396334511
0.550237001219
0.670872657806
0.699013003968
0.739654008888
0.0650938804693
0.103379007708
0.172217578807
0.241792337991
0.749820431888
0.108298855131
0.759303187434
0.815150017502
0.833683876636
0.843670736454
0.693583510112
0.65264315299
0.81921608832
0.958441662771
0.792418524523
0.767788153561
0.204765915986
0.762815118996
0.702894298887
0.812494250816
0.0943525423305
0.719094963549
0.732366352246
0.141141875633
0.711099612886
0.867495931717
0.0916880257689
0.229042610414
0.17633788437
0.123572046485
0.674889369484
0.885935632088
0.145929009877
0.560244128631
0.104267665944
0.760614520185
0.750970730141
0.68129741483
0.980812891024
0.200946924901
0.850270497558
0.0997512853674
0.728311205775
0.676121569349
0.168985975689
0.755549570964
0.273896875591
0.849679238325
0.699016825654
0.120541234192
0.767094484779
0.639763595457
0.199210158501
0.0618457062831
0.116406778405
0.849956592987
0.0705052685504
0.801242366014
0.112136284746
0.12975304525
0.893349401496
0.709052170632
0.63579894297
0.819545460116
0.286036254127
0.738416531369
0.817596783557
0.858109404698
0.864280496939
0.83108727213
0.713531139353
0.779666527578
1.0
0.0652184669701
0.75392930617
0.79816260963
0.809592969958
0.679525705673
0.64962013768
0.0772663888606
0.665595422565
0.270286468752
0.673555035796
0.269731961368
0.192779925405
0.607844305727
0.260790693723
0.145390707521
0.75820374291
0.0287686028639
0.77852143485
0.820040399426
0.250171893219
0.75235703028
0.725253159507
0.668330506514
0.103422977437
0.867469160244
0.777361048365
0.154507638485
0.664169129822
0.57720727514
0.14366432116
0.729079263014
0.229814263185
0.652708318483
0.0826644849448
0.784143514756
0.837383036742
0.738045981051
0.687006803113
0.11344520509
0.6036216808
0.909405650893
0.823848916269
0.818889370853
0.438233532636
0.562200955476
0.798012940826
0.861468112765
0.755587574603
0.612837170608
0.781165851163
0.206202143909
0.687038250066
0.81846377489
0.653096389334
0.899747873139
0.1708039858
0.169547635566
0.748741492093
0.658432931873
0.807520254528
0.616390513863
0.134553291053
0.727246676602
0.654839964851
0.193943386501
0.894075586285
0.159709879512
0.565638428799
0.218187158437
0.161467734827
0.723337084908
0.778831583816
0.982516482123
0.14183369613
0.857042294602
0.607983803437
0.140130611942
0.752556513954
0.667152832299
0.192111667339
0.825938730832
0.0883013804896
0.353923424582
0.128964895549
0.615269619066
0.741486778661
0.772603688661
0.91238710431
0.747745867127
0.671120876995
0.553529428355
0.544250102521
0.873260080249
0.213598591384
0.092157896007
0.805383948355
0.0924132878218
0.747568796489
0.733251621356
1.0
0.142516267333
0.776975891071
0.728239938529
0.829063636004
0.8299288233
0.753718494904
0.196795962882
0.174949805938
0.202548783895
0.759373785308
0.13899818236
0.748859503006
0.578979667227
0.0527657761375
0.389134007219
0.829467330926
0.796110367388
0.878349009269
0.887874327192
0.643917115662
0.746704898782
0.696882105779
0.720645272019
0.23688327857
0.677019619375
0.145414470449
0.729510449427
0.727456729076
0.106810783822
0.138464474922
0.372542922454
0.0728601397971
0.755866781477
0.125510611342
0.802530957268
0.877307585855
0.88915159781
0.809172972739
0.0781201928237
0.861464200907
0.897542868386
0.808365525424
0.702546866621
0.487076206329
0.098853613085
0.0902915423685
0.778542985264
0.201144977302
0.665670622384
0.679518327686
0.0273115028872
0.722319596465
0.799683213389
0.9
0.113763056345
0.132992933155
0.552592553575
0.662196173978
0.775338619709
0.806429949048
0.551789879433
0.116639589834
0.828597447823
0.799325871119
0.140516002169
0.961359235688
0.108998457139
0.906973273844
0.978832502707
0.253686283559
0.0428011328144
0.864663508397
0.856183451954
0.842177242486
0.879939520967
0.667361747755
0.0916398276276
0.820412657295
0.752389006446
0.0707034713381
0.846153846154
0.102625633024
0.693614423761
0.122482709086
0.944387646092
0.836406111255
0.123391924295
0.906564364667
0.792524226232
0.638065445861
0.773130033362
0.780173160436
0.848946783785
0.807850194256
0.107179042772
0.812329454766
0.921516118322
0.841385235716
0.772368421991
1.0
0.131144495399
0.162596682792
0.777852006159
0.821700321074
0.859160281221
0.867793350104
0.182399711492
0.170306595487
0.735777492802
0.685744526756
0.21351866154
0.134016830314
0.0617911506141
0.549842318441
0.221737469737
0.822485364849
0.668187799714
0.875060148066
0.0784975350434
0.917475741748
0.809587037881
0.685694805037
0.814966038156
0.140307210364
0.765726605564
0.831618730493
0.717755409879
0.837665917219
0.784278612875
0.187794861911
0.283043569376
0.776600509815
0.780372577045
0.798089062915
0.719170885269
0.821415429153
0.902459996971
0.113064982665
0.6747332397
0.842300620963
0.950138926758
0.0566541929422
0.702546866621
0.163577357835
0.240608425102
0.816857132618
0.781338196141
0.205944264926
0.709824257882
0.779206235632
0.0174276074614
0.77268050698
0.796671646134
0.857240601469
0.126737023062
0.161747770124
0.187581306662
0.664863596351
0.850188387401
0.650645312465
0.599840436421
0.121953946003
0.853857222171
0.762839665868
0.123651208156
0.982012085335
0.146167733627
0.95232314244
0.978832502707
0.694563250987
0.754606952335
0.0175125767139
0.799077688997
0.857142857143
0.96315968111
0.699478611101
0.0434216318962
0.775921831816
0.763718715508
0.0719432387216
0.125150796092
0.149837391206
0.862077909829
0.123747383521
0.832255125189
0.806350410184
0.101326371575
0.906564364667
0.819433651443
0.702855311853
0.803543156693
0.728872757679
0.872317037616
0.929717215315
0.117247315667
0.862730946797
0.973011585448
0.824968076586
0.771637872907
1.0
0.0562120964157
0.750079278654
0.753983778158
0.822803388452
0.843446606435
0.723234357704
0.212174673806
0.212958913583
0.202548783895
0.777777777778
0.191313712682
0.237937953414
0.153434637128
0.620624343458
0.25199034918
0.78407294187
0.691510303355
0.917866981358
0.86079444528
0.117423740549
0.795580515326
0.788262475566
0.721041236835
0.233910610299
0.762673182793
0.924224586951
0.684674093313
0.717375996106
0.662171295086
0.600056828181
0.208843654697
0.759599044116
0.728778362591
0.850662891811
0.761084872623
0.82998145667
0.810974814376
0.832875838534
0.0781201928237
0.238072359131
0.909556404952
0.830571933959
0.658643096705
0.556012521255
0.649050566731
0.702292437828
0.874993808571
0.0289631148503
0.765684736569
0.735695268559
0.607337343742
0.725472544189
0.772949740112
0.9
0.223817630719
0.740449349516
0.155300384807
0.580735394138
0.804149112665
0.756498093595
0.6087174136
0.0978630617367
0.889689797654
0.839850059479
0.635877587175
0.982012085335
0.177444084859
0.237882830647
0.978832502707
0.203680360298
0.165588342377
0.807363338211
0.80930871743
0.874545325165
0.833732635647
0.728624685333
0.112448210809
0.209256581869
0.704420726153
0.835711569613
0.864258185034
0.102625633024
0.667526744779
0.188474986948
0.893506682118
0.747100351108
0.167275870009
0.906564364667
0.778422961833
0.713825311309
0.822989463893
0.904043301502
0.85989445898
0.824903742744
0.142977223231
0.177316314774
0.920679077267
0.787778005285
0.814513485815
1.0
0.0745442903684
0.120241038092
0.760937492164
0.75587605289
0.0794138351274
0.08899791993
0.15626896719
0.174949805938
0.217330203413
0.8
0.122842605653
0.140691611255
0.136701953497
0.107427945618
0.162006809807
0.687510801777
0.637292788686
0.873829761423
0.112316674364
0.235428212738
0.800082003709
0.6781310445
0.756134095972
0.745412254232
0.763389725307
0.853801992748
0.0646088024552
0.0728638705118
0.679930254348
0.158877304206
0.35086808855
0.0742830249303
0.718623307749
0.141095131498
0.752628974659
0.923549517098
0.889265409204
0.934948938668
0.784117044621
0.829247230461
0.833952683878
0.830571933959
0.658643096705
0.118470215174
0.253960264122
0.801013612767
0.169567233635
0.22644885247
0.697335998483
0.781010613015
0.0293624244968
0.862637613842
0.842481931409
0.0912622896213
0.233899784125
0.114951328271
0.164363594081
0.761722047863
0.833904545834
0.163175621153
0.15008172084
0.677487232041
0.831156049738
0.825290973977
0.148669868684
0.888776213211
0.0829772919535
0.134650164313
0.139051303052
0.2901922613
0.0412469631734
0.118694799556
0.886396258698
0.864894965563
0.906196250363
0.630087122802
0.0561875369022
0.11597396194
0.667389037846
0.939326575804
0.199604183161
0.131171770714
0.821391785443
0.171277858119
0.139175831235
0.167504934552
0.114088294695
0.913751721231
0.805406718856
0.629713511721
0.819545460116
0.728872757679
0.877003065828
0.870148794414
0.827367021134
0.824102899294
0.0722699001792
0.733605581373
0.736909715038
1.0
0.303140230765
0.76358987271
0.745373060194
0.841905473976
0.845682671432
0.851566203364
0.0633289341217
0.248442300975
0.179606633597
0.856948987845
0.119121396995
0.222253951593
0.0399316699902
0.668034618262
0.879872019029
0.658976377268
0.116297153456
0.829356680548
0.791428623407
0.0941522594593
0.786190461973
0.734924860166
0.709662106449
0.501355055936
0.753172814697
0.961571407772
0.696400662027
0.156374631355
0.158308169648
0.166186509479
0.194365580634
0.0912664244228
0.688548592532
0.834764214364
0.798311496641
0.900334769706
0.92015080973
0.905472914591
0.105171654869
0.806520980444
1.0
0.917418524523
0.658643096705
0.54142591543
0.842442712941
0.796112011199
0.177346406791
0.116297001759
0.659522341282
0.726200932469
0.62292474512
0.75627468144
0.764076620245
0.923076923077
0.0758392792465
0.738016498093
0.155878529534
0.64483579979
0.795054364353
0.1688839994
0.550505901248
0.0796460988619
0.704231544574
0.839850059479
0.59622852332
0.982012085335
0.0852218274741
0.955990593021
0.150506823643
0.172544131613
0.733246174622
0.758102934238
0.801923188538
0.741402204066
0.943470379086
0.680516522513
0.0294380213468
0.173816933171
0.71593174762
0.0995315974211
0.131055214001
0.108925833603
0.970422153664
0.0783764565134
0.170847912332
0.132393000161
0.629356747494
0.851316723865
0.812891075824
0.682320833646
0.7955999258
0.728872757679
0.728802699493
0.775789241284
0.816315958833
0.223376813525
0.921516118322
0.808804432467
0.154604856798
0.872848611608
0.110689186006
0.696230410862
0.698323670072
0.822600036845
0.849770966635
0.27820307707
0.0572605871314
0.174949805938
0.280543815688
0.733034146112
0.13899818236
0.795220364851
0.0671801431232
0.19721916203
0.348158116679
0.730338243186
0.723376338076
0.734452837244
0.079703382466
0.218137272382
0.676325346282
0.700885665462
0.679390358543
0.252305789158
0.831596416347
0.0873298054089
0.117644441856
0.0952318201248
0.695293661944
0.221376047458
0.231523502894
0.180930415825
0.737733722341
0.832605481516
0.703274929216
0.938066070783
0.933333333333
0.879314313196
0.277088692778
0.799288330793
0.883404941178
0.801173892649
0.927747879613
0.171015933383
0.0371605094977
0.735520372198
0.796666470435
0.0365802802906
0.797897518407
0.679454725359
0.135219269543
0.750555389525
0.109371887245
0.0290011101029
0.913718910129
0.795944480153
0.135277348366
0.649625781119
0.163881870147
0.626434495923
0.57700787093
0.0823112969426
0.655409257784
0.839850059479
0.632291647971
0.121158701618
0.864794665201
0.95232314244
0.114986006237
0.383494399956
0.165623160617
0.236648697302
0.738474655402
0.313809160995
0.825273182905
0.109937740663
0.1419003423
0.819051345046
0.645925902161
0.100421659715
0.136847286786
0.133780474937
0.879513062755
0.117650077719
0.666341547642
0.11836236533
0.60505166108
0.68126113958
0.926858609729
0.690974664832
0.691992782067
0.0
0.783394209658
0.936734046017
0.190972402619
0.0970290977905
0.12616478841
0.813909714125
0.75769238507
0.8
0.252859770787
0.144256812464
0.718843286741
0.123981284252
0.875424607693
0.202567458806
0.183877870505
0.215936564521
0.179606633597
0.756073150349
0.127365519237
0.128461926029
0.684860103827
0.0701402256923
0.438090627123
0.723103104434
0.623678589885
0.921641143029
0.0526519194086
0.412338445017
0.162919149528
0.683427460488
0.714228049554
0.21024798229
0.700532296711
0.164330603977
0.0444126967862
0.088153581827
0.122925168433
0.257465428025
0.312249616375
0.156005530914
0.732594560961
0.802986758795
0.821422970671
0.753538431084
0.676942975763
0.811520397476
0.585298416538
0.135666417886
0.73523080191
0.917418524523
0.0989215198083
0.157126012465
0.107377222914
0.17524827251
0.136749777794
0.083942406164
0.138628673404
0.227116423662
0.157943498962
0.815214484034
0.0907559939195
0.266650239007
0.196244154868
0.140653360449
0.10850325336
0.12106930905
0.641156587835
0.04686775372
0.482578533397
0.241783859743
0.843702246268
0.785154221276
0.109850522376
0.0684669199411
0.840986308627
1.0
0.0942232173384
0.184765143943
0.105872601512
0.103569461647
0.0771892067293
0.158071656585
0.805113505558
0.605177960595
0.0805697627898
0.133913642224
0.0848897415858
0.103921579539
0.199604183161
0.230101673103
0.763101975292
0.121487990762
0.88294999924
0.0687757914062
0.133519995424
0.852512459625
0.812819494386
0.549182713678
0.855928657697
0.780173160436
0.880715369646
0.86172623747
0.115221821539
0.834982357117
0.955879751085
0.812998877681
0.110251516581
1.0
0.262161738135
0.0897486240342
0.779085199863
0.830664930569
0.901601555772
0.816661534875
0.0838070969265
0.174949805938
0.184678256658
0.8
0.122842605653
0.268802077411
0.0929022505526
0.578351900311
0.287927453097
0.737490533005
0.585697978921
0.830995624897
0.862244794073
0.225426956222
0.817075151854
0.658617124039
0.774921804174
0.541918775224
0.738653568503
0.881315353464
0.117151057766
0.10160307583
0.628463740007
0.16068628199
0.0961890978736
0.758643995267
0.683359640902
0.852898822334
0.877386456518
0.855149167456
0.780610950567
0.857284680667
0.736570976875
0.741918358209
0.909556404952
0.917418524523
0.818889370853
0.563636384383
0.171128428766
0.741426252767
0.784754992372
0.133133976388
0.73389918682
0.769506875644
0.127405661518
0.768975200587
0.0879575530203
0.14322715138
0.290207063225
0.738016498093
0.191471776896
0.642850039254
0.778245538264
0.0952346895781
0.60660421758
0.115144530492
0.891120307225
0.839850059479
0.220977178616
0.982012085335
0.191111560459
0.18839039784
0.040730809055
0.19840855349
0.737278441618
0.108611320724
0.829784095017
0.106460260435
0.947818811464
0.62966442119
0.00643214666798
0.797198237303
0.161756800025
0.0719432387216
0.104605664947
0.0358858418275
0.170631595461
0.0779489370824
0.922292901835
0.126436391772
0.179422913688
0.84022183126
0.805406718856
0.643633695362
0.7955999258
0.200968342136
0.775701755437
0.151277250001
0.752331430686
0.719602419588
0.908083945624
0.11273853884
0.804087957273
0.2
0.202248478943
0.0802616074497
0.733921935076
0.119904416033
0.531559525686
0.812015609279
0.130278837723
0.117754986664
0.151877781024
0.136718753987
0.143847054345
0.103762120959
0.106174710306
0.0933746396554
0.132980241035
0.76466301023
0.0791797844645
0.710055103729
0.829613216158
0.832070150071
0.721062162096
0.722024378023
0.633309897648
0.13392936214
0.793861079782
0.0725033540975
0.711227940408
0.704848460545
0.147213532155
0.217865540809
0.177241145362
0.0794364180755
0.597565516419
0.815657590489
0.765209864086
0.683218837813
0.212652462233
0.768538903676
0.315804495339
0.624702361127
0.905480194693
0.888888888889
0.817775170249
0.151865817968
0.704781315922
0.163987839027
0.146895610106
0.140422279207
0.592537179086
0.720746407302
0.145278006965
0.662591670996
0.756262479864
0.752661872431
0.674451255462
0.140354308129
0.259010496125
0.145126915598
0.645228283882
0.0711293206224
0.179694502795
0.0406068108402
0.717930063049
0.661351465546
0.599899194428
0.144010457285
0.122058931404
0.612487253607
0.190140265128
0.724397257753
0.108571057928
0.208967367017
0.786541742197
0.727589753386
0.967043002772
0.698716794227
0.120292447076
0.13580443968
0.120240896574
1.0
0.199604183161
0.0662742605281
0.260344706151
0.0928467270096
0.510973599457
0.839007557583
0.675719909229
0.881702876795
0.77848212639
0.55168370114
0.733148650708
