0.749737219959
0.747040897992
0.771466659823
0.0157350968669
0.70002515026
0.0805320501861
0.712582954128
0.680978082176
1.0
0.2237050164
0.698322232528
0.816990074448
0.836556704223
0.820184659318
0.858490239947
0.111260539864
0.120899013965
0.178666492619
0.666666666667
0.110822782658
0.113565069729
0.54548885756
0.577463456701
0.191990717834
0.775321507529
0.661967045483
0.816527419221
0.762312625895
0.0604156427063
0.0544943352318
0.627949531096
0.70632040708
0.547398407313
0.716271773651
0.724303649323
0.123394090666
0.119157594505
0.6469587133
0.136024517123
0.100029557805
0.778622536072
0.755661816706
0.0764418814051
0.755439252744
0.901234233456
1.0
0.0788445633626
0.563658302298
0.142920838768
0.950138926758
0.830163773712
0.680531275387
0.050676542537
0.0899391607593
0.680192552419
0.811288970485
0.0918438976785
0.764359226592
0.162675780355
0.247248462339
0.851312277193
0.769253463606
0.757662673723
0.14544015769
0.12747763578
0.582331061074
0.694337292335
0.893404617149
0.737799343674
0.518437527096
0.0150671003988
0.632533912372
0.839850059479
0.10526585177
0.0381587231
0.0243148661877
0.955990593021
0.795083549736
0.111358121321
0.787800201915
0.765654477039
0.7726685821
0.104529133116
0.861368725702
0.664245753636
0.0583010211059
0.0966550417908
0.111264763797
0.158912626293
0.192537709075
0.0548355433736
0.686053210753
0.771996492345
0.19338900608
0.211101211832
0.708297403092
0.816259619227
0.750195905871
0.592438247579
0.844521448806
0.698436817202
0.906337335242
0.813864995921
0.836382378745
0.0555555555556
0.869717353317
0.721898982832
0.705755588044
0.846929712583
0.294757185875
0.674800369172
0.873477685804
0.789599623305
0.760494861317
0.797642824505
0.106077503592
0.91070248935
0.16938305179
0.8
0.201032270449
0.173972013511
0.0827271128483
0.573205228333
0.182603244687
0.750376641915
0.747676929428
0.945214313235
0.79395489423
0.656948637791
0.810421794818
0.721257603422
0.74512911766
0.530587523259
0.670872657806
0.692090043916
0.721912419019
0.0499308904104
0.0951317774626
0.126394297026
0.225420668504
0.739160370524
0.0768185044966
0.759303187434
0.800591780752
0.833683876636
0.843670736454
0.680908139541
0.65264315299
0.81921608832
0.958441662771
0.792418524523
0.767788153561
0.191228050344
0.762815118996
0.69062070369
0.785714285714
0.0958939328316
0.719094963549
0.724286106838
0.100884010286
0.704509788732
0.86173114084
0.0916880257689
0.166666666667
0.123061273403
0.112489799026
0.674065955782
0.885935632088
0.132513959521
0.557303082449
0.0639131383546
0.742572243926
0.734381883068
0.68129741483
0.980812891024
0.0879553992414
0.850270497558
0.0705668214253
0.728311205775
0.668191929386
0.168985975689
0.736531502289
0.202468304162
0.849679238325
0.699016825654
0.0897230279381
0.767094484779
0.631855714191
0.176483708325
0.0771898516601
0.122125597803
0.849956592987
0.0291000801587
0.801242366014
0.0817478599864
0.0928281351279
0.893349401496
0.709052170632
0.627568537853
0.80357920847
0.256825110894
0.733196524216
0.817596783557
0.858109404698
0.851673055955
0.818996287017
0.706094086854
0.779666527578
1.0
0.0698920018572
0.753136541328
0.789142724819
0.809592969958
0.679525705673
0.640572567757
0.0479476761168
0.649017093766
0.245778663107
0.654459893344
0.242344642396
0.125748262136
0.599566606573
0.252502404373
0.145390707521
0.749204392168
0.0507697575792
0.77852143485
0.820040399426
0.230812885053
0.746470350431
0.723247934748
0.657092691434
0.0963295766464
0.867469160244
0.764469493034
0.120509373812
0.660930544714
0.561092303287
0.118777372247
0.710605773645
0.179778234162
0.641258530992
0.0659665514678
0.76837209161
0.837383036742
0.738045981051
0.680326101741
0.0265472737959
0.6036216808
0.909405650893
0.823848916269
0.818889370853
0.402603626237
0.549101023468
0.798012940826
0.850890415828
0.751218361438
0.612837170608
0.772422038281
0.0833333333333
0.67902254818
0.81651162761
0.653096389334
0.899747873139
0.154409432812
0.169547635566
0.748741492093
0.658432931873
0.807520254528
0.616390513863
0.122753590252
0.727246676602
0.654839964851
0.193943386501
0.894075586285
0.03568202931
0.565638428799
0.218187158437
0.101521920339
0.698108021319
0.778831583816
0.982516482123
0.269322136147
0.857042294602
0.58429059201
0.131551206044
0.752556513954
0.660157024914
0.157405202942
0.825938730832
0.0469429196577
0.353923424582
0.161904349717
0.612916826409
0.731677098377
0.762296399597
0.91238710431
0.735578758897
0.671120876995
0.537200926219
0.544250102521
0.863825729352
0.109241278934
0.0132125285022
0.796189835894
0.12523737894
0.736541333455
0.727468713723
1.0
0.125
0.775634093736
0.720864399314
0.829063636004
0.82020928591
0.743012920654
0.225272053883
0.120899013965
0.16938305179
0.759373785308
0.126058990747
0.728561386468
0.578979667227
0.0441356017125
0.389134007219
0.821183568031
0.796110367388
0.878349009269
0.887874327192
0.643917115662
0.73220680212
0.676908481146
0.713968554644
0.156878183567
0.659266155329
0.12910516214
0.710258332577
0.707797201125
0.0646374671028
0.107801190935
0.423457458467
0.0404117474456
0.735706024735
0.0867960974204
0.787972720518
0.877307585855
0.875436785509
0.801192863216
0.0265472737959
0.850074190598
0.897542868386
0.808365525424
0.702546866621
0.487076206329
0.0806849387357
0.0502488925342
0.767612120283
0.172139298573
0.665670622384
0.670774514804
0.0
0.708026254217
0.794117208404
0.9
0.100137839022
0.101254050892
0.549008523104
0.647827851573
0.759923782574
0.806429949048
0.551789879433
0.104260741551
0.828597447823
0.799325871119
0.10789516744
0.961359235688
0.0788906409777
0.906973273844
0.978832502707
0.274006061147
0.0222995819169
0.864663508397
0.837473948207
0.830345940492
0.879939520967
0.6543173284
0.0476086563433
0.816480027828
0.745057467945
0.0349815062404
0.846153846154
0.0547116809445
0.693614423761
0.163291027378
0.944387646092
0.836406111255
0.0493297153282
0.906564364667
0.786503229413
0.618699820537
0.757163781717
0.749737219959
0.840067394705
0.807850194256
0.0789800478284
0.812329454766
0.921516118322
0.827038300685
0.772368421991
1.0
0.152133832537
0.141117282241
0.758399978429
0.820440361568
0.84944074383
0.852384517629
0.0648467767153
0.120899013965
0.735777492802
0.663134470524
0.184835467255
0.0983893822453
0.0422001030525
0.525161432164
0.182549310185
0.811772108219
0.648186394704
0.875060148066
0.0416824447383
0.917475741748
0.793729744657
0.663065986847
0.814966038156
0.0760592172576
0.755677020021
0.831618730493
0.7138050768
0.837665917219
0.777396541487
0.122024092793
0.350468683257
0.776600509815
0.764704099809
0.797049287807
0.695444915921
0.81442777853
0.902459996971
0.086985308974
0.673141216877
0.836217222639
0.950138926758
0.0566541929422
0.702546866621
0.122945662867
0.209091247544
0.804583537421
0.762795657031
0.0476280227617
0.706177536569
0.779206235632
0.0174489481408
0.77268050698
0.796671646134
0.857240601469
0.125176064168
0.146741166653
0.203307497464
0.65826922519
0.833904545834
0.643001244547
0.568692759909
0.0964335351386
0.853857222171
0.762839665868
0.0852393018202
0.982012085335
0.18220960303
0.95232314244
0.978832502707
0.694563250987
0.754606952335
0.0
0.789365129686
0.857142857143
0.96315968111
0.690052412603
0.0220008526376
0.764956816164
0.763718715508
0.102749217086
0.253408891369
0.163128088415
0.862077909829
0.0714173931137
0.832255125189
0.806350410184
0.0827757433934
0.906564364667
0.819433651443
0.695317738908
0.783937129317
0.698436817202
0.862882686719
0.929717215315
0.117247315667
0.860351683774
0.973011585448
0.818676189967
0.765184674761
1.0
0.134437576281
0.741994014229
0.735491596376
0.820998113495
0.830191344816
0.696148279782
0.218437010495
0.198826949246
0.16938305179
0.777777777778
0.192909929942
0.217004080695
0.159384914563
0.607210800611
0.231939194977
0.76390277733
0.691510303355
0.917866981358
0.86079444528
0.0980647323826
0.785522062536
0.763332091684
0.721041236835
0.248942787219
0.762673182793
0.924224586951
0.672827582777
0.700527524209
0.656001162117
0.578846617133
0.223522677642
0.747416116842
0.706618402388
0.841804217268
0.747566509927
0.827736946521
0.799078107389
0.81790797889
0.0265472737959
0.256463647905
0.909556404952
0.830571933959
0.658643096705
0.556012521255
0.633382050408
0.670306245908
0.846153846154
0.0153676165486
0.765684736569
0.727348901718
0.607337343742
0.717095902977
0.767742832223
0.9
0.166601509239
0.727050045328
0.107241258506
0.565719600542
0.788734275529
0.756498093595
0.591047999699
0.0996352580568
0.889689797654
0.839850059479
0.635877587175
0.982012085335
0.0788408796196
0.265041094018
0.978832502707
0.227629400756
0.149712397375
0.807363338211
0.79660875813
0.874545325165
0.833732635647
0.728624685333
0.0741566542089
0.171568493575
0.699711059128
0.835711569613
0.864258185034
0.0547116809445
0.667526744779
0.160241492187
0.893506682118
0.73932450023
0.107325521915
0.906564364667
0.771593601384
0.713825311309
0.806460953839
0.904043301502
0.85989445898
0.824903742744
0.0936255323134
0.159320935076
0.920679077267
0.776310782223
0.814513485815
1.0
0.0989927722528
0.0943118325089
0.746289941786
0.75587605289
0.0141010020757
0.0769230769231
0.139593221827
0.120899013965
0.199459676176
0.8
0.0737746481602
0.149833014457
0.104556749634
0.0568026424839
0.145927419652
0.678469429368
0.625451057036
0.862354822069
0.125108991739
0.154470903366
0.800082003709
0.66752789383
0.754330040984
0.725762776273
0.763389725307
0.845494477882
0.0326327982195
0.0758202041635
0.668264976183
0.0955030523467
0.603846833461
0.0911241041611
0.70957229664
0.115292092485
0.716642375573
0.923549517098
0.877368702217
0.934948938668
0.784117044621
0.820279532244
0.827335423058
0.830571933959
0.658643096705
0.0396446700601
0.208427650834
0.790183969946
0.123733775183
0.142857142857
0.697335998483
0.772526355336
0.0334199784442
0.862637613842
0.837101459924
0.0670114076789
0.239144315409
0.0844182492504
0.124702858525
0.752843686764
0.833904545834
0.117933914714
0.13636774835
0.670272773675
0.814729547603
0.825290973977
0.148669868684
0.888776213211
0.0787157043816
0.237124643511
0.108016647437
0.274006061147
0.0176842541131
0.118694799556
0.87569959891
0.864894965563
0.906196250363
0.615889151269
0.071093211976
0.0430043969913
0.6645730376
0.928571428571
0.207349542215
0.0478188196395
0.821391785443
0.0923885787684
0.106170100079
0.116845342701
0.0900042070009
0.913751721231
0.805406718856
0.613793432036
0.80357920847
0.698436817202
0.877003065828
0.870148794414
0.827367021134
0.814822496253
0.0596744328892
0.724541383279
0.732860399293
1.0
0.160461828796
0.76358987271
0.728949613452
0.836137098826
0.836534871535
0.851566203364
0.0533267664335
0.248442300975
0.164535239839
0.856948987845
0.119121396995
0.27548625502
0.0194362300562
0.658596923221
0.879872019029
0.649951077737
0.121262713272
0.829356680548
0.783942622728
0.0941522594593
0.781032033752
0.724629074117
0.69878198605
0.485735383539
0.746672096772
0.952380952381
0.690675465352
0.119373639872
0.133051526141
0.149038999279
0.100349810504
0.0685581251864
0.670588307214
0.831866712721
0.770935378163
0.893719240186
0.92015080973
0.905472914591
0.0678527242179
0.795130970134
1.0
0.917418524523
0.658643096705
0.526172029203
0.842442712941
0.783838416002
0.215727272942
0.0750462494902
0.659522341282
0.719408853959
0.609437654081
0.748779791935
0.757761027374
0.923076923077
0.128001965713
0.726814279127
0.13313678728
0.636978269967
0.795054364353
0.1688839994
0.53687681818
0.0382126027579
0.68212199828
0.839850059479
0.595650063514
0.982012085335
0.0433940671369
0.955990593021
0.119294086913
0.135268380722
0.731484008215
0.758102934238
0.792537777739
0.741402204066
0.943470379086
0.680516522513
0.0874523763266
0.163497447502
0.71593174762
0.174177788515
0.159073910774
0.13424962755
0.970422153664
0.0858547691594
0.144606240074
0.0957855130882
0.613983921933
0.836828644308
0.812891075824
0.67364861098
0.7631051641
0.698436817202
0.719043364295
0.757163673856
0.816315958833
0.123241844958
0.921516118322
0.795981893865
0.141282681114
0.872848611608
0.089944144377
0.689643642938
0.693235737484
0.821533738465
0.839403460086
0.173354408782
0.0271733660766
0.120899013965
0.147108066094
0.733034146112
0.126058990747
0.779979232876
0.0570515122323
0.178543600358
0.348158116679
0.730338243186
0.723376338076
0.729574548651
0.164000998668
0.202459166821
0.676027388483
0.678451014539
0.679390358543
0.169617764455
0.82327236373
0.0804667139281
0.0612978965149
0.0452263008513
0.695210378678
0.185782947232
0.198357195246
0.124181160675
0.721857271318
0.832605481516
0.688716692466
0.938066070783
0.933333333333
0.873125584664
0.268953156021
0.799288330793
0.883404941178
0.801173892649
0.927747879613
0.151178920688
0.0717703127447
0.725177081037
0.775157908516
0.0197286261709
0.797897518407
0.670710912477
0.121387300455
0.750555389525
0.0651313123876
0.0182229394913
0.913718910129
0.782956903856
0.0939751306995
0.625861231723
0.0353247508059
0.622154703323
0.566933617156
0.0556801353854
0.644212045794
0.839850059479
0.632291647971
0.0935294373701
0.842330077306
0.95232314244
0.0876330030823
0.35147422318
0.183187609187
0.236648697302
0.732766300655
0.237852125051
0.825273182905
0.0898588512725
0.100526488076
0.814397503002
0.632145182924
0.0650854198953
0.0645252013927
0.124362447316
0.879513062755
0.117650077719
0.666341547642
0.175560253594
0.594078473236
0.662175200112
0.926858609729
0.690974664832
0.676841647851
0.0
0.775008119972
0.936734046017
0.205143699141
0.0787164464455
0.0860547505865
0.805469449769
0.748145964215
0.8
0.233739404675
0.154756760418
0.704834370719
0.119809561871
0.875424607693
0.18979948734
0.174514289272
0.2
0.164535239839
0.740797036388
0.120614403461
0.142538557507
0.675035370499
0.043661072152
0.421496151201
0.698583920178
0.619745557594
0.921641143029
0.0215281286048
0.412338445017
0.114221601081
0.680580264565
0.714228049554
0.18912006814
0.695327623932
0.129256906209
0.0173906622558
0.0613220749549
0.0846117076264
0.204438814164
0.261177028451
0.124918560706
0.72080659813
0.793215744609
0.796002289227
0.752143229147
0.665817662893
0.798256341292
0.552358249521
0.0820360992274
0.73523080191
0.917418524523
0.0823024392553
0.172302882739
0.0756273018206
0.158293388042
0.100253361265
0.0714285714286
0.145509189687
0.199789107796
0.251148387186
0.815214484034
0.0661143657317
0.14114838271
0.279577488201
0.118631277414
0.114060162211
0.0832992900235
0.641156587835
0.0232774419279
0.470831791095
0.208369631479
0.843702246268
0.77016898934
0.120201682554
0.0588235294118
0.840986308627
1.0
0.0487507552157
0.166583705838
0.0865362239734
0.0697958830512
0.110191988696
0.104273137851
0.805113505558
0.60464982795
0.0608065703758
0.147955049871
0.0677457620924
0.0930785449511
0.207349542215
0.198461477585
0.763101975292
0.15187997794
0.88294999924
0.0526315789474
0.108509635898
0.852512459625
0.812819494386
0.543484230924
0.855928657697
0.749737219959
0.871835980567
0.86172623747
0.139745024078
0.834982357117
0.955879751085
0.80030735823
0.0649154674991
1.0
0.2237050164
0.0343252552354
0.759668408992
0.828773690138
0.901601555772
0.786816477811
0.0653609705187
0.120899013965
0.206378793019
0.8
0.0737746481602
0.146789950861
0.057828926336
0.568314036531
0.182596010844
0.727153728479
0.574576000498
0.823193497435
0.862244794073
0.135100243019
0.811576553612
0.631382179494
0.774921804174
0.541918775224
0.731770455406
0.864993119925
0.0831646006219
0.0798317694998
0.623137497522
0.123004875567
0.057816020749
0.746461067994
0.668427802778
0.848095666352
0.860181267632
0.855149167456
0.780610950567
0.857284680667
0.720979923594
0.721237661456
0.909556404952
0.917418524523
0.818889370853
0.563636384383
0.156107092601
0.730596609946
0.771243743241
0.108008851719
0.73389918682
0.761426630235
0.184217343619
0.768975200587
0.0734412083063
0.0893173792475
0.290207063225
0.726814279127
0.0845917586762
0.627964757898
0.764232049958
0.0835502164627
0.597098687156
0.0743680159428
0.891120307225
0.839850059479
0.152388246359
0.982012085335
0.111848949752
0.17480491189
0.0858503440088
0.157701017817
0.731872832878
0.108611320724
0.81984660123
0.0881501144789
0.947818811464
0.620470966061
0.0469518597069
0.784003509162
0.15712881411
0.102749217086
0.0650231410459
0.0406593985522
0.1469412571
0.0271049505833
0.922292901835
0.0879794820551
0.142092883299
0.84022183126
0.805406718856
0.633575943938
0.7631051641
0.201352566804
0.775701755437
0.120910665521
0.752331430686
0.708647647225
0.908083945624
0.0736745768033
0.801446311147
0.2
0.202248478943
0.0660452815651
0.72962418106
0.098819545378
0.501601751918
0.786816477811
0.109090577273
0.109740664763
0.151877781024
0.122170450573
0.0772254936978
0.11737024844
0.0775688150685
0.10070941188
0.111111111111
0.747585660034
0.0427934125088
0.709566164563
0.829613216158
0.815533992665
0.710802087439
0.722024378023
0.614244925962
0.0988114986433
0.785339385161
0.0457115550638
0.702645208213
0.70417864042
0.103448035242
0.106839147498
0.160294749954
0.0672694226214
0.58483837217
0.815657590489
0.750651627336
0.66280761071
0.192098682194
0.749280997033
0.263046348234
0.624702361127
0.905480194693
0.888888888889
0.817775170249
0.134747305694
0.704781315922
0.179798245977
0.140743493919
0.115189323534
0.573710629623
0.717050591356
0.144383684393
0.662591670996
0.749830783883
0.752661872431
0.674451255462
0.09758760151
0.132260684887
0.118720591134
0.645228283882
0.0437864078918
0.132494587173
0.0604660498996
0.711190693564
0.642210473852
0.597475664673
0.0886746765058
0.081880328858
0.612487253607
0.0927420200343
0.724397257753
0.0680657267049
0.208967367017
0.777936204581
0.710902216254
0.967043002772
0.691463385959
0.104036764591
0.0901836787178
0.139167536637
1.0
0.207349542215
0.0440082417488
0.247305017813
0.0478021596507
0.487611996474
0.839007557583
0.675719909229
0.879648353842
0.771118456452
0.533027078671
0.733148650708
