0.666666666667
0.666666666667
0.7
0.315789473684
0.470588235294
0.3125
0.611254664211
0.518518518519
1.0
0.0987050164005
0.545454545455
0.684210526316
0.751738259694
0.75
0.727272727273
0.108100344297
0.1
0.1
0.666666666667
0.0
0.2
0.450805632758
0.444444444444
0.222222222222
0.736842105263
0.595192229441
0.705882352941
0.705991552887
0.0
0.0
0.526315789474
0.620011894785
0.375
0.6
0.619047619048
0.16
0.0322580645161
0.442269745194
0.0555555555556
0.111111111111
0.721157064126
0.596858009334
0.0
0.727876518873
0.88
1.0
0.115384615385
0.333333333333
0.117647058824
0.928571428571
0.75
0.5
0.0
0.0
0.571428571429
0.769230769231
0.0714285714286
0.666666666667
0.08
0.25
0.823529411765
0.67245905192
0.692307692308
0.0608426294773
0.0521587126764
0.427158712676
0.545454545455
0.8
0.692307692308
0.338385857981
0.0
0.5
0.75
0.0666666666667
0.411764705882
0.0526315789474
0.923076923077
0.708029547915
0.0
0.669814704348
0.714285714286
0.713309371785
0.0714285714286
0.785714285714
0.45
0.0769230769231
0.0
0.0645161290323
0.285714285714
0.0769230769231
0.0
0.5
0.705882352941
0.233125499603
0.0
0.611111111111
0.692307692308
0.694225032444
0.388888888889
0.8
0.5
0.846153846154
0.666666666667
0.764705882353
0.222222222222
0.8
0.611505315682
0.56
0.8
0.0987050164005
0.5
0.833333333333
0.719053987533
0.705882352941
0.692307692308
0.0
0.863543919416
0.1
0.8
0.0
0.133333333333
0.0588235294118
0.375
0.111111111111
0.7
0.673749898273
0.866666666667
0.772727272727
0.444444444444
0.733333333333
0.666666666667
0.648352166742
0.333333333333
0.5
0.565217391304
0.652173913043
0.0322580645161
0.0344827586207
0.0555555555556
0.222222222222
0.6875
0.0940598005065
0.6875
0.727845687996
0.75
0.824619091943
0.6
0.375
0.748675042204
0.928571428571
0.75
0.625
0.0909090909091
0.6
0.6
0.785714285714
0.0538638390772
0.630946502045
0.55966786176
0.0
0.565217391304
0.776361232368
0.461538461538
0.0
0.125
0.0625
0.52380952381
0.777777777778
0.307692307692
0.375984286645
0.0
0.647058823529
0.636363636364
0.571428571429
0.933333333333
0.0
0.777777777778
0.0833333333333
0.555555555556
0.553735804159
0.375
0.666666666667
0.0
0.785714285714
0.411764705882
0.0
0.682965036789
0.424742930317
0.0714285714286
0.0769230769231
0.0526315789474
0.75
0.0588235294118
0.714285714286
0.105263157895
0.0
0.818181818182
0.572669828167
0.473684210526
0.727272727273
0.666666666667
0.65
0.7
0.764705882353
0.8
0.75
0.582064346792
0.629223848368
1.0
0.25
0.610753457649
0.727272727273
0.692297224441
0.588235294118
0.5
0.117647058824
0.6
0.1
0.5
0.0833333333333
0.0666666666667
0.501466067
0.101769609753
0.222222222222
0.647058823529
0.0666666666667
0.595913090354
0.714285714286
0.0
0.63313336481
0.65
0.516483882406
0.333333333333
0.789473684211
0.681818181818
0.32
0.533333333333
0.393081876892
0.0
0.555555555556
0.0
0.461538461538
0.0
0.705166161996
0.75
0.6
0.565217391304
0.444444444444
0.428571428571
0.833333333333
0.75
0.666666666667
0.272727272727
0.363636363636
0.716468497049
0.8
0.696720981934
0.338735503161
0.608336893706
0.0
0.488001576811
0.716761376158
0.545454545455
0.8
0.3125
0.0625
0.590909090909
0.5
0.769230769231
0.465129388553
0.0
0.571428571429
0.454545454545
0.0
0.692307692308
0.0982776942675
0.25
0.147988851882
0.0
0.586529810461
0.75
0.941176470588
0.142857142857
0.752876005034
0.391304347826
0.153846153846
0.589466979189
0.475547373671
0.0
0.75
0.0526315789474
0.137491389649
0.176470588235
0.484467528045
0.631578947368
0.6875
0.797898010907
0.62976303504
0.529411764706
0.363636363636
0.166666666667
0.8125
0.727272727273
0.0526315789474
0.647058823529
0.125
0.636087592197
0.592592592593
1.0
0.125
0.666666666667
0.590909090909
0.751738259694
0.75
0.615384615385
0.0588235294118
0.1
0.1
0.7
0.0
0.635551748523
0.48513028071
0.0
0.213968912219
0.705882352941
0.75
0.769230769231
0.841291130532
0.444444444444
0.620792406134
0.608695652174
0.589011300045
0.111111111111
0.496399287137
0.166666666667
0.636363636364
0.664344421036
0.0689655172414
0.111111111111
0.222222222222
0.25
0.604912854411
0.222222222222
0.727845687996
0.818181818182
0.846153846154
0.739130434783
0.444444444444
0.79231410511
0.857142857143
0.714285714286
0.5
0.363636363636
0.0
0.0588235294118
0.666666666667
0.0714285714286
0.515072702318
0.47619047619
0.0
0.590909090909
0.671236162793
0.9
0.0833333333333
0.1875
0.364658712676
0.52
0.7
0.75
0.375984286645
0.08
0.714285714286
0.692307692308
0.0666666666667
0.882352941176
0.0
0.833333333333
0.978832502707
0.111111111111
0.125
0.714285714286
0.779633514309
0.75
0.785714285714
0.45
0.115384615385
0.777777777778
0.660259971566
0.142857142857
0.846153846154
0.0
0.461538461538
0.0588235294118
0.916666666667
0.777777777778
0.101832276211
0.833333333333
0.74976303504
0.444444444444
0.636363636364
0.666666666667
0.764705882353
0.727272727273
0.0526315789474
0.666666666667
0.866666666667
0.727234141832
0.666666666667
1.0
0.0
0.220550339922
0.65
0.73991627206
0.8125
0.75
0.117647058824
0.1
0.7
0.571428571429
0.166666666667
0.0666666666667
0.117647058824
0.352941176471
0.111111111111
0.75
0.571428571429
0.733333333333
0.0454545454545
0.875
0.71875
0.5625
0.718681733394
0.222222222222
0.588235294118
0.761904761905
0.61741868852
0.785714285714
0.647147023486
0.0555555555556
0.222222222222
0.666666666667
0.613655592279
0.666666666667
0.648967881765
0.761904761905
0.857142857143
0.0384615384615
0.444444444444
0.795467232342
0.928571428571
0.222222222222
0.5
0.0909090909091
0.0
0.733333333333
0.733333333333
0.0
0.630946502045
0.654905956998
0.0833333333333
0.65
0.677179157495
0.833333333333
0.0833333333333
0.25
0.125
0.52
0.8
0.538461538462
0.4375
0.12
0.75
0.636363636364
0.0666666666667
0.9375
0.368421052632
0.916666666667
0.978832502707
0.5
0.590909090909
0.125
0.647058823529
0.857142857143
0.928571428571
0.473684210526
0.0384615384615
0.663150351588
0.619484834621
0.142857142857
0.384615384615
0.0526315789474
0.769230769231
0.176470588235
0.75
0.733333333333
0.0
0.833333333333
0.749717898857
0.588235294118
0.7
0.5
0.8125
0.888888888889
0.0526315789474
0.705882352941
0.928571428571
0.72
0.6
1.0
0.125
0.590909090909
0.619047619048
0.751738259694
0.785714285714
0.615384615385
0.0588235294118
0.2
0.1
0.777777777778
0.0833333333333
0.133333333333
0.0
0.428571428571
0.333333333333
0.705882352941
0.583333333333
0.846153846154
0.8
0.0
0.666666666667
0.714285714286
0.585348400061
0.222222222222
0.6
0.863636363636
0.56
0.628898094581
0.511235262436
0.388888888889
0.0
0.642857142857
0.549109368587
0.777777777778
0.675856710282
0.772727272727
0.74769601502
0.772727272727
0.444444444444
0.235294117647
0.857142857143
0.75
0.428571428571
0.3
0.454545454545
0.588235294118
0.846153846154
0.0
0.670380658423
0.579682958953
0.5
0.588235294118
0.627930603903
0.9
0.227509296144
0.625
0.125
0.4
0.7
0.666666666667
0.456924538801
0.08
0.785714285714
0.75
0.533333333333
0.9375
0.0526315789474
0.230769230769
0.978832502707
0.111111111111
0.0416666666667
0.75
0.755268746596
0.785714285714
0.75
0.470588235294
0.0
0.166666666667
0.518002273791
0.785714285714
0.846153846154
0.0
0.5
0.117647058824
0.785714285714
0.666666666667
0.101832276211
0.833333333333
0.731262069481
0.588235294118
0.727272727273
0.788677037592
0.8
0.75
0.0526315789474
0.222222222222
0.8
0.690879508738
0.692307692308
1.0
0.25
0.0403375827798
0.643157654376
0.632097465794
0.117647058824
0.0769230769231
0.22574740312
0.1
0.3
0.8
0.0
0.2
0.176470588235
0.111111111111
0.436191134441
0.619047619048
0.518269152518
0.8
0.0909090909091
0.555555555556
0.690924473823
0.590909090909
0.654457000051
0.555555555556
0.6
0.772727272727
0.04
0.0
0.545718021056
0.0
0.444444444444
0.0625
0.590015747318
0.166666666667
0.69746626293
0.894736842105
0.846153846154
0.916666666667
0.571428571429
0.807498571616
0.764705882353
0.75
0.428571428571
0.0909090909091
0.181818181818
0.705882352941
0.2
0.0714285714286
0.607880658423
0.637651254848
0.0833333333333
0.822802921195
0.742794575079
0.0769230769231
0.166666666667
0.125
0.0
0.631578947368
0.8
0.307692307692
0.047619047619
0.565217391304
0.75
0.727272727273
0.0
0.823529411765
0.105263157895
0.230769230769
0.25
0.111111111111
0.0416666666667
0.0
0.8125
0.769230769231
0.846153846154
0.421052631579
0.0384615384615
0.111111111111
0.515601970619
0.928571428571
0.769230769231
0.0526315789474
0.692307692308
0.0588235294118
0.17203808758
0.0526315789474
0.0
0.846153846154
0.74976303504
0.473684210526
0.727272727273
0.5
0.85
0.818181818182
0.775594711676
0.647058823529
0.25
0.592592592593
0.592592592593
1.0
0.3487050164
0.571428571429
0.6
0.762532248403
0.823529411765
0.692307692308
0.117647058824
0.6
0.0
0.75
0.0833333333333
0.0666666666667
0.176470588235
0.488539072978
0.777777777778
0.526315789474
0.0666666666667
0.705882352941
0.727272727273
0.111111111111
0.678991694209
0.625
0.543345888939
0.222222222222
0.611111111111
0.952380952381
0.6
0.0645161290323
0.103448275862
0.0480492611979
0.0
0.0625
0.542335662575
0.764705882353
0.748809094345
0.869565217391
0.857142857143
0.88
0.0
0.748675042204
1.0
0.875
0.428571428571
0.363636363636
0.8
0.716269114776
0.133333333333
0.0714285714286
0.572122972634
0.573042712373
0.5
0.631578947368
0.598616308693
0.923076923077
0.0
0.625
0.125
0.48
0.727272727273
0.153846153846
0.368421052632
0.0
0.5625
0.75
0.5
0.9375
0.0
0.923076923077
0.0
0.0
0.571428571429
0.571428571429
0.713309371785
0.642857142857
0.916666666667
0.428571428571
0.0384615384615
0.166666666667
0.50837372351
0.428571428571
0.153846153846
0.0526315789474
0.909090909091
0.0588235294118
0.25
0.157894736842
0.470588235294
0.769230769231
0.759387533692
0.470588235294
0.727272727273
0.5
0.631578947368
0.7
0.736842105263
0.0555555555556
0.866666666667
0.72
0.037037037037
0.8
0.0
0.5
0.545454545455
0.718331417909
0.8
0.226497478349
0.0588235294118
0.1
0.0
0.625
0.0
0.692307692308
0.0
0.111111111111
0.111111111111
0.588235294118
0.672115306364
0.55
0.0454545454545
0.333333333333
0.48275862069
0.590909090909
0.555730428636
0.333333333333
0.777777777778
0.25
0.28
0.0645161290323
0.529493664665
0.0
0.111111111111
0.125
0.604912854411
0.733333333333
0.594962940499
0.904761904762
0.933333333333
0.833333333333
0.111111111111
0.733333333333
0.833333333333
0.72060195869
0.8
0.272727272727
0.0909090909091
0.632178085632
0.666666666667
0.142857142857
0.715072702318
0.428571428571
0.0
0.588235294118
0.0322580645161
0.0
0.833333333333
0.6875
0.125
0.5
0.166666666667
0.5
0.421052631579
0.04
0.48598804132
0.75
0.533333333333
0.117647058824
0.8
0.916666666667
0.0
0.222222222222
0.25
0.25
0.6875
0.142857142857
0.769230769231
0.0416666666667
0.0384615384615
0.75
0.461779967354
0.428571428571
0.307692307692
0.157894736842
0.818181818182
0.176470588235
0.521313030324
0.105263157895
0.434767922813
0.5
0.857142857143
0.5625
0.583333333333
0.0
0.666666666667
0.909090909091
0.105263157895
0.0555555555556
0.0625
0.72
0.592370249776
0.8
0.0
0.266004885376
0.590909090909
0.0
0.823529411765
0.153846153846
0.117647058824
0.3
0.0
0.7
0.0833333333333
0.0666666666667
0.584138966091
0.0
0.222222222222
0.631578947368
0.518269152518
0.8125
0.0
0.222222222222
0.0277777777778
0.590909090909
0.598901444495
0.333333333333
0.529411764706
0.125
0.04
0.161290322581
0.0344827586207
0.0555555555556
0.222222222222
0.0625
0.582508674618
0.705882352941
0.766751301892
0.65
0.551432013947
0.739130434783
0.444444444444
0.0588235294118
0.647058823529
0.875
0.222222222222
0.0
0.0
0.0588235294118
0.0666666666667
0.0714285714286
0.0588235294118
0.12
0.0
0.722222222222
0.0
0.0769230769231
0.25
0.1875
0.0
0.0
0.5
0.153846153846
0.288385857981
0.08
0.6875
0.666666666667
0.0666666666667
0.0588235294118
0.789473684211
1.0
0.0833333333333
0.0
0.0833333333333
0.5
0.136363636364
0.0
0.75
0.315789473684
0.0769230769231
0.166666666667
0.0645161290323
0.0714285714286
0.769230769231
0.0
0.538461538462
0.0588235294118
0.8
0.155490739293
0.105263157895
0.769230769231
0.720925995231
0.318193095415
0.75
0.666666666667
0.823529411765
0.8
0.263157894737
0.705882352941
0.866666666667
0.720245587005
0.0740740740741
1.0
0.0987050164005
0.227272727273
0.65
0.73991627206
0.875
0.692307692308
0.117647058824
0.1
0.1
0.8
0.0833333333333
0.2
0.0588235294118
0.388888888889
0.333333333333
0.631578947368
0.466666666667
0.75
0.81026466412
0.222222222222
0.71875
0.565217391304
0.673764125057
0.25
0.588235294118
0.818181818182
0.16
0.0322580645161
0.458065093237
0.0
0.0
0.642857142857
0.542335662575
0.777777777778
0.860181267632
0.8
0.642857142857
0.791666666667
0.555555555556
0.690697886435
0.857142857143
0.875
0.666666666667
0.333333333333
0.0909090909091
0.647058823529
0.714285714286
0.0714285714286
0.607880658423
0.607286909379
0.166666666667
0.647058823529
0.0322580645161
0.0
0.0833333333333
0.625
0.125
0.5
0.727272727273
0.153846153846
0.438385857981
0.04
0.846153846154
0.75
0.133333333333
0.9375
0.315789473684
0.538461538462
0.166666666667
0.0
0.624360158894
0.25
0.753708045404
0.142857142857
0.923076923077
0.388888888889
0.0769230769231
0.722222222222
0.0967741935484
0.142857142857
0.615384615385
0.0
0.307692307692
0.0588235294118
0.866666666667
0.102859160346
0.0
0.75
0.74976303504
0.55
0.727272727273
0.333333333333
0.631578947368
0.0909090909091
0.623971638939
0.611111111111
0.8
0.0
0.72
0.2
0.125
0.136363636364
0.608695652174
0.0869565217391
0.375
0.692307692308
0.0
0.2
0.0
0.4
0.0833333333333
0.0
0.0450547770635
0.0
0.0
0.671445077301
0.0
0.5
0.75
0.777777777778
0.571862394022
0.529411764706
0.418106000043
0.111111111111
0.722222222222
0.0416666666667
0.583333333333
0.571862394022
0.0344827586207
0.0
0.0
0.0625
0.392857142857
0.75
0.692307692308
0.578947368421
0.133333333333
0.695652173913
0.333333333333
0.466666666667
0.866666666667
0.888888888889
0.666666666667
0.0909090909091
0.6
0.0588235294118
0.0666666666667
0.0
0.375
0.52380952381
0.0833333333333
0.45
0.63671883411
0.692307692308
0.5
0.0625
0.0
0.0
0.545454545455
0.0
0.0
0.0
0.529411764706
0.5
0.5
0.0588235294118
0.0526315789474
0.333333333333
0.0
0.555555555556
0.0833333333333
0.125
0.666666666667
0.642857142857
0.928571428571
0.45
0.0769230769231
0.111111111111
0.0322580645161
1.0
0.769230769231
0.0526315789474
0.153846153846
0.294117647059
0.266666666667
0.777777777778
0.526315789474
0.843750532081
0.69151990815
0.4
0.6
