0.749737219959
0.702884071862
0.744710436587
0.421052631579
0.684865373404
0.125
0.651999219445
0.596551514109
1.0
0.0987050164005
0.650056997844
0.756044743196
0.797780833289
0.777593001039
0.838964928323
0.0757998051387
0.1
0.145664760546
0.666666666667
0.0833333333333
0.174789403667
0.512935699848
0.50376789819
0.268285520404
0.761567462775
0.595192229441
0.795700495848
0.705991552887
0.111111111111
0.0399811775924
0.552538084331
0.643844020328
0.448906470269
0.639390789293
0.676027950133
0.166065225134
0.0784211331926
0.590601353956
0.0565000625006
0.0507596558985
0.755545341848
0.700064649729
0.0
0.727876518873
0.901234233456
1.0
0.133538072797
0.476118512954
0.0841683644455
0.928571428571
0.75
0.582160295663
0.0
0.183174502285
0.606508908548
0.769230769231
0.0714285714286
0.744087592845
0.137126136249
0.0452441360349
0.823529411765
0.741252898932
0.733552721779
0.0608426294773
0.0625
0.526405363873
0.613651713797
0.859500071316
0.692307692308
0.392929943064
0.04
0.575406416827
0.787983464738
0.133333333333
0.0588235294118
0.0769464451351
0.955990593021
0.768576243593
0.0538039483929
0.74843186613
0.714285714286
0.752352716012
0.0
0.818493336121
0.611084821584
0.0384615384615
0.0227980168457
0.0683715501236
0.285714285714
0.0769230769231
0.0
0.612460775701
0.738643385843
0.295625499603
0.127680218116
0.642183658066
0.79621248221
0.711728263411
0.45665993527
0.844521448806
0.698436817202
0.88153338772
0.773036669494
0.796642919554
0.0555555555556
0.869717353317
0.700403504245
0.662196531381
0.8
0.0987050164005
0.607238722685
0.857745432286
0.763094710102
0.705882352941
0.786816477811
0.0
0.91070248935
0.33720689997
0.8
0.166666666667
0.107477733677
0.0842075907622
0.471473904884
0.111111111111
0.721486186014
0.719743302309
0.945214313235
0.772727272727
0.586841982985
0.77078510479
0.666666666667
0.68608636552
0.399027973572
0.562291761079
0.637914160852
0.673126717457
0.0322580645161
0.03668207746
0.0557220730179
0.161919639186
0.719739010365
0.0498246153652
0.6875
0.769090717468
0.783178489775
0.824619091943
0.654625837532
0.53317957795
0.806435127692
0.958441662771
0.75
0.707160295663
0.151178920688
0.66664084915
0.6
0.785714285714
0.0538638390772
0.6624868187
0.669293140081
0.0833333333333
0.621304179982
0.837618759638
0.230769230769
0.0833333333333
0.125
0.0921772016495
0.57656438789
0.848263914495
0.230769230769
0.426253779776
0.0188795957088
0.688377485539
0.677800143351
0.611866848661
0.980812891024
0.0526315789474
0.825319745475
0.0833333333333
0.609359503948
0.5999710215
0.25
0.736531502289
0.142857142857
0.785714285714
0.637448707144
0.053808014153
0.738279719483
0.566361738945
0.0714285714286
0.0769230769231
0.0526315789474
0.80868043983
0.0588235294118
0.75696395101
0.0526315789474
0.0526315789474
0.858191458276
0.668900646199
0.537888359729
0.767746771642
0.849945903879
0.674183583486
0.754095066537
0.796642919554
0.836195308828
0.788885137267
0.648887805071
0.741396410395
1.0
0.0
0.703012081105
0.751985494853
0.763012182608
0.61746398873
0.602384517629
0.0588235294118
0.6
0.145664760546
0.654459893344
0.166666666667
0.0666666666667
0.556286714432
0.222885277922
0.111111111111
0.703938132997
0.0287686028639
0.728634551724
0.742139114416
0.0
0.689772792979
0.65
0.597089499148
0.333333333333
0.820571675758
0.72763438551
0.12
0.574565239523
0.495838891464
0.0325262267808
0.672483437744
0.0
0.567969287896
0.0555555555556
0.749848277257
0.780687903541
0.710993105797
0.634733229102
0.444444444444
0.462284992337
0.909405650893
0.75
0.773123233011
0.332997102506
0.467127125838
0.753869593451
0.833155974709
0.726521319399
0.497196146202
0.740197127971
0.0
0.608888811106
0.787699970349
0.594198671193
0.871109583236
0.3125
0.0625
0.687339400422
0.597574493893
0.769230769231
0.520704675289
0.08
0.638657793639
0.49975061716
0.0277441898482
0.894075586285
0.0699609815078
0.497490564829
0.138834471038
0.0706342623559
0.654546539662
0.75
0.982516482123
0.262577983544
0.829607446919
0.546003800523
0.115384615385
0.688772064039
0.601470001971
0.0
0.791563362654
0.0526315789474
0.246756195731
0.176470588235
0.529836703137
0.662958781665
0.745600214642
0.91238710431
0.719994849554
0.600422895577
0.401878285232
0.282032930576
0.84367252199
0.181818181818
0.0
0.754864761995
0.0259786086226
0.680564140566
0.670163076078
1.0
0.192866204052
0.718480287781
0.640791379744
0.797780833289
0.777593001039
0.709893400888
0.0588235294118
0.1
0.33720689997
0.759373785308
0.0
0.712753511065
0.515076569524
0.0
0.396441365933
0.805951897873
0.75
0.859862669118
0.841291130532
0.562888663234
0.692896719277
0.62854989589
0.661836495855
0.162595271562
0.589411076515
0.0596470434566
0.677486589417
0.679914873006
0.0209356083062
0.0960264634491
0.381624611239
0.25
0.694881723752
0.142351652976
0.769090717468
0.842311628928
0.846343131394
0.779878467045
0.444444444444
0.850074190598
0.857142857143
0.714285714286
0.606456566345
0.423906193415
0.0
0.0588235294118
0.735604216935
0.112943284293
0.556747936288
0.587556559548
0.0
0.660698606595
0.768830474537
0.9
0.0833333333333
0.1875
0.494073114565
0.562775474021
0.7
0.75
0.467724095367
0.12
0.749797394422
0.727369352066
0.10789516744
0.961359235688
0.0336178630562
0.906973273844
0.978832502707
0.164915059504
0.0833333333333
0.864663508397
0.816621945682
0.830345940492
0.856964910322
0.609844829204
0.0935060923774
0.800575794623
0.727884301366
0.142857142857
0.846153846154
0.0
0.590088645092
0.0588235294118
0.916666666667
0.777777777778
0.0
0.906564364667
0.770919320069
0.567014590781
0.721331344889
0.749737219959
0.82109967013
0.727272727273
0.0
0.793968908368
0.908144146418
0.827038300685
0.73254549275
1.0
0.06777158111
0.104249049268
0.704870517719
0.78815134916
0.8125
0.852384517629
0.235294117647
0.1
0.7
0.663134470524
0.166666666667
0.2
0.0842075907622
0.443950052523
0.111111111111
0.75
0.571428571429
0.849750552564
0.181818181818
0.875
0.757805524937
0.5625
0.748869092416
0.161900274911
0.696683000947
0.790815840042
0.683764312237
0.804865882174
0.731722099438
0.146396873684
0.381624611239
0.776600509815
0.737419559191
0.735499363369
0.648967881765
0.761904761905
0.902459996971
0.115384615385
0.587229624065
0.821294330003
0.928571428571
0.222222222222
0.606456566345
0.151178920688
0.0
0.733333333333
0.733333333333
0.0
0.630946502045
0.730525862568
0.0452441360349
0.725864205825
0.762124205469
0.833333333333
0.128577469368
0.25
0.25
0.58119168239
0.8
0.574768453286
0.472883715407
0.0988795957088
0.793901078385
0.677800143351
0.0667879023348
0.982012085335
0.18220960303
0.95232314244
0.978832502707
0.560529441942
0.694116069794
0.125
0.730424740832
0.857142857143
0.96315968111
0.64033840717
0.0948938922157
0.722309706985
0.71397495149
0.142857142857
0.384615384615
0.0526315789474
0.823397329073
0.176470588235
0.75
0.733333333333
0.0
0.906564364667
0.783913880662
0.659992872638
0.744521448806
0.698436817202
0.842729479357
0.888888888889
0.0
0.852998973174
0.973011585448
0.78932219488
0.701742747797
1.0
0.0718236002155
0.700181912402
0.694253564565
0.797780833289
0.785714285714
0.66812958301
0.0588235294118
0.2
0.33720689997
0.777777777778
0.0833333333333
0.0989490357024
0.246909426649
0.539082206635
0.450757974118
0.705882352941
0.62166117003
0.886652125295
0.8
0.0
0.751467504311
0.714285714286
0.615535759083
0.222222222222
0.679242508927
0.91013269561
0.624702474609
0.667123340457
0.638553937553
0.517016895893
0.111111111111
0.727046858944
0.667922776823
0.809018319643
0.71415566622
0.772727272727
0.747885300261
0.795732169253
0.444444444444
0.117647058824
0.887988906765
0.75
0.52246890933
0.468381524725
0.558036216747
0.612859516826
0.846153846154
0.0
0.703892244869
0.661490630157
0.541399363769
0.64868224928
0.74102136685
0.9
0.144175962811
0.669443489522
0.0625
0.466491544526
0.763437523045
0.666666666667
0.489998583093
0.0972611617183
0.835886946725
0.787983464738
0.571075725417
0.982012085335
0.129578024082
0.230769230769
0.978832502707
0.111111111111
0.0847690737935
0.807363338211
0.79660875813
0.854582234707
0.778681669106
0.673910246485
0.0161808082961
0.111111111111
0.659193833342
0.835711569613
0.846153846154
0.0
0.593717313084
0.117647058824
0.876585381161
0.666666666667
0.023431574621
0.906564364667
0.750851222287
0.659992872638
0.78116524793
0.904043301502
0.824938017592
0.75
0.0526315789474
0.0810850597616
0.920679077267
0.729724175573
0.766294458402
1.0
0.151794391436
0.0647096456492
0.693115209519
0.696663297164
0.117647058824
0.0769230769231
0.280685679713
0.1
0.0
0.8
0.0
0.133333333333
0.0588235294118
0.0555555555556
0.222222222222
0.641418180606
0.553648694084
0.835098508589
0.181818181818
0.333333333333
0.739133938249
0.590909090909
0.679613132569
0.725762776273
0.679242508927
0.824696273819
0.0235812832329
0.0284699028406
0.621543951221
0.0554926097351
0.49273572235
0.125
0.634411629797
0.0555555555556
0.69746626293
0.894736842105
0.846343131394
0.916666666667
0.673659282435
0.807498571616
0.790108511454
0.75
0.52246890933
0.0909090909091
0.181818181818
0.732551735497
0.133333333333
0.142857142857
0.607880658423
0.727639693172
0.0833333333333
0.822802921195
0.805531973302
0.0
0.0833333333333
0.125
0.155167750691
0.715183051767
0.8
0.384615384615
0.0758922787183
0.583356727153
0.786241567767
0.76870923426
0.0
0.873462402992
0.0769464451351
0.230769230769
0.301535625966
0.111111111111
0.0416666666667
0.0742172316356
0.856423762256
0.843396252762
0.881454361976
0.527796570469
0.0769230769231
0.0555555555556
0.577175465333
0.928571428571
0.769230769231
0.0
0.74647425215
0.0588235294118
0.138039700876
0.0526315789474
0.023431574621
0.913751721231
0.789822809513
0.57132585903
0.767746771642
0.698436817202
0.85
0.818181818182
0.775594711676
0.793528430542
0.0625
0.695080505692
0.657355136529
1.0
0.178140230765
0.684132784385
0.676694446011
0.806572970972
0.823529411765
0.835044785835
0.144170049077
0.6
0.0
0.830242661708
0.0833333333333
0.301831806235
0.117647058824
0.5841839804
0.849139120381
0.585970385766
0.2
0.776615666767
0.727272727273
0.0
0.730085344423
0.625
0.633960812297
0.414661909899
0.677146535217
0.952380952381
0.645769504299
0.0784211331926
0.0554183669269
0.0880817823363
0.163554432524
0.0625
0.60672189396
0.764705882353
0.748809094345
0.869565217391
0.902459996971
0.897243880739
0.0
0.772982898826
1.0
0.875
0.52246890933
0.467966351283
0.842442712941
0.716269114776
0.0954352695305
0.0714285714286
0.572122972634
0.666750001437
0.541399363769
0.68862499509
0.727295219746
0.923076923077
0.127188080788
0.669443489522
0.125
0.570658082104
0.727272727273
0.0769230769231
0.398013618577
0.04
0.657360949761
0.787983464738
0.5
0.982012085335
0.0
0.955990593021
0.0359607535798
0.164915059504
0.671315495764
0.656248264726
0.752352716012
0.706072542993
0.916666666667
0.612797914841
0.0384615384615
0.135084946831
0.666070549806
0.428571428571
0.267497359425
0.0526315789474
0.970422153664
0.0858547691594
0.15502598081
0.105263157895
0.529884087639
0.836828644308
0.797906547609
0.579717136562
0.727272727273
0.698436817202
0.682166057912
0.7
0.765417349075
0.148390597232
0.908144146418
0.778286663431
0.148148148148
0.8
0.089944144377
0.648902711953
0.626457419506
0.801099315365
0.8
0.153846153846
0.202993578489
0.1
0.147108066094
0.705242661708
0.0
0.737807490538
0.0253840613505
0.0555555555556
0.111111111111
0.654551907002
0.672115306364
0.663603838889
0.0454545454545
0.111111111111
0.608579604499
0.623583890823
0.588074027588
0.333333333333
0.777777777778
0.0
0.04
0.0322580645161
0.643167387508
0.114181879706
0.159402389016
0.125
0.694881723752
0.770821983571
0.63620796997
0.928143164603
0.933333333333
0.860436525208
0.111111111111
0.733333333333
0.833333333333
0.72060195869
0.927747879613
0.0602698297788
0.0
0.632178085632
0.775157908516
0.0
0.762096568992
0.616653957482
0.0380539671216
0.687745729222
0.0483288416308
0.0494040064173
0.892591319363
0.731943489522
0.0625
0.568379152778
0.0353247508059
0.576526042185
0.448670645008
0.0988795957088
0.566833610034
0.787983464738
0.571075725417
0.117647058824
0.842330077306
0.95232314244
0.0904178738328
0.276026170615
0.125
0.25
0.705434485393
0.214285714286
0.804531285053
0.0833333333333
0.0384615384615
0.778017636605
0.595962872214
0.428571428571
0.153846153846
0.157894736842
0.879513062755
0.176470588235
0.521313030324
0.189274571138
0.494666050526
0.635076226872
0.891338838947
0.59941979274
0.632734810603
0.0
0.745004713496
0.909090909091
0.157894736842
0.111111111111
0.0
0.768184755841
0.713217967898
0.8
0.0567079734134
0.129641249013
0.640662114859
0.0230475294065
0.863030505691
0.153846153846
0.0872388157503
0.3
0.0
0.7
0.0
0.0666666666667
0.614326325113
0.0
0.333333333333
0.65630430488
0.551463694284
0.921641143029
0.0
0.222222222222
0.0829352202792
0.590909090909
0.624057577013
0.222222222222
0.624530271832
0.125
0.0983755976375
0.0645161290323
0.0344827586207
0.15156753326
0.222222222222
0.125
0.669145363613
0.738960573739
0.766751301892
0.674550322833
0.629650432786
0.779878467045
0.523957219672
0.0548560461794
0.700035155144
0.875
0.111111111111
0.0602698297788
0.0493572393108
0.235294117647
0.133333333333
0.0714285714286
0.0588235294118
0.08
0.211910802702
0.775604794628
0.0
0.153846153846
0.25
0.1875
0.0625
0.0
0.552864602538
0.153846153846
0.340710572405
0.138453822462
0.821410524885
0.710623091127
0.0666666666667
0.0
0.813964251272
1.0
0.301535625966
0.0
0.102842260018
0.375
0.0219572667161
0.0482922692583
0.75
0.533980149323
0.0608065703758
0.111111111111
0.162189883545
0.0499972838989
0.769230769231
0.0
0.709353885435
0.0588235294118
0.844980001475
0.0526315789474
0.0526315789474
0.836828644308
0.78422289226
0.469541165166
0.836502684608
0.749737219959
0.852868255991
0.8
0.288643975555
0.813688291407
0.955879751085
0.782789237275
0.0740740740741
1.0
0.0987050164005
0.069826608324
0.728966242794
0.78815134916
0.875
0.786816477811
0.0588235294118
0.1
0.141456968364
0.8
0.0833333333333
0.219379372568
0.143031120174
0.489431884883
0.222222222222
0.682743233009
0.497328936024
0.776323881442
0.81026466412
0.222222222222
0.777648484447
0.565217391304
0.70206477414
0.466494648636
0.658155154936
0.864678150156
0.0831646006219
0.0322580645161
0.577830014955
0.0849695481941
0.111111111111
0.724265227812
0.605050907804
0.809018319643
0.860181267632
0.8
0.753595414604
0.830716864251
0.635068330783
0.690697886435
0.887988906765
0.875
0.773123233011
0.519065082572
0.272727272727
0.647058823529
0.753344236329
0.0
0.641392244869
0.718677428175
0.166666666667
0.707505778691
0.0801500777897
0.0405751610399
0.0833333333333
0.669443489522
0.0
0.563551002917
0.727272727273
0.0769230769231
0.496739909053
0.04
0.846153846154
0.787983464738
0.102819163954
0.982012085335
0.0769464451351
0.307692307692
0.0833333333333
0.0538039483929
0.672696977023
0.449217231636
0.795048056938
0.0482922692583
0.923076923077
0.530461337375
0.0
0.751665850143
0.103481130739
0.142857142857
0.461538461538
0.0
0.153846153846
0.0588235294118
0.906499687609
0.102859160346
0.105263157895
0.823231031334
0.789822809513
0.579535834192
0.727272727273
0.333333333333
0.712485963372
0.181818181818
0.65254688275
0.673028025439
0.908083945624
0.0384961636664
0.77958706908
0.2
0.0710521694745
0.0909090909091
0.655321241842
0.0233124079621
0.432038978504
0.786816477811
0.0
0.2
0.0641941293665
0.1
0.166666666667
0.0666666666667
0.0842075907622
0.104200183028
0.0
0.697204567076
0.0287686028639
0.630366075259
0.75
0.777777777778
0.642269615654
0.625915897148
0.547263586789
0.111111111111
0.755047879966
0.0416666666667
0.654687561892
0.656424140981
0.0497024691592
0.0501954964265
0.160294749954
0.0625
0.484395372697
0.75
0.733552721779
0.604789813508
0.133333333333
0.717656857546
0.333333333333
0.58871544618
0.866666666667
0.888888888889
0.773123233011
0.0
0.700346328478
0.0588235294118
0.162101936197
0.0
0.475910504728
0.653479509752
0.128577469368
0.57835284794
0.711918448366
0.733552721779
0.544162976135
0.0625
0.0277435721885
0.0769230769231
0.60312502095
0.0
0.104323265729
0.0
0.658341839345
0.542541054367
0.5
0.176470588235
0.0526315789474
0.569329208476
0.0482489813788
0.609359503948
0.0504740165357
0.0707808175545
0.754893055202
0.710902216254
0.967043002772
0.66247439355
0.132972182795
0.0
0.0505707206834
1.0
0.769230769231
0.0526315789474
0.230769230769
0.294117647059
0.40965559766
0.777777777778
0.581743620111
0.879648353842
0.743479189135
0.429535834192
0.642066113755
