0.749737219959
0.75089628665
0.779579320167
0.808509020291
0.71608903625
0.816417556392
0.707060456669
0.681674370639
1.0
0.634117755371
0.740250466093
0.762538756965
0.834061380571
0.811849905254
0.774429164605
0.571663851305
0.825
0.761660629792
0.64983419937
0.788271128254
0.69485959787
0.519957243402
0.618985540885
0.875
0.772164466137
0.590207672775
0.728465087985
0.750558187436
0.650655384351
0.788676991677
0.602194205322
0.684143693452
0.538050673338
0.656005260824
0.682069506814
0.727576366825
0.739947643586
0.648891429038
0.61445301356
0.653407167944
0.765673177384
0.706062383972
0.78584269283
0.730394178122
0.916561013991
1.0
0.789620049828
0.56180284791
0.944258802085
0.853847212941
0.775515013722
0.623504273923
0.780067791955
0.489278469569
0.633888399117
0.789926147687
0.768018756655
0.750318934894
0.802857229535
0.604571424909
0.796705622521
0.763407622091
0.771119925742
0.549979843659
0.639981833682
0.604566735435
0.652079381408
0.833282249763
0.731557267173
0.499940504521
0.701905486075
0.658014088449
0.817961019235
0.588044262979
0.907945648149
0.88026139361
0.955990593021
0.770994144683
0.734332929202
0.791431674387
0.763842907868
0.748133566057
0.676498472994
0.827539494185
0.647857068289
0.688759708103
0.718635428077
0.690038927634
0.9375
0.909282242139
0.805646040201
0.643210279286
0.769377278984
0.714316050584
0.865394437578
0.673724324238
0.793918074266
0.767750019398
0.538484585543
0.781773616562
0.698436817202
0.795546492981
0.757000642994
0.784804323667
0.769507997959
0.860998899374
0.680417213838
0.700017267449
0.854292963242
0.634117755371
0.688302787241
0.789916947054
0.825329103065
0.762109584425
0.800825826198
0.631871845182
0.865167364882
0.761660629792
0.8
0.820980522292
0.724179390057
0.451309176015
0.572196412574
0.796623274547
0.740831356091
0.617883739672
0.809568152148
0.781023361289
0.675350987833
0.778265811179
0.658216146594
0.607901858404
0.5487120146
0.704436357752
0.681371797561
0.741070667045
0.836561327636
0.592168029637
0.544301318344
0.666188611468
0.743321627689
0.691280871522
0.720329037548
0.766909551497
0.720451991225
0.822151007501
0.666896194522
0.615131995596
0.819105101089
0.87098014543
0.798280204849
0.741559829479
0.498290193388
0.719290591227
0.655532135294
0.790683368844
0.705245965779
0.740146174548
0.709898792423
0.602151713664
0.717977948046
0.822229482597
0.711113960451
0.65942714653
0.773431784313
0.492802009516
0.633125898207
0.804191354372
0.708748948255
0.485690949872
0.746684846774
0.784010526871
0.68087396982
0.630536025481
0.947663291635
0.747797651202
0.711998625341
0.81845879735
0.696699509592
0.715427630006
0.812447484595
0.71791071782
0.764729110317
0.80554532759
0.625854965183
0.643463349652
0.782878697178
0.606817704938
0.869226293052
0.915715737875
0.767168979588
0.822632577978
0.82888503151
0.797393018495
0.83226232317
0.571423769514
0.857743550332
0.70688494435
0.628364410342
0.761302496394
0.814587614917
0.746205374377
0.808611832789
0.809398392366
0.817823440824
0.834698987158
0.707515581171
0.765116108336
1.0
0.58953228854
0.745550339178
0.747673787491
0.799103190672
0.69974852967
0.593225230722
0.54610163445
0.616500866037
0.702789998193
0.629262535165
0.631919224433
0.599288462005
0.591788675456
0.629293620301
0.846814354211
0.674437604679
0.50970674704
0.675940373953
0.779197258923
0.812551695307
0.687203225967
0.659195460561
0.589318590627
0.62672220033
0.853779505251
0.729052571599
0.740667617185
0.685209932735
0.520833520113
0.521779032394
0.73244877226
0.709308704353
0.627676103894
0.893248636539
0.722328651753
0.740448931627
0.757413769672
0.643272792613
0.771911123951
0.524772684747
0.773995400491
0.727658814803
0.721337920016
0.386114063555
0.536956244814
0.749338838199
0.865726962275
0.770701817657
0.480120994664
0.756318627216
0.638524872694
0.62872882573
0.813017128851
0.635136383883
0.812267839663
0.855507030169
0.5150487798
0.708020727897
0.645781211652
0.792066840503
0.58590529971
0.637396647207
0.692316228892
0.614115886947
0.492155466177
0.833809911042
0.655518426595
0.559189059129
0.755290162287
0.609918845287
0.685782746731
0.809101603662
0.905009418147
0.935638474321
0.81462799609
0.613600048164
0.733602734765
0.771878907093
0.682712877531
0.768610205096
0.805547399142
0.828157252372
0.701704503913
0.900493676091
0.587232763289
0.774288127172
0.701024661707
0.710767786578
0.735530229979
0.630525109806
0.487354349802
0.663095176923
0.814186769469
0.97633238244
0.871410408813
0.800980098797
0.919134279308
0.736159620034
0.758239472401
1.0
0.717768148125
0.778715786682
0.700356512326
0.817410974242
0.800586016874
0.752867676317
0.638650007324
0.825
0.761660629792
0.759373785308
0.944003656659
0.738586649668
0.54798863448
0.555735242805
0.806682164362
0.77885394408
0.693097654414
0.726605873987
0.841141637631
0.664833539276
0.756930160275
0.681348116101
0.694625931097
0.399824963478
0.648730998507
0.81541181187
0.698887865653
0.759938368681
0.682782325657
0.569676836883
0.649425012751
0.701138342947
0.702050942047
0.856903795148
0.753609012407
0.838438570784
0.841240091396
0.767395601758
0.790378850173
0.850590235684
0.80007853004
0.750319543752
0.582449031127
0.486801106211
0.66121679134
0.688985150672
0.77184601684
0.687711240142
0.621891129733
0.66069532055
0.630737474739
0.68184562146
0.77574506531
0.852704664412
0.791873316643
0.75612200706
0.562856098758
0.660469815915
0.714092701424
0.775413412546
0.51237901464
0.731613828613
0.785233650886
0.785281632298
0.615470013937
0.961359235688
0.758305699133
0.893081118254
0.916704251414
0.69123368517
0.78711543197
0.810622039122
0.820443376252
0.805027576512
0.82437146902
0.658061898769
0.733748367201
0.838574041504
0.776613800496
0.812213510633
0.886627720434
0.849102862263
0.695753593726
0.840287360745
0.894477441848
0.848734065977
0.624038003311
0.870525010892
0.803982082659
0.628486239377
0.718457487083
0.749737219959
0.805046017739
0.813718526787
0.819083243557
0.831967345849
0.892753946154
0.772012384235
0.781174127249
0.9
0.663959337874
0.788167530559
0.712048470957
0.785637352973
0.847052930359
0.833609846106
0.680415482702
0.825
0.755438763092
0.608124296611
0.797972128969
0.741103504875
0.667929649686
0.511379450947
0.844602383637
0.717649532757
0.605039836298
0.753488509295
0.78573376539
0.904556120522
0.783164203139
0.566555833235
0.703925721385
0.659949177375
0.724647726559
0.783436847361
0.711561715725
0.820684776948
0.754529190612
0.559365587515
0.595956517156
0.775761617732
0.710160412113
0.806458654287
0.739420691166
0.783741929111
0.872377997072
0.840778930131
0.693433654824
0.808330695693
0.854223631553
0.727661697295
0.582449031127
0.521978318796
0.805270151396
0.743507807412
0.78510668221
0.717715254923
0.7318790465
0.758716066444
0.605810392277
0.734083449912
0.748616578431
0.872045863338
0.836163287519
0.705877913414
0.686640688306
0.668303358854
0.778740517723
0.648488317873
0.531180461691
0.719958499644
0.83900372
0.710719387739
0.523140937611
0.977674653496
0.834136107067
0.915695329269
0.916704251414
0.622388976515
0.744360830909
0.733243927837
0.704405726437
0.911475736467
0.915111273608
0.666119100127
0.726823677081
0.73775255099
0.727107726164
0.966666666667
0.885613060265
0.806218882424
0.857507997194
0.845307614618
0.774554989598
0.766537350717
0.559243206167
0.864846194345
0.783994273144
0.681747959223
0.72679811098
0.698436817202
0.813338031099
0.876331431157
0.849865504726
0.866226708581
0.925187665669
0.782085000507
0.737453730607
1.0
0.713549964351
0.781384048768
0.707130429396
0.817011822771
0.785091439993
0.703020840335
0.692711291116
0.808609409603
0.761660629792
0.738888888889
0.797972128969
0.663411710694
0.71023202579
0.579410903773
0.912237719917
0.718195934278
0.577592707441
0.764277275441
0.809185900711
0.664141436704
0.760721715242
0.631121572282
0.641025361843
0.473051737008
0.686240915221
0.883199606075
0.692733616077
0.731497101117
0.689666186652
0.578156421863
0.615099862156
0.718185117919
0.6727861914
0.867212858458
0.736878158927
0.806127627226
0.781026010711
0.758801054435
0.790378850173
0.835098570142
0.81838817536
0.775515013722
0.566665338027
0.50132280052
0.620005417315
0.695505732203
0.820903149063
0.757038412258
0.765012127091
0.720720990189
0.610457982512
0.665296501881
0.7684832599
0.852704664412
0.764723374358
0.717404828599
0.602632275935
0.558280503257
0.740525002693
0.693144451148
0.543578886656
0.734161578259
0.830496385778
0.817961019235
0.609354708333
0.977674653496
0.829929611683
0.838560669439
0.916704251414
0.61390264508
0.752945337646
0.829602122172
0.758787723787
0.854582234707
0.82940258104
0.678425422393
0.699285391298
0.782088943158
0.676484429592
0.855101913628
0.886752724592
0.849102862263
0.668281590223
0.865873545454
0.906460685021
0.750313852137
0.646883788566
0.870525010892
0.798773137451
0.681761010353
0.755772563784
0.904043301502
0.864451496916
0.758161584822
0.780341495365
0.82183048133
0.891907856102
0.795715037613
0.793128938254
1.0
0.662599235521
0.756103467818
0.738473882914
0.764647937586
0.748349775932
0.615109387398
0.674239077773
0.825
0.776969032505
0.8
0.842678946418
0.691358965596
0.707182433466
0.603190110371
0.812534482126
0.704612995645
0.551433706442
0.758935589269
0.701317778832
0.885929974335
0.760385678866
0.65162256029
0.703438154065
0.76369785918
0.687060156465
0.836650243691
0.679301399472
0.781328598217
0.667054550984
0.566891511244
0.750435113761
0.640851924366
0.685594338504
0.834380449735
0.760618150818
0.83114382186
0.854766529023
0.904285629429
0.7172853665
0.846358613368
0.814952975141
0.775515013722
0.566665338027
0.556962068522
0.889186235312
0.794005799931
0.758125744258
0.739064068095
0.679974854828
0.747818774957
0.533698793054
0.788475039292
0.830810975722
0.599888659912
0.654772998044
0.650144603546
0.599706382634
0.716316585057
0.810895125582
0.639957326625
0.533122062878
0.64818618028
0.721324010921
0.762042800989
0.533533200243
0.923399812325
0.892262723578
0.884280215569
0.829943166823
0.68295365335
0.814343202688
0.777179888476
0.838934364499
0.834479881345
0.837519473241
0.591621344056
0.691127405963
0.865162458938
0.669969204756
0.928571428571
0.916907108228
0.828378923314
0.821937457072
0.888593236022
0.884343948436
0.833091433755
0.637945738323
0.888619489379
0.821872885168
0.633080966307
0.761302496394
0.698436817202
0.868210176536
0.889551812715
0.819890186296
0.817162895527
0.871461818913
0.721956756541
0.736281972912
1.0
0.769781704176
0.734142016894
0.689764001771
0.852225598163
0.856843451883
0.835044785835
0.701467174608
0.837317276225
0.702789998193
0.791678392203
0.770944289947
0.798680649044
0.598080895477
0.673746984848
0.849139120381
0.643096533643
0.619720568777
0.740607022069
0.775163482812
0.660361567662
0.763266099878
0.611052386214
0.660244026501
0.490172032367
0.723108349104
0.920726850325
0.714139039504
0.800699990092
0.6798772008
0.552616014839
0.616487949271
0.704339861822
0.671243117841
0.814490468929
0.753830502498
0.891000251202
0.887695699595
0.896297204253
0.75633876239
0.812428318513
0.908297308245
0.893570569277
0.566665338027
0.504433780037
0.82288173596
0.739711944182
0.769013447222
0.737800500463
0.662334161669
0.751216964902
0.626838591148
0.694543165085
0.749762001433
0.960644127039
0.692619625919
0.717404828599
0.626130244674
0.62234692844
0.79278814329
0.755125333128
0.495613558788
0.739910337616
0.693662005287
0.817961019235
0.534180766057
0.953129376943
0.832650249675
0.955990593021
0.837627835251
0.68733544587
0.729875580164
0.727166121011
0.736659702728
0.741770078061
0.840784791033
0.649811809422
0.78403504457
0.782338820885
0.685940833602
0.979772465836
0.871332694525
0.828291932503
0.909262449075
0.784302021879
0.882141040919
0.89427766394
0.559212268417
0.849268964508
0.837026643438
0.618430019359
0.723941840053
0.698436817202
0.732559365086
0.774063635842
0.808592744337
0.812282018787
0.892753946154
0.761364802137
0.792526701007
0.872848611608
0.789502046868
0.725917201435
0.663984706679
0.796768749743
0.812956715061
0.808928303592
0.628418529781
0.825
0.761660629792
0.679178392203
0.944003656659
0.739432953198
0.6925109894
0.639003920445
0.623795459618
0.683611613529
0.678901521881
0.684126403416
0.683849519075
0.911579783902
0.652514988615
0.64053203771
0.583692220441
0.732531941962
0.775138848181
0.699671555533
0.725410506419
0.727872112404
0.681641579851
0.515472605065
0.722644990139
0.71285409268
0.711008429564
0.777410932569
0.656792477983
0.869356418867
0.933333333333
0.865105226504
0.656826941407
0.760207884108
0.761579061492
0.747750196929
0.760151705187
0.487508441541
0.606088604454
0.704813632169
0.779203736022
0.709572989785
0.787190428057
0.644455380441
0.598312563068
0.646824174131
0.685131155217
0.798530688423
0.892591319363
0.76849000414
0.588914767512
0.614476385307
0.676786386555
0.610189810924
0.527235353128
0.725541249323
0.655042892563
0.817961019235
0.629886762073
0.820809108956
0.767081159894
0.915695329269
0.731152430912
0.681949716426
0.767836103731
0.934335515976
0.685620328379
0.858640416545
0.794315143905
0.629156228849
0.683447673565
0.813688603487
0.627649935396
0.908921111779
0.852930026098
0.864873366223
0.840468441123
0.820633548047
0.650504508159
0.82195161968
0.54707171787
0.636030546607
0.856730350634
0.607112537739
0.643095806659
0.852381988389
0.755374352551
0.944839040971
0.775992228482
0.78526490123
0.891373481771
0.77486098184
0.74583413072
0.836424305804
0.698887881545
0.710337438656
0.706109073851
0.746363346532
0.873612609596
0.883768502714
0.727309859681
0.770216317276
0.702789998193
0.750085410848
0.869003656659
0.657734935537
0.62571271354
0.602310687169
0.762268552757
0.705264871403
0.568257630462
0.813275509525
0.796097267721
0.765720015125
0.758019573676
0.65162256029
0.656145372574
0.682491165922
0.660823957935
0.876967034743
0.699083390661
0.756063742484
0.658606169519
0.546804887441
0.754573100146
0.654820265017
0.697858513859
0.787692209475
0.802743454752
0.709363355554
0.672011965183
0.766644047705
0.56488897848
0.672042798466
0.709654436848
0.893570569277
0.472904784227
0.580316591359
0.620707315061
0.666370163107
0.758751001182
0.698273063081
0.577430021573
0.706465065198
0.608262309142
0.74726895337
0.766450752557
0.75559915923
0.862988551748
0.7431324918
0.639740574737
0.65311345481
0.658567915952
0.792754343718
0.437239600636
0.643767694652
0.838196103413
0.78869117794
0.526755093308
0.906679687891
0.825320278718
1.0
0.832449931344
0.707886073223
0.772613321531
0.773379500283
0.764232659819
0.779852742109
0.808273406293
0.577536029734
0.721095502599
0.721360200375
0.717920525815
0.918085974209
0.916907108228
0.839518794947
0.773729234069
0.896014914925
0.900919468399
0.732229752681
0.60234913916
0.839379910486
0.813113801592
0.515678826224
0.820637669153
0.749737219959
0.843081660301
0.850735402433
0.777709081733
0.836762760257
0.926008508864
0.759720401851
0.707402461443
0.9
0.651029121739
0.739201666342
0.716990712912
0.808814425717
0.883268703671
0.786816477811
0.743232478756
0.825
0.669993963125
0.8
0.83176972061
0.780835838246
0.702001168993
0.608788941147
0.78514320374
0.716535304931
0.52981089187
0.778049338485
0.849109363701
0.745777990983
0.780074548012
0.644649037009
0.69775792352
0.500102546112
0.697876415664
0.867228625687
0.676046964955
0.787512496317
0.637691993289
0.601218768817
0.599685120773
0.715577338732
0.679074460293
0.869056111253
0.78327864249
0.789359007302
0.763493362316
0.823029708475
0.741272361542
0.754115996804
0.818764593972
0.893570569277
0.721337920016
0.528337257984
0.805270151396
0.721067087543
0.77439722816
0.775522345382
0.692993693495
0.744042791905
0.51082993943
0.704625171171
0.8261065526
0.642931859807
0.704307903952
0.717404828599
0.620736017211
0.656164425409
0.758668391908
0.683492639848
0.542710416397
0.733566468537
0.796034243053
0.817961019235
0.590821055829
0.977674653496
0.892262723578
0.792886767505
0.862952832087
0.68733544587
0.758365067222
0.764478881288
0.77904634834
0.863977180306
0.858273368225
0.582165348959
0.743906271139
0.827815533227
0.658782279773
0.966666666667
0.879727244217
0.798273320453
0.851604186143
0.826494174045
0.932080283193
0.874650392715
0.559243206167
0.789846194345
0.828669191782
0.657444312637
0.723941840053
0.582012080507
0.746795261272
0.783112009666
0.703484980946
0.713331890105
0.882402635666
0.727580330121
0.782352431831
0.859275645579
0.535856620162
0.694098489215
0.711029171023
0.78660317649
0.488732596286
0.786816477811
0.635939438219
0.640980342058
0.611123331527
0.790624447867
0.66706745264
0.643938260055
0.59675395696
0.682558810077
0.779906557107
0.702009851275
0.508010603017
0.607386002902
0.769614521936
0.853442550958
0.681774005228
0.616326056553
0.629947017137
0.52959434059
0.745457031293
0.687284153695
0.731435310012
0.716906880128
0.601266232696
0.443643702317
0.612791474024
0.779378927702
0.535629615056
0.773173099516
0.717140829531
0.633814426931
0.65396378802
0.715008379632
0.771911123951
0.598791109662
0.828938235124
0.888888888889
0.717820237033
0.325517143875
0.668512404456
0.575432560438
0.775908245368
0.694430523892
0.559810538632
0.662313546656
0.588525089351
0.624891180013
0.741396374668
0.788120379702
0.63496135632
0.779760974341
0.639470079
0.669953989568
0.639589861148
0.657049712138
0.553909070475
0.637080716483
0.708113105391
0.604336442322
0.59136402265
0.892467880092
0.652334101223
0.611026613837
0.762771018715
0.692785561571
0.667831197835
0.808167319528
0.762942363286
0.75464763246
0.933884248152
0.675911925219
0.763535191247
0.637998598325
0.677422365044
1.0
0.916907108228
0.848186941294
0.705620040364
0.899587890298
0.541638570893
0.848734065977
0.6342600051
0.890551304776
0.750697897067
0.539466575787
0.623823879601
