0.749737219959
0.734951453616
0.771466659823
0.029166788198
0.70002515026
0.146702530669
0.697216848508
0.680978082176
1.0
0.15264614677
0.679518985443
0.816990074448
0.836556704223
0.820184659318
0.838964928323
0.0972877109023
0.1
0.178666492619
0.666666666667
0.110822782658
0.16298662744
0.534963427245
0.565969364816
0.268285520404
0.775321507529
0.645430996354
0.816527419221
0.752336840504
0.15115044635
0.0276527574646
0.622486710376
0.694543686326
0.491178389775
0.70292846997
0.724303649323
0.0744410932597
0.126323056054
0.632037102744
0.14054760374
0.100029557805
0.778622536072
0.74511249382
0.0768590981717
0.755439252744
0.901234233456
1.0
0.0950765343354
0.520990714161
0.128889538871
0.950138926758
0.830163773712
0.654228020871
0.0825576323558
0.0697363850836
0.680192552419
0.799854144051
0.0918438976785
0.764359226592
0.143294908426
0.124732697103
0.838495460736
0.766966674454
0.757662673723
0.14544015769
0.100627682488
0.568557277503
0.683878453499
0.893404617149
0.718592235902
0.49647098527
0.0150671003988
0.632533912372
0.839850059479
0.0666666666667
0.041893727374
0.0243148661877
0.955990593021
0.795083549736
0.0889254842258
0.778153704851
0.765654477039
0.7726685821
0.0210681039236
0.861368725702
0.664245753636
0.068111415674
0.101147286208
0.097632691859
0.142857142857
0.158956349857
0.032425385269
0.686053210753
0.771996492345
0.147486272214
0.213635712404
0.695915358674
0.816259619227
0.750195905871
0.557437298693
0.844521448806
0.698436817202
0.906337335242
0.813864995921
0.836382378745
0.0555555555556
0.869717353317
0.720750732796
0.689133692607
0.8
0.205489745756
0.665097413124
0.873477685804
0.785302543343
0.745991797526
0.797642824505
0.106077503592
0.91070248935
0.33720689997
0.8
0.181581660917
0.133944550959
0.14322179121
0.56034158302
0.182603244687
0.750376641915
0.747676929428
0.945214313235
0.78443255363
0.656948637791
0.78958652754
0.721257603422
0.74512911766
0.480614174336
0.664691730239
0.681346423642
0.712337095939
0.0284296782291
0.0640973723015
0.113446869817
0.198588230378
0.739160370524
0.0572775279525
0.744534771307
0.800591780752
0.807225455453
0.824619091943
0.665207577835
0.629830119863
0.806435127692
0.958441662771
0.792418524523
0.741484899045
0.151178920688
0.762815118996
0.69062070369
0.785714285714
0.0958939328316
0.719094963549
0.724286106838
0.128577469368
0.693787222983
0.86173114084
0.100200518851
0.166666666667
0.0939070251769
0.0990792458201
0.671718396722
0.885935632088
0.132513959521
0.549603271246
0.0856303236514
0.729307327889
0.734381883068
0.633520646572
0.980812891024
0.105263157895
0.825319745475
0.0705668214253
0.728311205775
0.658146441323
0.168985975689
0.736531502289
0.185093018059
0.84845202526
0.699016825654
0.0897230279381
0.755232480763
0.614928828763
0.142857142857
0.024574403984
0.10130574885
0.831283017538
0.094456491559
0.801242366014
0.0195217724999
0.0686120092105
0.893349401496
0.699043246074
0.615806498359
0.80357920847
0.742434213614
0.722316024277
0.817596783557
0.858109404698
0.836195308828
0.788885137267
0.697672235158
0.779666527578
1.0
0.0698920018572
0.745459029153
0.779326390728
0.809592969958
0.679525705673
0.602384517629
0.0506338007021
0.62951103432
0.178666492619
0.654459893344
0.266594215556
0.107404852715
0.586375826156
0.314301363386
0.145390707521
0.739041020735
0.0507697575792
0.76669335756
0.820040399426
0.156430449668
0.722339613598
0.71591739234
0.641767151976
0.0963295766464
0.856823973336
0.743361346668
0.0932166364382
0.643691451405
0.532230848863
0.0939242276968
0.710605773645
0.165245196026
0.641258530992
0.0340072473235
0.749848277257
0.823346016374
0.738045981051
0.671381499728
0.0
0.558602585487
0.909405650893
0.823848916269
0.818889370853
0.370173518646
0.531007832715
0.798012940826
0.850890415828
0.751218361438
0.590632863948
0.772422038281
0.0
0.67902254818
0.806020061453
0.653096389334
0.899747873139
0.140840540728
0.1294774391
0.716744735651
0.618655120963
0.789352452797
0.606279301682
0.103796442135
0.727246676602
0.654839964851
0.12738708822
0.894075586285
0.0243148661877
0.565638428799
0.200171395656
0.101521920339
0.698108021319
0.75
0.982516482123
0.285714285714
0.857042294602
0.575863534246
0.0769230769231
0.752556513954
0.641840372129
0.140360645044
0.791563362654
0.0
0.353923424582
0.176470588235
0.597449668891
0.714644944148
0.762296399597
0.91238710431
0.735578758897
0.658089981431
0.530896763164
0.508085839381
0.863825729352
0.236143595736
0.0658441074496
0.796189835894
0.0444242655514
0.719435040297
0.711227703167
1.0
0.125
0.775634093736
0.700936972186
0.829063636004
0.82020928591
0.738858327931
0.155034890725
0.1
0.33720689997
0.759373785308
0.0877529768739
0.712753511065
0.558775450841
0.0328961579762
0.389134007219
0.821183568031
0.796110367388
0.859862669118
0.887874327192
0.643917115662
0.719881808607
0.658404212567
0.700896017299
0.139751037247
0.648146735595
0.046338001027
0.703073322873
0.700487639655
0.079412579026
0.124611396266
0.423457458467
0.0404117474456
0.735706024735
0.134289151362
0.769090717468
0.857723437795
0.875436785509
0.792248261203
0.0
0.850074190598
0.897542868386
0.808365525424
0.702546866621
0.42690583828
0.0806849387357
0.0383868885184
0.735604216935
0.0998464461437
0.649698944703
0.670774514804
0.0
0.686819012472
0.78723055142
0.9
0.0833333333333
0.0844182492504
0.51609158449
0.639213374787
0.759923782574
0.806429949048
0.551789879433
0.0651061732259
0.828597447823
0.799325871119
0.10789516744
0.961359235688
0.0862494420035
0.906973273844
0.978832502707
0.243872951719
0.0554173883638
0.864663508397
0.837473948207
0.830345940492
0.879939520967
0.6543173284
0.0584359441579
0.816480027828
0.744601067412
0.0188206412767
0.846153846154
0.030112105198
0.693614423761
0.0800208245382
0.944387646092
0.811435413651
0.0884251835018
0.906564364667
0.786503229413
0.618699820537
0.757163781717
0.749737219959
0.840067394705
0.807850194256
0.157894736842
0.812329454766
0.908144146418
0.827038300685
0.757175518
1.0
0.152133832537
0.101291140009
0.758399978429
0.809026834731
0.836007921436
0.852384517629
0.0764497670253
0.133001732073
0.735777492802
0.663134470524
0.167419622283
0.21690734675
0.0624544426356
0.511879284465
0.182549310185
0.811772108219
0.633153107394
0.875060148066
0.0272345301346
0.917475741748
0.787365127416
0.649069480032
0.814966038156
0.161900274911
0.755677020021
0.820917207449
0.707218817904
0.837665917219
0.777396541487
0.136382469495
0.350468683257
0.776600509815
0.764704099809
0.787503523097
0.695444915921
0.794406181206
0.902459996971
0.086985308974
0.673141216877
0.821294330003
0.950138926758
0.0339141417211
0.702546866621
0.0843989667468
0.209091247544
0.804583537421
0.733333333333
0.0476280227617
0.694620117405
0.779206235632
0.0452441360349
0.725864205825
0.796671646134
0.857240601469
0.108377708593
0.209241166653
0.12665637628
0.651904204573
0.833904545834
0.62769184594
0.554044725402
0.161480485725
0.840881779143
0.762839665868
0.0538528521868
0.982012085335
0.129578024082
0.95232314244
0.978832502707
0.694563250987
0.737122978558
0.125
0.789365129686
0.857142857143
0.96315968111
0.690052412603
0.0136051250587
0.764956816164
0.748275407157
0.142857142857
0.253408891369
0.141406630703
0.843814291123
0.0588235294118
0.832255125189
0.791379506607
0.0710558508317
0.906564364667
0.819433651443
0.681201384663
0.783937129317
0.698436817202
0.862882686719
0.929717215315
0.105263157895
0.852998973174
0.973011585448
0.818676189967
0.755718534255
1.0
0.134437576281
0.741994014229
0.735491596376
0.820998113495
0.812580481641
0.696148279782
0.132585713753
0.177812727899
0.33720689997
0.777777777778
0.276243263275
0.190918944595
0.264643260243
0.607210800611
0.231939194977
0.76390277733
0.691510303355
0.917866981358
0.850319870619
0.0453193385573
0.78404922379
0.763332091684
0.706124057214
0.182690932171
0.762673182793
0.924224586951
0.672827582777
0.700527524209
0.648272219704
0.567070368227
0.147779702303
0.747416116842
0.706618402388
0.8362887104
0.71415566622
0.803751354788
0.799078107389
0.807756874143
0.0
0.243796712556
0.909556404952
0.830571933959
0.658643096705
0.508495696354
0.616233778792
0.670306245908
0.846153846154
0.0
0.765684736569
0.727348901718
0.570255222177
0.702897310222
0.767742832223
0.9
0.105758879762
0.712333723024
0.107241258506
0.557027985551
0.788734275529
0.716008608301
0.578546516926
0.0906719418414
0.889689797654
0.839850059479
0.591285936801
0.982012085335
0.0769464451351
0.230769230769
0.978832502707
0.111111111111
0.0983682859794
0.807363338211
0.79660875813
0.874545325165
0.819447627299
0.726524840127
0.0260597661147
0.159279271539
0.69082052169
0.835711569613
0.846153846154
0.030112105198
0.65194441043
0.133136541604
0.876585381161
0.701460505382
0.107325521915
0.906564364667
0.765678730642
0.699521784933
0.806460953839
0.904043301502
0.85989445898
0.824903742744
0.123943676759
0.161891271468
0.920679077267
0.768313163403
0.806661066969
1.0
0.0710521694745
0.0403375827798
0.737050993739
0.750469838353
0.0818950919741
0.0769230769231
0.109230719348
0.1
0.0745475351334
0.8
0.0539505208672
0.203035973793
0.0527703017724
0.119326437146
0.222222222222
0.668932900511
0.625451057036
0.862354822069
0.160762591551
0.0730625142426
0.785012544409
0.656470893582
0.733129446678
0.725762776273
0.763389725307
0.838421045392
0.0259921907753
0.0537733128104
0.646894306827
0.0843792335217
0.49273572235
0.0625
0.695189524379
0.198281739527
0.716642375573
0.912582094478
0.877368702217
0.929355726123
0.784117044621
0.807498571616
0.827335423058
0.830571933959
0.658643096705
0.026547405569
0.181818181818
0.790183969946
0.182390087366
0.142857142857
0.670082792794
0.772526355336
0.0413993637695
0.822802921195
0.837101459924
0.0746160199873
0.220218015877
0.0844182492504
0.17468562622
0.728997107527
0.833904545834
0.0244904752689
0.125390817228
0.649488425657
0.814729547603
0.825290973977
0.135147180074
0.888776213211
0.148142211958
0.202967847056
0.108016647437
0.23515712875
0.0165209425199
0.118694799556
0.87569959891
0.864894965563
0.906196250363
0.612276158
0.0252841869786
0.0301429420715
0.648791123252
0.928571428571
0.153846153846
0.0190219053357
0.804154638875
0.0782363129842
0.106170100079
0.0675841717237
0.0592251791754
0.913751721231
0.805406718856
0.602411042234
0.80357920847
0.698436817202
0.866122565889
0.870148794414
0.827367021134
0.814822496253
0.0817682655363
0.724541383279
0.732860399293
1.0
0.170208461218
0.76358987271
0.728949613452
0.836137098826
0.823529411765
0.835044785835
0.0534608455057
0.2
0.164535239839
0.830242661708
0.0832501737126
0.229566008283
0.100407830776
0.658596923221
0.879872019029
0.637883397061
0.107914130682
0.829091553778
0.774420282128
0.142460241527
0.775666730336
0.711770171513
0.680727867897
0.481705577977
0.746672096772
0.952380952381
0.684457209937
0.0938475763201
0.110160050188
0.137414747007
0.0524433214133
0.124851900216
0.667508349092
0.823555995733
0.770935378163
0.884498696098
0.902459996971
0.897243880739
0.0
0.795130970134
1.0
0.917418524523
0.658643096705
0.504433780037
0.842442712941
0.783838416002
0.133333333333
0.0219695384893
0.647964922118
0.719408853959
0.570255222177
0.736075787891
0.757761027374
0.923076923077
0.109642651244
0.712333723024
0.186691449167
0.625529990833
0.795054364353
0.119661378427
0.521009377467
0.0286272829897
0.68212199828
0.839850059479
0.546608828084
0.982012085335
0.0204863404838
0.955990593021
0.119294086913
0.111111111111
0.721378154148
0.758102934238
0.787332910044
0.723754603493
0.943470379086
0.672805888676
0.125913914788
0.141141753393
0.695131517267
0.142857142857
0.135656205531
0.122087555724
0.970422153664
0.176470588235
0.091999368295
0.0862574134665
0.600220432291
0.836828644308
0.812891075824
0.659159894168
0.7631051641
0.698436817202
0.719043364295
0.757163673856
0.816315958833
0.111598303952
0.908144146418
0.778286663431
0.0344827591968
0.872848611608
0.089944144377
0.688145146437
0.670615890602
0.821533738465
0.825075116198
0.173354408782
0.0655438263563
0.1
0.147108066094
0.705242661708
0.0877529768739
0.762892739609
0.174698571056
0.1112576762
0.32508002333
0.730338243186
0.723376338076
0.714759745756
0.178850720937
0.14879849441
0.661770282546
0.648562205235
0.663407666091
0.169617764455
0.811123352736
0.0821036113363
0.0612978965149
0.0333061140288
0.687944497956
0.162912783556
0.198357195246
0.25596403426
0.721857271318
0.832605481516
0.688716692466
0.928143164603
0.933333333333
0.873125584664
0.242405882225
0.752834683215
0.883404941178
0.801173892649
0.927747879613
0.151178920688
0.0298227548643
0.712026104643
0.775157908516
0.0197286261709
0.784561248571
0.669011144347
0.0380539671216
0.736356796769
0.0538779920108
0.0
0.913718910129
0.773645953721
0.0804133971956
0.594992184567
0.0353247508059
0.605000964412
0.556236501516
0.0572044302769
0.644212045794
0.839850059479
0.617589060499
0.0802495916494
0.842330077306
0.95232314244
0.0876330030823
0.243872951719
0.115669538673
0.416361222019
0.732766300655
0.290643281305
0.825273182905
0.148367885795
0.0480829347591
0.801794123735
0.632145182924
0.022051050231
0.0465794039364
0.202480107081
0.879513062755
0.091419750875
0.649011329189
0.136642992191
0.565139718607
0.662175200112
0.926858609729
0.677347229307
0.676841647851
0.0
0.762918675595
0.936734046017
0.205143699141
0.131186631985
0.0919969048935
0.796995080879
0.7398117788
0.8
0.233739404675
0.118492382264
0.685414297146
0.0673013878996
0.863030505691
0.153846153846
0.174514289272
0.2
0.164535239839
0.740797036388
0.0823083895874
0.127504985998
0.675035370499
0.0184378624594
0.394582142035
0.686715311092
0.603578332664
0.921641143029
0.03134213946
0.412338445017
0.118976632973
0.669523264318
0.663419411774
0.144231605618
0.684783884349
0.136336063145
0.0134788077475
0.0406658805138
0.0906199572527
0.203551586146
0.261177028451
0.0947390103649
0.72080659813
0.7785301157
0.796002289227
0.7337242951
0.651679960391
0.779878467045
0.552358249521
0.0548560461794
0.73523080191
0.917418524523
0.141621869672
0.174165250898
0.0756273018206
0.135630134643
0.217226667866
0.0969366564427
0.0842075907622
0.190087534061
0.199427883939
0.789712803878
0.0238923868702
0.122692582699
0.279577488201
0.183268727302
0.114060162211
0.072469885236
0.641156587835
0.0234623349867
0.468551787777
0.166317370558
0.843702246268
0.77016898934
0.152656320096
0.0588235294118
0.828530860593
1.0
0.0487507552157
0.139855819428
0.102352139859
0.0439859756893
0.099886375719
0.0872955492379
0.790765958194
0.599029019215
0.0726161739135
0.17774507713
0.099999050657
0.0930785449511
0.153846153846
0.176994026263
0.763101975292
0.0800208245382
0.872247749091
0.0526315789474
0.0694748531742
0.836828644308
0.812819494386
0.519655733208
0.836502684608
0.749737219959
0.871835980567
0.86172623747
0.201061412816
0.834982357117
0.955879751085
0.788974301871
0.0728082938203
1.0
0.0987050164005
0.0150007873059
0.759668408992
0.828773690138
0.875
0.786816477811
0.0653609705187
0.1
0.182913936728
0.8
0.137283854201
0.133333333333
0.0460130018215
0.568314036531
0.147779702303
0.714556935605
0.558796250493
0.823193497435
0.85261302472
0.111111111111
0.805211936371
0.611069217994
0.746346838245
0.541918775224
0.731770455406
0.864678150156
0.0831646006219
0.0657217183075
0.607105488745
0.111380623294
0.0
0.746461067994
0.661447697795
0.84406540851
0.860181267632
0.834126490267
0.780610950567
0.830716864251
0.720979923594
0.707267867754
0.909556404952
0.917418524523
0.818889370853
0.563636384383
0.117518559925
0.730596609946
0.771243743241
0.0911571975995
0.70604166357
0.761426630235
0.0833333333333
0.740982253255
0.0445735426361
0.0893173792475
0.203447633801
0.712333723024
0.111988431465
0.624305605856
0.764232049958
0.134188749792
0.58604425474
0.0835636668456
0.873073910355
0.839850059479
0.120229513009
0.982012085335
0.110155097795
0.17480491189
0.0858503440088
0.149597780555
0.717469342228
0.0742172316356
0.814335564847
0.148474237688
0.947818811464
0.620470966061
0.0514942917901
0.77280050537
0.141610375734
0.142857142857
0.277846574359
0.0156914668946
0.129510764364
0.0
0.906499687609
0.0635441548082
0.0526315789474
0.823231031334
0.805406718856
0.611087686923
0.7631051641
0.333333333333
0.764248597606
0.0909090909091
0.752331430686
0.695749524619
0.908083945624
0.0384961636664
0.790121149121
0.2
0.202248478943
0.0684982620695
0.72962418106
0.0670035927784
0.472335715032
0.786816477811
0.130336572738
0.098379947526
0.0921202127929
0.1
0.0772254936978
0.0361953088279
0.0623325054031
0.0670824899316
0.111111111111
0.734988867161
0.0219339167533
0.709566164563
0.819138641497
0.815533992665
0.703525685557
0.708511599619
0.604930730264
0.0602292218989
0.785339385161
0.0633925062218
0.681325114395
0.698098626227
0.102227882951
0.0882464338708
0.310360667295
0.0404397127209
0.575464902936
0.815657590489
0.733552721779
0.657681645209
0.192098682194
0.74033639502
0.263046348234
0.58871544618
0.905480194693
0.888888888889
0.817775170249
0.0909090909091
0.700346328478
0.136905210181
0.112139683338
0.120882455758
0.559272336694
0.707026661447
0.0
0.627555091231
0.7424383631
0.733552721779
0.674451255462
0.0828712792052
0.132260684887
0.061607974935
0.60312502095
0.0437864078918
0.0630441408905
0.0244521663272
0.696755868419
0.642210473852
0.577033210642
0.0755911237654
0.0769464451351
0.595808124006
0.0747262572535
0.724397257753
0.058586230802
0.181397488282
0.767014642124
0.710902216254
0.967043002772
0.691463385959
0.0803998158867
0.0901836787178
0.0885513558244
1.0
0.153846153846
0.145166930728
0.254381725136
0.0156135400593
0.482566005447
0.826512612961
0.662580657361
0.879648353842
0.771118456452
0.486966102468
0.733148650708
