0.780173160436
0.760731164607
0.784797935332
0.0999250555352
0.717124520806
0.176402656126
0.729096113455
0.690142096012
1.0
0.189939326679
0.707151123786
0.827142382884
0.83836197918
0.827705115697
0.858490239947
0.170443619327
0.188598821634
0.23651021183
0.666666666667
0.190240941054
0.253060027941
0.586792906618
0.59176603137
0.239383210791
0.801592941698
0.681022137695
0.827470651988
0.776905376896
0.138024221015
0.0999303060579
0.66104868627
0.723338291238
0.569504070018
0.729576887681
0.739229620786
0.171675840529
0.140511582405
0.649624665299
0.1685875761
0.149505297206
0.789512390307
0.763770404299
0.0933422041959
0.773588899231
0.906548771477
1.0
0.110482824677
0.563658302298
0.0982952714927
0.950138926758
0.830163773712
0.680531275387
0.0664528735546
0.0899391607593
0.693342832987
0.828715229245
0.130500318941
0.773008134314
0.199492905373
0.170841737458
0.859688918405
0.769253463606
0.757662673723
0.132336260981
0.159176184973
0.592563449176
0.700333273924
0.893404617149
0.748511890417
0.524740218557
0.0739520525008
0.666602505656
0.839850059479
0.114428670225
0.0284579986996
0.109492750388
0.955990593021
0.812729804955
0.183228947454
0.796492575624
0.765654477039
0.798750350007
0.139871183228
0.861368725702
0.665613610313
0.0923703179026
0.12552802535
0.14069425608
0.172393820641
0.253792101998
0.129410162551
0.703945237413
0.779611129626
0.215751830463
0.205938890435
0.725265486896
0.816259619227
0.75537763322
0.592825050277
0.863174543555
0.728872757679
0.906337335242
0.813864995921
0.847527186434
0.0854330051127
0.869717353317
0.736868103682
0.722630549293
0.846929712583
0.41918245116
0.680190764221
0.881635114631
0.794684182669
0.779902198907
0.797642824505
0.126647345532
0.91070248935
0.214671091765
0.8
0.238324526011
0.0935783168913
0.0634962949989
0.583822635254
0.229930619257
0.773996957596
0.762288211223
0.945214313235
0.801597421497
0.672626743353
0.816286966276
0.750322750636
0.761396334511
0.550237001219
0.671145051462
0.700385031475
0.739654008888
0.0776334473812
0.107914635332
0.172217578807
0.256564952877
0.749820431888
0.127315910242
0.759303187434
0.815150017502
0.833683876636
0.843670736454
0.698822968976
0.65264315299
0.825582524868
0.958441662771
0.807635194674
0.767788153561
0.204765915986
0.762815118996
0.711169723438
0.812494250816
0.104245124282
0.726961301376
0.732366352246
0.141141875633
0.711099612886
0.867495931717
0.150155302681
0.198041648121
0.17633788437
0.140998084616
0.680034147137
0.885935632088
0.166198611701
0.560244128631
0.125874502292
0.760614520185
0.750970730141
0.68129741483
0.980812891024
0.224654087854
0.850270497558
0.0997512853674
0.728311205775
0.681674832839
0.168985975689
0.769666078638
0.283795537714
0.849679238325
0.699016825654
0.12553853497
0.77139664955
0.639763595457
0.199210158501
0.0618457062831
0.123715968066
0.849956592987
0.0921810668956
0.81078517755
0.112136284746
0.136525896773
0.893349401496
0.71986427596
0.63579894297
0.819545460116
0.286036254127
0.738416531369
0.817596783557
0.858109404698
0.864280496939
0.83108727213
0.713531139353
0.779666527578
1.0
0.0652184669701
0.75392930617
0.79816260963
0.809592969958
0.687694939509
0.64962013768
0.0772663888606
0.665595422565
0.270286468752
0.673555035796
0.280842627467
0.20103918203
0.607844305727
0.260790693723
0.145390707521
0.75820374291
0.0553392623251
0.77852143485
0.820040399426
0.250171893219
0.75235703028
0.73176505789
0.668330506514
0.117200105664
0.867469160244
0.777361048365
0.159666419891
0.669938196305
0.57720727514
0.165523606428
0.729079263014
0.221368560322
0.652708318483
0.0826644849448
0.784143514756
0.837383036742
0.738045981051
0.687006803113
0.0752475391143
0.6036216808
0.909405650893
0.823848916269
0.818889370853
0.438707282426
0.562200955476
0.798012940826
0.861468112765
0.755587574603
0.612837170608
0.781165851163
0.216554943195
0.687038250066
0.81846377489
0.653096389334
0.899747873139
0.168595864134
0.193180950305
0.748741492093
0.658432931873
0.817572123114
0.616390513863
0.139562385651
0.727246676602
0.654839964851
0.211697337505
0.894075586285
0.105375740163
0.565638428799
0.238464438316
0.17629508222
0.723337084908
0.778831583816
0.982516482123
0.141450728897
0.857042294602
0.612596134022
0.145199734043
0.759763681945
0.667152832299
0.192111667339
0.825938730832
0.094715380942
0.363768076382
0.15842260953
0.615269619066
0.741486778661
0.772603688661
0.91238710431
0.757997317442
0.678574019897
0.553529428355
0.544250102521
0.873260080249
0.213598591384
0.0990278035388
0.805383948355
0.109100345569
0.749651205366
0.743092548663
1.0
0.142516267333
0.776975891071
0.728239938529
0.829063636004
0.8299288233
0.753718494904
0.204425787898
0.188598821634
0.214671091765
0.759373785308
0.149815829798
0.748859503006
0.580708015456
0.0749237167532
0.389134007219
0.829467330926
0.806588306079
0.878349009269
0.887874327192
0.643917115662
0.746704898782
0.696882105779
0.720645272019
0.23688327857
0.677019619375
0.156550765303
0.729510449427
0.728522159821
0.111109244789
0.138464474922
0.372542922454
0.0722114011278
0.755866781477
0.133222463443
0.802530957268
0.877307585855
0.88915159781
0.815167911604
0.0752475391143
0.861464200907
0.897542868386
0.808365525424
0.702546866621
0.509561073296
0.118304275567
0.139572534298
0.778542985264
0.201144977302
0.674693037783
0.679518327686
0.0469354514777
0.722319596465
0.799683213389
0.9
0.152350655632
0.140986606708
0.552592553575
0.662196173978
0.775338619709
0.806429949048
0.558638785274
0.115744908926
0.828597447823
0.799325871119
0.13889772199
0.961359235688
0.108998457139
0.906973273844
0.978832502707
0.348513612052
0.0484628627898
0.864663508397
0.856183451954
0.842177242486
0.879939520967
0.667361747755
0.106368444466
0.820412657295
0.761390826226
0.0707034713381
0.846153846154
0.116644376332
0.693614423761
0.188637104766
0.944387646092
0.836406111255
0.130490067315
0.906564364667
0.803594816179
0.638065445861
0.773130033362
0.780173160436
0.848946783785
0.807850194256
0.134683741065
0.812329454766
0.921516118322
0.841385235716
0.777545590648
1.0
0.131144495399
0.162596682792
0.777852006159
0.821700321074
0.859160281221
0.867793350104
0.189651982926
0.183955611184
0.749242454628
0.703753774179
0.21351866154
0.134016830314
0.0617911506141
0.550516534096
0.221737469737
0.822485364849
0.668187799714
0.875060148066
0.0846790313699
0.917475741748
0.809587037881
0.685694805037
0.814966038156
0.154159239178
0.765726605564
0.831618730493
0.717755409879
0.84216084412
0.784278612875
0.187794861911
0.416380828665
0.776600509815
0.780372577045
0.798089062915
0.728363276147
0.821415429153
0.902459996971
0.101045938482
0.6747332397
0.844466982594
0.950138926758
0.0703199092942
0.702546866621
0.163577357835
0.263975849504
0.816857132618
0.781338196141
0.215444239429
0.716257498928
0.785235795495
0.0274444481536
0.77268050698
0.796671646134
0.857240601469
0.126737023062
0.171281368334
0.204638931562
0.664863596351
0.850188387401
0.653094902594
0.599840436421
0.138074494891
0.853857222171
0.762839665868
0.140625789414
0.982012085335
0.146167733627
0.95232314244
0.978832502707
0.694563250987
0.754606952335
0.0175125767139
0.799077688997
0.857142857143
0.96315968111
0.699478611101
0.0487248470459
0.775921831816
0.763718715508
0.146805384502
0.216989972451
0.156609173545
0.862077909829
0.131368347891
0.832255125189
0.806350410184
0.115148668224
0.906564364667
0.832273363836
0.702855311853
0.803543156693
0.728872757679
0.872317037616
0.929717215315
0.137446813624
0.862730946797
0.973011585448
0.824968076586
0.771637872907
1.0
0.150832999965
0.750079278654
0.753983778158
0.827294111078
0.843446606435
0.723234357704
0.219804498822
0.226321002515
0.214671091765
0.792397109553
0.202759906268
0.237937953414
0.160588936828
0.627213098007
0.25199034918
0.78407294187
0.701988242047
0.917866981358
0.86079444528
0.130135749556
0.795580515326
0.788262475566
0.721041236835
0.248818636681
0.762673182793
0.924224586951
0.684674093313
0.720503774602
0.663865218508
0.600056828181
0.208843654697
0.759599044116
0.728778362591
0.850662891811
0.761084872623
0.82998145667
0.810974814376
0.832875838534
0.0752475391143
0.238072359131
0.909556404952
0.830571933959
0.658643096705
0.556012521255
0.649050566731
0.702292437828
0.874993808571
0.0389010155446
0.77404272051
0.735695268559
0.607337343742
0.725472544189
0.772949740112
0.9
0.23443021691
0.740449349516
0.17126312095
0.581723958035
0.804149112665
0.756498093595
0.6087174136
0.116740199463
0.889689797654
0.839850059479
0.635877587175
0.982012085335
0.173846965121
0.256892528507
0.978832502707
0.218704544306
0.170750746867
0.823433161419
0.814107915194
0.874545325165
0.833732635647
0.728624685333
0.112765483055
0.231452746562
0.704703322897
0.845569296393
0.864258185034
0.116644376332
0.678050121293
0.188474986948
0.893506682118
0.747100351108
0.174374013028
0.906564364667
0.781906952609
0.713825311309
0.822989463893
0.904043301502
0.85989445898
0.824903742744
0.14984866588
0.177316314774
0.920679077267
0.79220486098
0.814513485815
1.0
0.12657572163
0.131999574612
0.760937492164
0.75587605289
0.094111234425
0.111725690199
0.163898792206
0.188598821634
0.229921373719
0.8
0.122842605653
0.17489488275
0.136701953497
0.105407166403
0.162006809807
0.690651863023
0.637292788686
0.873829761423
0.118317935062
0.230156619558
0.800082003709
0.681804121342
0.756134095972
0.745412254232
0.763389725307
0.853801992748
0.0876160634769
0.0804511266646
0.679930254348
0.158877304206
0.364313700043
0.194302088647
0.718623307749
0.162861064344
0.752628974659
0.923549517098
0.889265409204
0.934948938668
0.784117044621
0.835613667008
0.835368395901
0.830571933959
0.658643096705
0.118470215174
0.253960264122
0.801013612767
0.134299871548
0.235093206715
0.705794512918
0.781010613015
0.0293624244968
0.862637613842
0.842481931409
0.101930518781
0.245223244076
0.123197658358
0.172752080494
0.761722047863
0.833904545834
0.183266319358
0.16122257586
0.677487232041
0.831156049738
0.825290973977
0.183600636929
0.888776213211
0.0754731036089
0.154442028607
0.150374763002
0.319760424027
0.0469497220602
0.118694799556
0.886396258698
0.864894965563
0.906196250363
0.630087122802
0.065712852589
0.0677684688416
0.671235793479
0.939326575804
0.177797313667
0.131171770714
0.821391785443
0.233358781508
0.188047818718
0.142948705753
0.12083920412
0.913751721231
0.816477308804
0.638040632006
0.819545460116
0.728872757679
0.879436887809
0.870148794414
0.833684262985
0.824102899294
0.0804637674075
0.740743101258
0.736909715038
1.0
0.320171148672
0.76358987271
0.745373060194
0.841905473976
0.85320767105
0.851566203364
0.0863162944291
0.248442300975
0.199593229584
0.856948987845
0.13064549866
0.222253951593
0.0480255929495
0.668034618262
0.879872019029
0.668494693764
0.116297153456
0.829356680548
0.791428623407
0.0844798484352
0.786190461973
0.734924860166
0.709662106449
0.501355055936
0.753172814697
0.961571407772
0.696400662027
0.156374631355
0.202855784248
0.173914972975
0.194365580634
0.0997384531693
0.688548592532
0.834764214364
0.798311496641
0.900334769706
0.92015080973
0.905472914591
0.120674506246
0.806520980444
1.0
0.917418524523
0.658643096705
0.54142591543
0.842442712941
0.796112011199
0.194794823683
0.126234798115
0.668240507451
0.730106304965
0.62292474512
0.75627468144
0.764076620245
0.923076923077
0.0728266481145
0.738016498093
0.171836547918
0.645577666654
0.795054364353
0.179090646055
0.550505901248
0.0957948281289
0.704231544574
0.839850059479
0.604394946068
0.982012085335
0.144406320098
0.955990593021
0.161886868504
0.202621107198
0.735532514008
0.758102934238
0.804239920659
0.741402204066
0.943470379086
0.680516522513
0.0643576703795
0.180908884844
0.71593174762
0.0995315974211
0.131055214001
0.129609932203
0.970422153664
0.0783764565134
0.170847912332
0.139407143635
0.631148694397
0.851316723865
0.82353587385
0.682320833646
0.7955999258
0.728872757679
0.728802699493
0.775789241284
0.816315958833
0.230133127691
0.921516118322
0.808804432467
0.168347592993
0.872848611608
0.1273007777
0.696230410862
0.698323670072
0.822600036845
0.849770966635
0.258694822134
0.0572605871314
0.188598821634
0.280543815688
0.733034146112
0.149815829798
0.795220364851
0.0671801431232
0.2262482528
0.348158116679
0.738442382709
0.733048281484
0.734452837244
0.0974730868988
0.218137272382
0.677021100503
0.700885665462
0.679390358543
0.252305789158
0.831596416347
0.0873298054089
0.115416517986
0.0840594096921
0.695293661944
0.174650239317
0.244969114387
0.189402444571
0.740643272669
0.832605481516
0.713885061672
0.938066070783
0.933333333333
0.884507302323
0.208178655059
0.799288330793
0.883404941178
0.801173892649
0.927747879613
0.182176729894
0.0371605094977
0.735520372198
0.796666470435
0.0533574042908
0.806276357873
0.679454725359
0.135219269543
0.750555389525
0.113783766988
0.0481011251444
0.913718910129
0.795944480153
0.143080036836
0.649625781119
0.174600479478
0.629788509955
0.57700787093
0.0876459122527
0.655409257784
0.839850059479
0.640911359406
0.129249244144
0.864794665201
0.95232314244
0.114986006237
0.383494399956
0.171157016879
0.251710784554
0.757518955195
0.313809160995
0.835661121815
0.109937740663
0.156141825573
0.819051345046
0.648170926922
0.109903055524
0.160684288335
0.14065195248
0.879513062755
0.132718948936
0.666341547642
0.12804036497
0.60505166108
0.68126113958
0.926858609729
0.698674396036
0.691992782067
0.0
0.783394209658
0.936734046017
0.217282200623
0.104134406387
0.12616478841
0.817051534742
0.757850360663
0.826088753494
0.268369597558
0.150508294766
0.718843286741
0.123981284252
0.883270234222
0.211909057984
0.191976297782
0.215936564521
0.199593229584
0.756073150349
0.149726830393
0.0706786292271
0.684860103827
0.0701402256923
0.438090627123
0.723103104434
0.629417501001
0.921641143029
0.0581934142773
0.204835182808
0.136379331198
0.683427460488
0.714228049554
0.21024798229
0.700532296711
0.180416052398
0.0829780178913
0.111108233119
0.127142688025
0.257465428025
0.312249616375
0.156005530914
0.732594560961
0.802986758795
0.821422970671
0.753538431084
0.676942975763
0.811520397476
0.586121888124
0.135666417886
0.75067959438
0.917418524523
0.113565650322
0.157126012465
0.107377222914
0.190456716448
0.144863616084
0.177471579651
0.089863334961
0.218419008727
0.157943498962
0.815214484034
0.0949780778233
0.266650239007
0.206722560769
0.140653360449
0.127369303146
0.145876464177
0.652348640555
0.04686775372
0.488166817276
0.247117211112
0.843702246268
0.785154221276
0.127719133008
0.0486584141711
0.848010814219
1.0
0.116455115285
0.214154117043
0.122511384015
0.118631548899
0.0894237389717
0.158071656585
0.805113505558
0.605866686522
0.095530516724
0.133913642224
0.0931881042146
0.113440774253
0.177797313667
0.230101673103
0.763101975292
0.126846384137
0.88294999924
0.0687757914062
0.133519995424
0.852512459625
0.81820051894
0.549182713678
0.855928657697
0.780173160436
0.880715369646
0.86172623747
0.125764915838
0.834982357117
0.955879751085
0.812998877681
0.119344563508
1.0
0.308732501962
0.102138547166
0.779085199863
0.830664930569
0.901601555772
0.816661534875
0.0910593683601
0.188598821634
0.184678256658
0.8
0.122842605653
0.268802077411
0.0806610160459
0.578351900311
0.287927453097
0.740571960678
0.586683602323
0.830995624897
0.862244794073
0.225426956222
0.817075151854
0.658617124039
0.774921804174
0.541918775224
0.738653568503
0.881315353464
0.122518163091
0.105617118556
0.630542415898
0.17494310369
0.0961890978736
0.758643995267
0.683359640902
0.852898822334
0.877386456518
0.855149167456
0.780610950567
0.857284680667
0.736570976875
0.749492157486
0.909556404952
0.917418524523
0.818889370853
0.563636384383
0.183495354786
0.741426252767
0.784754992372
0.184833921645
0.73389918682
0.769506875644
0.13896236265
0.768975200587
0.100499027202
0.14322715138
0.290207063225
0.738016498093
0.191471776896
0.642850039254
0.778245538264
0.10592428538
0.60660421758
0.120449187449
0.891120307225
0.839850059479
0.237944777568
0.982012085335
0.133928447563
0.198667222297
0.040730809055
0.242543946692
0.740700186717
0.108611320724
0.832237105498
0.0900502772462
0.947818811464
0.62966442119
0.0163941997972
0.799684689626
0.166254892366
0.146805384502
0.0774878998188
0.0492682201503
0.190093595983
0.0856952803376
0.922292901835
0.133522895812
0.179422913688
0.84022183126
0.816477308804
0.643633695362
0.7955999258
0.221545165383
0.775701755437
0.162558273007
0.752331430686
0.734542254927
0.908083945624
0.11273853884
0.804087957273
0.2
0.202248478943
0.0802616074497
0.733921935076
0.125798206628
0.531559525686
0.812015609279
0.171818771068
0.130717720349
0.178976922197
0.136718753987
0.143847054345
0.129962980906
0.106174710306
0.0933746396554
0.132980241035
0.76466301023
0.0955763808893
0.710055103729
0.829613216158
0.832070150071
0.721062162096
0.722024378023
0.633309897648
0.10122694324
0.799492639677
0.0776195627894
0.716910528371
0.70505145193
0.134379177461
0.203195763281
0.177241145362
0.0769824698601
0.599505128624
0.823624926467
0.774552830816
0.686439725011
0.212652462233
0.77059462448
0.356869196976
0.637064869766
0.905480194693
0.903540371704
0.817775170249
0.151865817968
0.704781315922
0.171567158776
0.146895610106
0.140422279207
0.592537179086
0.720746407302
0.145278006965
0.662591670996
0.761007449936
0.752661872431
0.674451255462
0.201680652622
0.259010496125
0.171083702872
0.65660749272
0.110204690584
0.198647552754
0.0455906813061
0.717930063049
0.661351465546
0.618925259191
0.144010457285
0.128454030879
0.612487253607
0.201378532546
0.724397257753
0.124577988294
0.208967367017
0.78895580504
0.733868424495
0.967043002772
0.698716794227
0.140788626833
0.154399874856
0.128698732949
1.0
0.177797313667
0.0796583153533
0.270304690262
0.122304440991
0.510973599457
0.839007557583
0.675719909229
0.881702876795
0.784311569658
0.55168370114
0.733148650708
