0.780173160436
0.747040897992
0.771466659823
0.0259189641341
0.70002515026
0.10699618274
0.71947857146
0.680978082176
1.0
0.2237050164
0.707151123786
0.827142382884
0.837526066387
0.820184659318
0.858490239947
0.111420468736
0.159022528148
0.23651021183
0.666666666667
0.15655153137
0.249075512203
0.569144043489
0.578877013826
0.191990717834
0.801592941698
0.66865174622
0.827470651988
0.770508877546
0.0604156427063
0.0817107564417
0.653064748605
0.716337564605
0.569504070018
0.729576887681
0.732135821345
0.143171991306
0.13061329265
0.6469587133
0.159805365561
0.139028014753
0.789512390307
0.763770404299
0.0865858900295
0.773588899231
0.901234233456
1.0
0.0858933469789
0.563658302298
0.153976373216
0.950138926758
0.830163773712
0.680531275387
0.0664528735546
0.0899391607593
0.693342832987
0.828715229245
0.0918438976785
0.764359226592
0.193844630797
0.0336403682481
0.851312277193
0.769253463606
0.757662673723
0.159489709253
0.149963098056
0.592563449176
0.696489328214
0.893404617149
0.737799343674
0.518437527096
0.0626766645106
0.656812835964
0.839850059479
0.10526585177
0.0258895112996
0.0769464451351
0.955990593021
0.812729804955
0.153313875269
0.796492575624
0.765654477039
0.794577295362
0.117710093465
0.861368725702
0.664245753636
0.0648719039612
0.0966550417908
0.117477650582
0.172393820641
0.253792101998
0.106615544757
0.703945237413
0.771996492345
0.215751830463
0.197625666145
0.725250416105
0.816259619227
0.750195905871
0.592825050277
0.863174543555
0.728872757679
0.906337335242
0.813864995921
0.847527186434
0.0810850597616
0.869717353317
0.729718232524
0.705755588044
0.846929712583
0.294757185875
0.674800369172
0.873477685804
0.789599623305
0.771579474689
0.797642824505
0.126647345532
0.91070248935
0.187253579028
0.8
0.216789459098
0.0784600447076
0.0634962949989
0.583822635254
0.182603244687
0.760213614869
0.747676929428
0.945214313235
0.801597421497
0.656948637791
0.816286966276
0.750322750636
0.761396334511
0.550237001219
0.670872657806
0.698831281321
0.733163230403
0.0554289305956
0.100725537735
0.130990793968
0.225420668504
0.749820431888
0.0878552068674
0.759303187434
0.815150017502
0.833683876636
0.843670736454
0.692830564065
0.65264315299
0.81921608832
0.958441662771
0.792418524523
0.767788153561
0.191228050344
0.762815118996
0.702894298887
0.812494250816
0.0943525423305
0.719094963549
0.732366352246
0.114837670214
0.711099612886
0.867495931717
0.0916880257689
0.198286034982
0.135523665949
0.123572046485
0.674065955782
0.885935632088
0.145929009877
0.560244128631
0.0921073591925
0.752360330374
0.750970730141
0.68129741483
0.980812891024
0.140586978189
0.850270497558
0.0872301893678
0.728311205775
0.673191211947
0.168985975689
0.755549570964
0.273896875591
0.849679238325
0.699016825654
0.102967892274
0.767094484779
0.639763595457
0.18882078469
0.0470773435896
0.116406778405
0.849956592987
0.0462407210577
0.801242366014
0.0755325175992
0.12975304525
0.893349401496
0.709052170632
0.63579894297
0.819545460116
0.286036254127
0.738416531369
0.817596783557
0.858109404698
0.864280496939
0.83108727213
0.707937248771
0.779666527578
1.0
0.0322047666572
0.75392930617
0.79816260963
0.809592969958
0.679525705673
0.640572567757
0.0582613709168
0.665595422565
0.265765259094
0.654459893344
0.257723648596
0.137749538983
0.605053686029
0.252502404373
0.145390707521
0.749204392168
0.0287686028639
0.77852143485
0.820040399426
0.250171893219
0.75235703028
0.725253159507
0.668330506514
0.0860640613195
0.867469160244
0.773242200453
0.154507638485
0.663476982359
0.561092303287
0.118777372247
0.729079263014
0.209330211805
0.649543445752
0.0739410731893
0.784143514756
0.837383036742
0.738045981051
0.680326101741
0.123447819295
0.6036216808
0.909405650893
0.823848916269
0.818889370853
0.438233532636
0.549101023468
0.798012940826
0.850890415828
0.755587574603
0.612837170608
0.781165851163
0.180536064625
0.67902254818
0.81846377489
0.653096389334
0.899747873139
0.194144842148
0.169547635566
0.748741492093
0.658432931873
0.807520254528
0.616390513863
0.122753590252
0.727246676602
0.654839964851
0.193943386501
0.894075586285
0.0978102572193
0.565638428799
0.218187158437
0.14118184971
0.723337084908
0.778831583816
0.982516482123
0.190053725297
0.857042294602
0.60684428872
0.117597379529
0.752556513954
0.667152832299
0.181974949757
0.825938730832
0.141140398334
0.353923424582
0.119631962996
0.615269619066
0.741486778661
0.772603688661
0.91238710431
0.735578758897
0.671120876995
0.553529428355
0.544250102521
0.870699691846
0.200150369843
0.0847882847513
0.796189835894
0.0739922276736
0.743235615574
0.727468713723
1.0
0.125
0.775634093736
0.728239938529
0.829063636004
0.82020928591
0.753718494904
0.248808521196
0.159022528148
0.187253579028
0.759373785308
0.126058990747
0.728561386468
0.578979667227
0.0441356017125
0.389134007219
0.821183568031
0.796110367388
0.878349009269
0.887874327192
0.643917115662
0.742400409591
0.692855657837
0.720645272019
0.178006097717
0.677019619375
0.142916969476
0.718211833849
0.724319731227
0.105725877894
0.113039444442
0.356032344586
0.0637747985595
0.750169234491
0.108555246627
0.802530957268
0.877307585855
0.88915159781
0.809172972739
0.104971955414
0.861464200907
0.897542868386
0.808365525424
0.702546866621
0.487076206329
0.0852814614439
0.0816988339469
0.778542985264
0.172139298573
0.665670622384
0.679518327686
0.0153360846427
0.715846737347
0.799683213389
0.9
0.113763056345
0.113662073101
0.549008523104
0.662196173978
0.759923782574
0.806429949048
0.551789879433
0.118849593072
0.828597447823
0.799325871119
0.120422932998
0.961359235688
0.0986610590503
0.906973273844
0.978832502707
0.253686283559
0.0303466137142
0.864663508397
0.856183451954
0.830345940492
0.879939520967
0.667361747755
0.0757748589862
0.816480027828
0.751534164656
0.0595379953892
0.846153846154
0.0859246773613
0.693614423761
0.113457105943
0.944387646092
0.836406111255
0.167695750299
0.906564364667
0.786503229413
0.629681114039
0.773130033362
0.780173160436
0.846537006465
0.807850194256
0.0990091336026
0.812329454766
0.921516118322
0.834546228521
0.772368421991
1.0
0.174254581735
0.128680441574
0.777852006159
0.821455883835
0.84944074383
0.867793350104
0.0750279099759
0.139516608964
0.735777492802
0.663134470524
0.201307373636
0.123592988287
0.0617911506141
0.549489148222
0.222781942921
0.822485364849
0.660102800157
0.875060148066
0.122206257926
0.917475741748
0.804879002828
0.685694805037
0.814966038156
0.140307210364
0.765726605564
0.831618730493
0.7138050768
0.837665917219
0.784278612875
0.161961484974
0.283043569376
0.776600509815
0.780372577045
0.798089062915
0.719170885269
0.821317086683
0.902459996971
0.108688191999
0.6747332397
0.842300620963
0.950138926758
0.0566541929422
0.702546866621
0.184997451325
0.240608425102
0.816857132618
0.770760499204
0.205944264926
0.706177536569
0.779206235632
0.0138319690878
0.77268050698
0.796671646134
0.857240601469
0.126737023062
0.236093945457
0.164652293215
0.658762012124
0.850188387401
0.643001244547
0.580574672939
0.104056574502
0.853857222171
0.762839665868
0.108100257225
0.982012085335
0.201501810514
0.95232314244
0.978832502707
0.694563250987
0.754606952335
0.0203293857008
0.799077688997
0.857142857143
0.96315968111
0.699478611101
0.0377946858636
0.775921831816
0.763718715508
0.0507823495555
0.188950573219
0.140998725812
0.862077909829
0.115258698912
0.832255125189
0.806350410184
0.101326371575
0.906564364667
0.819433651443
0.695317738908
0.803543156693
0.728872757679
0.869756649213
0.929717215315
0.127860687681
0.862730946797
0.973011585448
0.818676189967
0.771637872907
1.0
0.0562120964157
0.750079278654
0.753983778158
0.821967475659
0.843446606435
0.723234357704
0.212174673806
0.198826949246
0.187253579028
0.777777777778
0.154099835306
0.237937953414
0.159384914563
0.614934318878
0.25199034918
0.78407294187
0.691510303355
0.917866981358
0.86079444528
0.117423740549
0.795580515326
0.788262475566
0.721041236835
0.248942787219
0.762673182793
0.924224586951
0.6747192684
0.71359337119
0.662171295086
0.600056828181
0.191465699534
0.759599044116
0.728778362591
0.850662891811
0.761084872623
0.827736946521
0.808824337746
0.832875838534
0.104971955414
0.287911520991
0.909556404952
0.830571933959
0.658643096705
0.556012521255
0.649050566731
0.702292437828
0.874993808571
0.0426682952682
0.765684736569
0.735695268559
0.607337343742
0.717095902977
0.772949740112
0.9
0.166601509239
0.738474034266
0.146123032713
0.573824606958
0.788734275529
0.756498093595
0.591047999699
0.0978630617367
0.889689797654
0.839850059479
0.635877587175
0.982012085335
0.0606473126099
0.215691534516
0.978832502707
0.203680360298
0.153487666105
0.807363338211
0.800024325828
0.874545325165
0.833732635647
0.728624685333
0.0996964521591
0.191007767647
0.699711059128
0.835711569613
0.864258185034
0.0859246773613
0.667526744779
0.168375430826
0.893506682118
0.747100351108
0.159154966924
0.906564364667
0.778422961833
0.713825311309
0.822989463893
0.904043301502
0.85989445898
0.824903742744
0.15296937459
0.169401331431
0.920679077267
0.782907903719
0.814513485815
1.0
0.0567079734134
0.120241038092
0.759585104901
0.75587605289
0.037172564638
0.0
0.139593221827
0.159022528148
0.217330203413
0.8
0.0737746481602
0.13123395765
0.118829450453
0.0747941775164
0.145927419652
0.686120888571
0.625451057036
0.873829761423
0.105636431425
0.173829911533
0.800082003709
0.6781310445
0.756134095972
0.745412254232
0.763389725307
0.853801992748
0.0466857934818
0.0724664684919
0.676210215769
0.150203641548
0.35086808855
0.0742830249303
0.714472682185
0.214121795182
0.752628974659
0.923549517098
0.877368702217
0.934948938668
0.784117044621
0.820279532244
0.833952683878
0.830571933959
0.658643096705
0.105649301602
0.253960264122
0.801013612767
0.209940530994
0.0974150533485
0.697335998483
0.781010613015
0.0334199784442
0.862637613842
0.842481931409
0.0670114076789
0.233899784125
0.095620468217
0.136133936747
0.761722047863
0.833904545834
0.163175621153
0.16737948905
0.677487232041
0.831156049738
0.825290973977
0.148669868684
0.888776213211
0.0867081753162
0.122706295132
0.139051303052
0.274006061147
0.0350950792961
0.118694799556
0.886396258698
0.864894965563
0.906196250363
0.62562364259
0.0781115703533
0.0519295639172
0.664933399398
0.928571428571
0.199604183161
0.123385059697
0.821391785443
0.171277858119
0.139175831235
0.167504934552
0.114088294695
0.913751721231
0.805406718856
0.624196762723
0.819545460116
0.728872757679
0.877003065828
0.870148794414
0.827367021134
0.814822496253
0.0569604892116
0.725290940028
0.732860399293
1.0
0.15109243544
0.76358987271
0.745373060194
0.837064314809
0.836534871535
0.851566203364
0.0635078996941
0.248442300975
0.164535239839
0.856948987845
0.119121396995
0.211839580596
0.0399316699902
0.668034618262
0.879872019029
0.658976377268
0.116297153456
0.829356680548
0.791428623407
0.0941522594593
0.781476476784
0.734924860166
0.709662106449
0.501355055936
0.753172814697
0.961571407772
0.690675465352
0.141815615108
0.148857347818
0.149038999279
0.17704261736
0.0912664244228
0.683044758605
0.834764214364
0.798311496641
0.896191421694
0.92015080973
0.905472914591
0.105171654869
0.806520980444
1.0
0.917418524523
0.658643096705
0.54142591543
0.842442712941
0.796112011199
0.157368362585
0.105906405784
0.659522341282
0.724830440085
0.62292474512
0.748779791935
0.762967935263
0.923076923077
0.0758392792465
0.738016498093
0.155878529534
0.641241556842
0.795054364353
0.1688839994
0.53687681818
0.0796460988619
0.694441874882
0.839850059479
0.59622852332
0.982012085335
0.0852218274741
0.955990593021
0.150506823643
0.222222222222
0.733246174622
0.758102934238
0.801923188538
0.741402204066
0.943470379086
0.680516522513
0.0294380213468
0.173816933171
0.71593174762
0.078780578858
0.222513794653
0.108925833603
0.970422153664
0.069887771905
0.152995882623
0.116077162371
0.623684899875
0.851316723865
0.812891075824
0.67364861098
0.7955999258
0.728872757679
0.727858608586
0.775789241284
0.816315958833
0.214645690393
0.921516118322
0.802889187475
0.192842843793
0.872848611608
0.0931729186724
0.696230410862
0.698323670072
0.822600036845
0.839403460086
0.201280000147
0.047868520079
0.159022528148
0.147108066094
0.733034146112
0.126058990747
0.795220364851
0.0570515122323
0.189083402372
0.348158116679
0.730338243186
0.723376338076
0.734452837244
0.0921694009382
0.202459166821
0.676325346282
0.700885665462
0.679390358543
0.201882151288
0.826617946894
0.0873298054089
0.0993489773726
0.0586457932196
0.695210378678
0.204288811385
0.198357195246
0.171105608174
0.735874696936
0.832605481516
0.703274929216
0.938066070783
0.933333333333
0.873125584664
0.292078018081
0.799288330793
0.883404941178
0.801173892649
0.927747879613
0.143914735874
0.0879370519965
0.735520372198
0.786088773498
0.044409027615
0.797897518407
0.679454725359
0.135219269543
0.750555389525
0.0993865709744
0.0182229394913
0.913718910129
0.795944480153
0.125516139607
0.649625781119
0.15132801766
0.626434495923
0.576962182156
0.0762041806773
0.655409257784
0.839850059479
0.632291647971
0.103426931904
0.864794665201
0.95232314244
0.103061290333
0.35147422318
0.159474978429
0.236648697302
0.738474655402
0.326104047709
0.825273182905
0.0857442676747
0.124534319472
0.819051345046
0.63501982459
0.0792607705487
0.136847286786
0.133780474937
0.879513062755
0.123844651897
0.666341547642
0.11836236533
0.60505166108
0.68126113958
0.926858609729
0.690974664832
0.691992782067
0.0
0.781118308856
0.936734046017
0.183143865541
0.0888912861083
0.107816034542
0.809057384375
0.751446844826
0.8
0.233739404675
0.137695589565
0.717849012707
0.101598594896
0.875424607693
0.202567458806
0.174514289272
0.2
0.164535239839
0.740797036388
0.120614403461
0.128461926029
0.675035370499
0.0622670742609
0.421496151201
0.715346331474
0.619745557594
0.921641143029
0.0388875790013
0.412338445017
0.150316973543
0.680580264565
0.714228049554
0.21024798229
0.695327623932
0.15143967499
0.0386875001113
0.0784734834131
0.117934860094
0.224197460567
0.261177028451
0.13737706553
0.730725150972
0.802986758795
0.821422970671
0.753092571336
0.665817662893
0.798256341292
0.572600327481
0.127288178262
0.73523080191
0.917418524523
0.0823024392553
0.144305098893
0.0756273018206
0.275940446865
0.120738481228
0.083942406164
0.12968447397
0.215045122422
0.133522158067
0.815214484034
0.0807431329661
0.254866961758
0.308416505308
0.118631277414
0.0931001229872
0.103490160584
0.641156587835
0.0359321059289
0.474732214538
0.22944803519
0.843702246268
0.785154221276
0.120201682554
0.0684669199411
0.840986308627
1.0
0.0942232173384
0.184765143943
0.0865362239734
0.0697958830512
0.0706779256344
0.130720917816
0.805113505558
0.60464982795
0.0745106648193
0.145934083504
0.0837462250104
0.0930785449511
0.199604183161
0.198461477585
0.763101975292
0.112462387618
0.88294999924
0.0526315789474
0.123484375783
0.852512459625
0.812819494386
0.546706759296
0.855928657697
0.780173160436
0.878305592326
0.86172623747
0.153002014088
0.834982357117
0.955879751085
0.806948986701
0.104674213505
1.0
0.24432542118
0.0838067908026
0.779085199863
0.829789212405
0.901601555772
0.816661534875
0.137024910318
0.159022528148
0.206378793019
0.8
0.0737746481602
0.249795962107
0.0837382659606
0.578351900311
0.270608423469
0.737490533005
0.585697978921
0.823193497435
0.862244794073
0.225426956222
0.817075151854
0.65537275932
0.774921804174
0.541918775224
0.738653568503
0.881315353464
0.105443269504
0.10160307583
0.623137497522
0.144511584691
0.0796785200057
0.758643995267
0.675323497013
0.851884307944
0.877386456518
0.855149167456
0.780610950567
0.857284680667
0.720979923594
0.732627671765
0.909556404952
0.917418524523
0.818889370853
0.563636384383
0.171128428766
0.741426252767
0.784754992372
0.133133976388
0.73389918682
0.769506875644
0.102984320624
0.768975200587
0.0874214576187
0.14322715138
0.290207063225
0.738016498093
0.172498939167
0.63277933011
0.764232049958
0.0835502164627
0.60660421758
0.10354633742
0.891120307225
0.839850059479
0.152388246359
0.982012085335
0.131578356599
0.20216432275
0.040730809055
0.19840855349
0.737278441618
0.108611320724
0.829784095017
0.0842251017888
0.947818811464
0.62966442119
0.00643214666798
0.797198237303
0.15712881411
0.0507823495555
0.0774878998188
0.0358858418275
0.159450680676
0.0605992934726
0.922292901835
0.113861774629
0.103805248468
0.84022183126
0.805406718856
0.633575943938
0.7955999258
0.201352566804
0.775701755437
0.151277250001
0.752331430686
0.719602419588
0.908083945624
0.0974346866331
0.801446311147
0.2
0.202248478943
0.0964108703659
0.733921935076
0.113316553661
0.512526477263
0.800207694061
0.130278837723
0.102892277931
0.151877781024
0.122170450573
0.105094601122
0.0937440440972
0.0883127340583
0.0713582810213
0.132980241035
0.760263453818
0.0791797844645
0.710055103729
0.829613216158
0.832070150071
0.716478059818
0.722024378023
0.633309897648
0.117297029615
0.793861079782
0.0725033540975
0.704947106565
0.70417864042
0.141962404004
0.20977096228
0.160294749954
0.0794364180755
0.589884305564
0.815657590489
0.765209864086
0.68136841456
0.202930341941
0.765169768857
0.282675913897
0.624702361127
0.905480194693
0.888888888889
0.817775170249
0.151865817968
0.704781315922
0.145771019916
0.136329513741
0.141361939384
0.58406455624
0.720746407302
0.174493011453
0.662591670996
0.756262479864
0.752661872431
0.674451255462
0.131312029889
0.249797465752
0.132218639565
0.645228283882
0.0711293206224
0.145647398685
0.034445733736
0.717930063049
0.661351465546
0.597475664673
0.144010457285
0.106242437329
0.612487253607
0.106806931794
0.724397257753
0.102308615759
0.286347563129
0.786541742197
0.724845544983
0.967043002772
0.698716794227
0.117827214213
0.11162048074
0.106380993854
1.0
0.199604183161
0.0662742605281
0.260344706151
0.0928467270096
0.509617247056
0.839007557583
0.675719909229
0.881702876795
0.77848212639
0.544450369953
0.733148650708
