0.749737219959
0.732308393565
0.732458821125
0.769778084694
0.69653174592
0.793933353087
0.700437681654
0.647029979785
1.0
0.617616889334
0.715665422283
0.719051713319
0.800676903769
0.767414649331
0.774429164605
0.542076898241
0.825
0.745965733543
0.633333333333
0.777967970546
0.671992509035
0.497147313053
0.557732306122
0.875
0.755043982566
0.590207672775
0.705788908808
0.723757941805
0.534744230072
0.762824155036
0.549913540675
0.647900238818
0.457900323947
0.58165261116
0.666097411814
0.677141046391
0.717899416407
0.62341373275
0.573507884963
0.621149806797
0.731934549916
0.649097904345
0.757169626951
0.688686247265
0.909864814315
1.0
0.774918440856
0.476118512954
0.944258802085
0.825396825397
0.737336854687
0.578691960613
0.767059111311
0.459374053306
0.58564441246
0.776656018598
0.730223439444
0.725228556823
0.781706451601
0.576825407209
0.781368630676
0.750793036685
0.758254724988
0.497474855388
0.574157305297
0.555824807648
0.635179795723
0.814154409404
0.692307692308
0.454512887146
0.675588319009
0.603546810981
0.747110683077
0.539591594358
0.907945648149
0.871155317159
0.955990593021
0.755993357377
0.655078174461
0.76633283686
0.669642857143
0.720929329536
0.676498472994
0.767337502613
0.622539686185
0.656893550441
0.697817491309
0.647658264679
0.9375
0.897346897056
0.797432035624
0.565391719295
0.738643385843
0.671645269114
0.821090568515
0.625284088117
0.767919314892
0.734211570187
0.460708064502
0.781773616562
0.698436817202
0.772070768826
0.702760608631
0.754714344841
0.750454343249
0.849820531828
0.659503263925
0.678748831007
0.854292963242
0.617616889334
0.637012771461
0.781727383876
0.800112484281
0.718574383616
0.786816477811
0.586148131506
0.865167364882
0.745965733543
0.8
0.80080352655
0.713270164248
0.398613058446
0.503139180631
0.796623274547
0.714845952061
0.617883739672
0.78035616811
0.772727272727
0.617004740342
0.751425156516
0.606005716647
0.545265421632
0.429190730929
0.619131506599
0.66655763459
0.701954775084
0.830900748751
0.555206625663
0.534961058912
0.612088251706
0.719739010365
0.665997065209
0.691489315205
0.737508559098
0.677963658075
0.822151007501
0.644238579813
0.503558490286
0.819105101089
0.851948144686
0.737336854687
0.696747516169
0.452956555856
0.683662617401
0.581076706342
0.778996926975
0.668922677862
0.705783773714
0.671337137585
0.564221802282
0.678493659752
0.809162197912
0.657234644761
0.616082283423
0.723630923383
0.458434913669
0.60863961678
0.768510269214
0.672350580616
0.425569196209
0.717555689972
0.732058392128
0.620590450954
0.606183673893
0.947663291635
0.721985548246
0.698347476941
0.777000312998
0.609359503948
0.674256190341
0.792672576779
0.700965233745
0.751584410608
0.769963219073
0.572932276003
0.610307012539
0.763009700635
0.575284407275
0.869226293052
0.89010989011
0.749801152977
0.794650313491
0.792068661317
0.749928541085
0.767060924717
0.54185911574
0.810425911441
0.679294597546
0.562605012215
0.74338627798
0.789235482173
0.710549751572
0.741416876986
0.768956566474
0.798538968528
0.834698987158
0.694599247021
0.737974883143
1.0
0.58953228854
0.711667502172
0.738451216381
0.747331995238
0.667082576166
0.579215882336
0.507251487175
0.6
0.654299066876
0.589013904009
0.561557319702
0.554529031782
0.568978745107
0.553832572111
0.806740828
0.646907073094
0.477185284972
0.649924771365
0.725272316361
0.771874325171
0.646644636002
0.640088339131
0.552011683159
0.554924259399
0.815682064208
0.729052571599
0.711681866494
0.612185389231
0.49640529332
0.434682056712
0.672483437744
0.709308704353
0.572571843456
0.882901952984
0.70846082981
0.705469279104
0.743887332045
0.627247880157
0.708870469799
0.464608869073
0.764272019901
0.708333333333
0.682767898973
0.332997102506
0.487304269248
0.725895147238
0.865726962275
0.731011494682
0.438116199089
0.718386073293
0.597689625341
0.589368752561
0.807077368522
0.57319308431
0.798517117966
0.831739269242
0.48309289376
0.693357935922
0.645781211652
0.792066840503
0.542112807707
0.562096149643
0.641141626041
0.528828303326
0.397430872507
0.813435499746
0.646938569043
0.500978380353
0.734060929742
0.535940109552
0.651452351799
0.787108615818
0.897249317411
0.935638474321
0.768798299783
0.581204335659
0.712427301962
0.71770219269
0.646756306945
0.747123179529
0.761118617936
0.828157252372
0.676668312649
0.857843137255
0.54805825296
0.716209061887
0.701024661707
0.661226265919
0.707722821231
0.571359697009
0.426806888417
0.611132215052
0.79358647396
0.97633238244
0.851839152744
0.748753329389
0.919134279308
0.72930031734
0.722979910984
1.0
0.643227923116
0.762693913326
0.677268004068
0.808661061193
0.767414649331
0.709893400888
0.581677010277
0.825
0.745965733543
0.759373785308
0.919791261769
0.712753511065
0.513412541248
0.495646132695
0.806682164362
0.741592231409
0.693097654414
0.697455066923
0.812858102847
0.562888663234
0.729592450223
0.641099645533
0.668081703799
0.333595294853
0.571729655457
0.808773715518
0.683507514649
0.729016348042
0.670613369851
0.522342761203
0.61476834375
0.668803151805
0.659978283237
0.826680163202
0.753609012407
0.817255270774
0.841240091396
0.744199417611
0.708870469799
0.850590235684
0.761904761905
0.668067516467
0.543879010084
0.455160159039
0.619203581246
0.61306223587
0.77184601684
0.634336038872
0.551911675207
0.612083255835
0.57984011971
0.667597964922
0.756613329246
0.820855849363
0.791873316643
0.704127715921
0.525375234007
0.626477550843
0.69966477222
0.721153846154
0.474311988388
0.695762055124
0.713437651718
0.716803626741
0.583278035983
0.961359235688
0.725178372532
0.879429969853
0.916704251414
0.608080691129
0.762335004955
0.810622039122
0.794287001798
0.790650878012
0.803404603427
0.650528876088
0.72051065768
0.82871487877
0.758317060201
0.800446147525
0.846153846154
0.813059500283
0.608242102504
0.810541626297
0.859706159726
0.810108851603
0.604689757575
0.846401425255
0.77028150747
0.56104538393
0.700541268669
0.749737219959
0.793798399038
0.766523010069
0.773278217828
0.821850021351
0.892753946154
0.765281554054
0.760941797244
0.9
0.645625042278
0.763933268976
0.688116297206
0.776887439924
0.801294971852
0.81960049772
0.625536888634
0.825
0.7
0.590810781566
0.747720974576
0.732082675745
0.626055994076
0.469833867648
0.844602383637
0.67803513613
0.605039836298
0.702791862564
0.778110026521
0.859374325171
0.761962916886
0.507705697357
0.639141026212
0.623439622261
0.666617446405
0.774973826736
0.703599638271
0.802706674141
0.736235681866
0.522342761203
0.561299848155
0.752331743883
0.682327781059
0.775122991766
0.686531283998
0.73837591592
0.872377997072
0.812715809879
0.587229624065
0.797138614414
0.825396825397
0.68948353826
0.543879010084
0.471089821331
0.790861017852
0.706566902421
0.78510668221
0.671554304761
0.689697698913
0.713368978753
0.57984011971
0.709932558855
0.730614676284
0.842984508451
0.819255240485
0.649753975125
0.638619120207
0.646448072249
0.759612677364
0.607723173315
0.490552926015
0.677257425991
0.816239516073
0.638185275099
0.466443679449
0.977674653496
0.825030030616
0.915695329269
0.916704251414
0.52938891739
0.728704999954
0.675
0.684529237198
0.911475736467
0.904796391568
0.658079288365
0.702302975143
0.694888971497
0.696164982371
0.966666666667
0.869982371546
0.779114190171
0.844019843809
0.796519643718
0.743652157625
0.717257336954
0.539894960431
0.839399031499
0.733484530921
0.635808774382
0.6933120781
0.698436817202
0.792737735589
0.808080808081
0.822321280029
0.844161590258
0.925187665669
0.761865598067
0.708002940628
1.0
0.67642526168
0.747587014519
0.691419083535
0.791406641332
0.729078585297
0.689011491949
0.656051196392
0.794128808639
0.745965733543
0.738888888889
0.747720974576
0.619108349478
0.698666572678
0.531802648291
0.912237719917
0.668903208611
0.577592707441
0.72690036127
0.773443841885
0.623464066568
0.738824526172
0.586336979587
0.580642933214
0.387431322903
0.61652286584
0.883199606075
0.66900526642
0.69968840823
0.671545975139
0.546672741724
0.571738294617
0.68160643026
0.630338010565
0.835877195937
0.724991454404
0.761898851191
0.767499573084
0.744259302303
0.708870469799
0.823906488863
0.78932347268
0.737336854687
0.497415555262
0.447091455419
0.602891979812
0.627304361522
0.809216707195
0.711505178618
0.741905857759
0.676357772232
0.581602124104
0.639043081286
0.756335302188
0.820855849363
0.764723374358
0.669443489522
0.566512090596
0.522541516026
0.726097073489
0.665764718237
0.514052450419
0.704253845548
0.791931067053
0.747110683077
0.585788112271
0.977674653496
0.802666072997
0.838560669439
0.916704251414
0.522302198495
0.715543919245
0.807363338211
0.743057350595
0.854582234707
0.795127199401
0.670385610631
0.673772262872
0.762375860296
0.633700631612
0.855101913628
0.846153846154
0.813059500283
0.591450380263
0.836127811006
0.891852963084
0.7019217171
0.62753554283
0.846401425255
0.772606846475
0.635790410558
0.755772563784
0.904043301502
0.836410685235
0.674725846388
0.761020217368
0.800440682858
0.891907856102
0.788984207432
0.770913379655
1.0
0.62547453285
0.718685363929
0.706921207696
0.723717781108
0.737767672028
0.546752207753
0.616074209663
0.825
0.776969032505
0.8
0.79932562313
0.651217386154
0.696723622015
0.535703073726
0.798783760429
0.679049730684
0.551433706442
0.72195688625
0.678110859339
0.844444444444
0.7142560998
0.608866764551
0.666096193165
0.725762776273
0.61652286584
0.828912660864
0.657655393936
0.776493325811
0.654003720971
0.513900687383
0.71577844476
0.619639341979
0.665232082903
0.784484243244
0.735029665163
0.799052291523
0.841240091396
0.890336114666
0.598808251053
0.835166532089
0.784129571403
0.737336854687
0.497415555262
0.522014115966
0.874777101768
0.760878635862
0.758125744258
0.694577501568
0.636499349798
0.711733808318
0.491458664252
0.773138047447
0.818492812341
0.580121775854
0.635852848723
0.588996136974
0.564159114942
0.684009743192
0.759612677364
0.614611516731
0.459535513854
0.594099364624
0.686586326401
0.701759282123
0.45901522972
0.923399812325
0.883156647127
0.870825663154
0.803762039564
0.556966940155
0.789562775673
0.722163761491
0.823203991307
0.834479881345
0.815784566554
0.549750752913
0.652498007866
0.855303296205
0.615458565546
0.928571428571
0.89010989011
0.811011096703
0.77971808423
0.869195538568
0.861882724701
0.778230055645
0.618597492587
0.875728243531
0.788172309979
0.594035050931
0.74338627798
0.698436817202
0.85
0.857432100978
0.789882333582
0.786343007144
0.871461818913
0.715587937217
0.694118060218
1.0
0.75144740858
0.699972380938
0.664202013388
0.8263456233
0.823529411765
0.835044785835
0.652877595647
0.837317276225
0.654299066876
0.774364877158
0.730347503148
0.777158683081
0.554094633114
0.623966988332
0.849139120381
0.586454543859
0.595879746308
0.687671616313
0.749419515349
0.601944554968
0.736535593172
0.551582721753
0.611594590255
0.414661909899
0.665474878985
0.912263829699
0.69911972137
0.783339227148
0.650090379948
0.513848548718
0.561287906742
0.662775169953
0.623338524254
0.781911948707
0.739201558919
0.869967911968
0.887695699595
0.88855801465
0.678344947176
0.788496930988
0.888888888889
0.855392410242
0.497415555262
0.467966351283
0.804149862353
0.706239457849
0.755743318133
0.695858412916
0.62999596481
0.708205107724
0.581602124104
0.66150579697
0.736638337307
0.947778926286
0.653243901567
0.669443489522
0.58260042599
0.593372048539
0.723249041001
0.740644732164
0.448281806945
0.708082917002
0.670842367544
0.747110683077
0.483333333333
0.953129376943
0.814931908541
0.955990593021
0.837627835251
0.608080691129
0.696738848879
0.654013436211
0.720929329536
0.727277466318
0.819049884346
0.641619613467
0.764364235279
0.743384110087
0.648351303315
0.966666666667
0.855702005806
0.791995290965
0.89577429569
0.736812500579
0.861739799731
0.867760550121
0.529633589804
0.810935765492
0.809518925255
0.549961497626
0.706025621639
0.698436817202
0.713554459358
0.711357129258
0.779072364464
0.803777709067
0.892753946154
0.754633971956
0.749583448068
0.8
0.789502046868
0.701342738295
0.633337525349
0.778149900753
0.765633207146
0.808928303592
0.544422126184
0.825
0.745965733543
0.661864877158
0.919791261769
0.725167042525
0.680945536288
0.576473127721
0.6062425446
0.647551064388
0.678901521881
0.642935201167
0.666489289942
0.871590926065
0.580659268405
0.631719136688
0.505640318817
0.660734001031
0.738888888889
0.686020173522
0.711036806874
0.710018895712
0.657616942315
0.474603040275
0.666145322523
0.692235447088
0.677000762539
0.721668196952
0.627391485584
0.853891711434
0.933333333333
0.836268670955
0.555796088047
0.73749004781
0.717066512462
0.709572037894
0.721581684144
0.459656503861
0.563281190351
0.646622930328
0.779203736022
0.671893416393
0.76601859356
0.58084382453
0.587491616165
0.624361080275
0.673646340687
0.798530688423
0.892591319363
0.731943489522
0.579584394402
0.584696550466
0.645326963079
0.554351963639
0.480379888246
0.696753097385
0.59022470125
0.747110683077
0.603885766685
0.799775439578
0.753663753379
0.915695329269
0.718459457038
0.578891528751
0.759575632471
0.9
0.66502099832
0.844263718044
0.746073028093
0.576478062138
0.640681894905
0.780480356445
0.604158636793
0.897619047619
0.852930026098
0.864873366223
0.811858211774
0.768815861412
0.561898995893
0.774745220252
0.496295807409
0.587590813504
0.806220608411
0.554058656416
0.643095806659
0.830112147588
0.744751601556
0.928705865589
0.74040137918
0.738874835106
0.882575443335
0.753360013767
0.724565694279
0.8
0.66547564914
0.674115567968
0.666732878487
0.739517566612
0.863030505691
0.857069880608
0.689960526793
0.770216317276
0.654299066876
0.729686892654
0.844791261769
0.622202866157
0.593742381606
0.543120124406
0.762268552757
0.678812892611
0.514699447998
0.791367511327
0.770364984503
0.713540991838
0.733085965098
0.608866764551
0.619001036897
0.593636466232
0.591263742255
0.863074572183
0.67753878301
0.726835262648
0.628439775206
0.508959415309
0.721216056233
0.613054099918
0.65633752569
0.733515269814
0.76088348129
0.658364356289
0.659719758846
0.744199417611
0.523957219672
0.628028194645
0.680589734168
0.855392410242
0.434334763184
0.546654349432
0.596145660321
0.610718155637
0.745480872094
0.667561500262
0.5482655399
0.649114829729
0.595157822233
0.731931961525
0.736296036314
0.744449318577
0.862988551748
0.675833331463
0.582828537261
0.610540043363
0.579143946569
0.741758241758
0.401262297907
0.597782479396
0.827050242721
0.734112809371
0.478027724394
0.906679687891
0.825320278718
1.0
0.819756957469
0.65425300904
0.733690017432
0.714548315967
0.747714008978
0.779852742109
0.75
0.551348502208
0.666010136546
0.651763908402
0.681394489491
0.918085974209
0.89010989011
0.804867351417
0.727507342847
0.866269180476
0.876197202821
0.666436118446
0.557696621441
0.826488664639
0.785191027559
0.448237970778
0.820637669153
0.749737219959
0.82318434096
0.785235222565
0.758387803736
0.805942871873
0.926008508864
0.746174457366
0.673418980804
0.9
0.617616889334
0.71496740476
0.709763115928
0.774633937657
0.849264705882
0.786816477811
0.713645525692
0.825
0.654299066876
0.8
0.79932562313
0.769244785825
0.668473718082
0.537663245576
0.772450229865
0.668949979398
0.52981089187
0.736105651649
0.822603973947
0.709258551814
0.75887326176
0.596806368845
0.658004635461
0.440578279267
0.630979188845
0.867228625687
0.654191406218
0.775168769439
0.593221323461
0.56311577371
0.568370344854
0.678998651074
0.645546212047
0.84864194804
0.78327864249
0.742742033241
0.763493362316
0.807692073882
0.635068330783
0.719519712166
0.78932347268
0.855392410242
0.682767898973
0.471877347793
0.790861017852
0.675385723894
0.762710786291
0.766022596769
0.669887424163
0.707957825266
0.442927720579
0.689288179325
0.820166792271
0.598301282009
0.704307903952
0.669443489522
0.56672080535
0.642734617777
0.723249041001
0.617371159276
0.507379761257
0.684924617583
0.762574853442
0.747110683077
0.567941995852
0.977674653496
0.883156647127
0.792886767505
0.850259858213
0.608080691129
0.733186651324
0.744711073323
0.771286247603
0.863977180306
0.836538461538
0.540675403318
0.689959176965
0.796027481373
0.617394549091
0.966666666667
0.852930026098
0.762956176795
0.838116032758
0.815781142926
0.918446409384
0.83765390965
0.539894960431
0.764399031499
0.800861783034
0.619882195143
0.706025621639
0.512805219925
0.708933259433
0.734322837397
0.665289923159
0.701971140515
0.882402635666
0.704662484515
0.774972860327
0.834542052658
0.488358785309
0.652505158823
0.680185811219
0.763376261587
0.436298500738
0.786816477811
0.626146678939
0.572727272727
0.56263240021
0.790624447867
0.614106876592
0.586182567212
0.573944026611
0.633922756942
0.742996730333
0.664004349596
0.458921488243
0.568902146186
0.715909090909
0.81076321406
0.631496548915
0.569313874616
0.568763992231
0.422222222222
0.717295485968
0.680736968225
0.702046745034
0.686275306389
0.563933381463
0.392030305621
0.578134805023
0.7690028305
0.501626385647
0.740987516811
0.704339763122
0.617570006988
0.65396378802
0.685567516353
0.708870469799
0.567342394432
0.810229291691
0.888888888889
0.67925021599
0.310088616326
0.668512404456
0.522531564139
0.775908245368
0.656535952948
0.502747191382
0.639632239458
0.560779071651
0.575988897108
0.717269791463
0.775255178948
0.587387680118
0.748355263158
0.581613438043
0.643123143638
0.625161931944
0.645958154063
0.51994820592
0.56664372437
0.68568779154
0.520236622887
0.498745084868
0.892467880092
0.644144237197
0.554772214692
0.750597780538
0.609359503948
0.637931779834
0.808167319528
0.747054844104
0.741532918964
0.923569366112
0.660223852
0.745469596591
0.608857700302
0.642537534656
1.0
0.89010989011
0.828157252372
0.653882648414
0.857843137255
0.471291123171
0.810108851603
0.596031242017
0.878583655571
0.7166726571
0.446282317911
0.623823879601
