0.749737219959
0.702884071862
0.744710436587
0.0
0.684865373404
0.125
0.67789064357
0.639709338228
1.0
0.0987050164005
0.665706269493
0.816990074448
0.831213306099
0.801100922475
0.838964928323
0.108100344297
0.1
0.145664760546
0.666666666667
0.0833333333333
0.108122737
0.512935699848
0.565969364816
0.268285520404
0.761567462775
0.625644282605
0.816527419221
0.724270283165
0.15115044635
0.0122033998146
0.592169130855
0.664932772857
0.448906470269
0.664700384795
0.709540715538
0.0788510272375
0.0894846714569
0.590601353956
0.0729507048187
0.127118715102
0.778622536072
0.733166773179
0.0451711897579
0.727876518873
0.901234233456
1.0
0.133538072797
0.520990714161
0.0456239493386
0.928571428571
0.75
0.582160295663
0.0318810898188
0.165299539136
0.660651205582
0.799854144051
0.0714285714286
0.744087592845
0.111785066326
0.124732697103
0.823529411765
0.741252898932
0.733552721779
0.0968033830571
0.0837918808466
0.548423833799
0.632238743132
0.860826177708
0.718592235902
0.428203807631
0.0550671003988
0.599217975062
0.819359899091
0.155313756899
0.117647058824
0.0769464451351
0.955990593021
0.768576243593
0.0976403047747
0.765638297992
0.765654477039
0.7726685821
0.0
0.818493336121
0.644123932224
0.0769230769231
0.17983583303
0.0441367578654
0.285714285714
0.10818445436
0.0
0.684394633212
0.738643385843
0.254482978225
0.251607794421
0.68107430538
0.79621248221
0.738930069572
0.499552700937
0.844521448806
0.698436817202
0.88153338772
0.813864995921
0.818545401137
0.0767043450897
0.869717353317
0.70837350889
0.676970712359
0.8
0.0987050164005
0.640002413072
0.857745432286
0.780191466877
0.728007455469
0.786816477811
0.0797138255426
0.91070248935
0.33720689997
0.8
0.0833333333333
0.15984541846
0.0929277928876
0.56034158302
0.151574263102
0.721486186014
0.719743302309
0.945214313235
0.772727272727
0.586841982985
0.77078510479
0.689255713927
0.719476890358
0.443039134775
0.621136066062
0.652740154428
0.688640156655
0.0322580645161
0.0554183669269
0.0754403984853
0.161919639186
0.719739010365
0.0638892376761
0.6875
0.800591780752
0.786034218261
0.824619091943
0.654625837532
0.629830119863
0.806435127692
0.958441662771
0.75
0.707160295663
0.151178920688
0.704104596364
0.653987111965
0.785714285714
0.112995761003
0.684213555432
0.711739012653
0.128577469368
0.648734237525
0.851986531191
0.0769230769231
0.0833333333333
0.125
0.0921772016495
0.610626556628
0.849737366042
0.230769230769
0.428563422999
0.113266807599
0.709357929193
0.712028980827
0.611866848661
0.980812891024
0.0526315789474
0.825319745475
0.0388822478665
0.696699509592
0.61770581534
0.168985975689
0.736531502289
0.142857142857
0.785714285714
0.699016825654
0.0196374312883
0.738279719483
0.59496419749
0.0714285714286
0.384615384615
0.0526315789474
0.80868043983
0.112213502785
0.75696395101
0.0195217724999
0.0526315789474
0.893349401496
0.685133885098
0.556637451105
0.80357920847
0.742434213614
0.691629029755
0.790840560321
0.839331513551
0.836195308828
0.788885137267
0.681242254638
0.755571848145
1.0
0.0
0.719406556166
0.751985494853
0.797109572077
0.662829498385
0.602384517629
0.0588235294118
0.6
0.145664760546
0.654459893344
0.195914158424
0.0666666666667
0.556286714432
0.299047148894
0.111111111111
0.720283919245
0.0287686028639
0.749762140425
0.79731812541
0.156430449668
0.71021073116
0.689182216804
0.597089499148
0.333333333333
0.840552935364
0.743361346668
0.134414160686
0.623950041198
0.495838891464
0.0325262267808
0.710605773645
0.125
0.607578988485
0.0200196676194
0.749848277257
0.802154779182
0.738045981051
0.634733229102
0.111111111111
0.517755678898
0.909405650893
0.75
0.773123233011
0.370173518646
0.501185077851
0.779774350444
0.833155974709
0.751218361438
0.534160041719
0.758275410472
0.0
0.646875768745
0.796883330102
0.628448164978
0.871109583236
0.375
0.1294774391
0.703292577744
0.597574493893
0.769230769231
0.537235925047
0.0572611617183
0.689217645577
0.601014586505
0.208056861231
0.894075586285
0.0699609815078
0.531306658897
0.138834471038
0.0
0.683916245124
0.75
0.982516482123
0.262577983544
0.857042294602
0.562723989881
0.115384615385
0.752556513954
0.613540225327
0.0
0.791563362654
0.126060613071
0.273459028423
0.176470588235
0.559052147012
0.701428337017
0.745600214642
0.91238710431
0.735578758897
0.623895305946
0.434129073869
0.341419172714
0.84367252199
0.123175441674
0.0
0.796189835894
0.025156000015
0.719435040297
0.698990076836
1.0
0.192866204052
0.734874762842
0.674091046392
0.797780833289
0.801100922475
0.738858327931
0.111118911718
0.1
0.33720689997
0.759373785308
0.0631157046284
0.712753511065
0.538422788229
0.0
0.404694675936
0.805951897873
0.75
0.859862669118
0.860483797323
0.643917115662
0.692896719277
0.646228280702
0.680752638783
0.162595271562
0.632567601028
0.0834176649326
0.677486589417
0.691500873728
0.0344951050583
0.124611396266
0.423457458467
0.0225886467849
0.724671938405
0.0867960974204
0.769090717468
0.842311628928
0.875436785509
0.779878467045
0.0
0.850074190598
0.857142857143
0.714285714286
0.606456566345
0.42690583828
0.0
0.0794466621213
0.735604216935
0.0415147128646
0.607973636337
0.638862176333
0.118494717967
0.660698606595
0.768830474537
0.9
0.0833333333333
0.27191824925
0.51609158449
0.605085988535
0.734627030089
0.778474922227
0.487706207132
0.151256541852
0.828597447823
0.756332214546
0.10789516744
0.961359235688
0.0336178630562
0.906973273844
0.978832502707
0.208751415886
0.0416666666667
0.864663508397
0.837473948207
0.830345940492
0.856964910322
0.621758755209
0.0136051250587
0.800575794623
0.727884301366
0.0714285714286
0.846153846154
0.0
0.673441078411
0.0800208245382
0.916666666667
0.797479108321
0.0184242718843
0.906564364667
0.786503229413
0.586805298344
0.757163781717
0.749737219959
0.82109967013
0.727272727273
0.0
0.793968908368
0.908144146418
0.827038300685
0.746225289951
1.0
0.110881667446
0.101291140009
0.741500151032
0.78815134916
0.836007921436
0.852384517629
0.140832094321
0.1
0.735777492802
0.663134470524
0.196244154868
0.2
0.0253840613505
0.464633383478
0.151574263102
0.775533631037
0.599705477938
0.875060148066
0.0154710522715
0.875
0.768769895153
0.610909098811
0.775581512286
0.161900274911
0.719014996978
0.790815840042
0.683764312237
0.804865882174
0.731722099438
0.146396873684
0.350468683257
0.776600509815
0.752750506286
0.755913526582
0.676268803279
0.778260476679
0.902459996971
0.0769230769231
0.673141216877
0.821294330003
0.928571428571
0.222222222222
0.606456566345
0.151178920688
0.0909090909091
0.786344947039
0.733333333333
0.0248470476039
0.674798341305
0.748076635047
0.0452441360349
0.725864205825
0.762124205469
0.833333333333
0.0833333333333
0.271741166653
0.20941824925
0.610039554335
0.801326106393
0.62769184594
0.516976046117
0.113946696108
0.840881779143
0.712028980827
0.0667879023348
0.982012085335
0.18220960303
0.95232314244
0.978832502707
0.659000092781
0.711322501656
0.125
0.751935657867
0.857142857143
0.96315968111
0.659369201313
0.0520666635203
0.746944507304
0.727548034894
0.357142857143
0.384615384615
0.0722903547607
0.823397329073
0.155219964592
0.784084684521
0.756974929985
0.0962002129597
0.906564364667
0.819433651443
0.681201384663
0.783937129317
0.698436817202
0.842729479357
0.929717215315
0.0212131210784
0.852998973174
0.973011585448
0.815473269173
0.731059733459
1.0
0.0987050164005
0.715831184051
0.711462128813
0.815654715371
0.812580481641
0.696148279782
0.0588235294118
0.2
0.33720689997
0.777777777778
0.25
0.0989490357024
0.28680076083
0.591090224585
0.450757974118
0.729914005682
0.62166117003
0.917866981358
0.837444061626
0.0453193385573
0.763162832542
0.743328775049
0.665325373177
0.222222222222
0.704552104429
0.91013269561
0.640468746814
0.691720542626
0.638553937553
0.539222349791
0.111111111111
0.727046858944
0.695142952605
0.829432482856
0.71415566622
0.788339545921
0.778910871083
0.795732169253
0.0
0.187163956377
0.887988906765
0.75
0.576279982182
0.508495696354
0.589518492908
0.659634470096
0.846153846154
0.0
0.726976902647
0.690319914947
0.570255222177
0.669420835658
0.74102136685
0.9
0.0833333333333
0.695035874455
0.087477372151
0.523944356514
0.763437523045
0.695141588894
0.511156113197
0.12
0.889689797654
0.819359899091
0.571075725417
0.982012085335
0.129578024082
0.230769230769
0.978832502707
0.111111111111
0.0847690737935
0.807363338211
0.79660875813
0.854582234707
0.778681669106
0.71503167408
0.0161808082961
0.166666666667
0.659193833342
0.835711569613
0.846153846154
0.0
0.627706817002
0.117647058824
0.876585381161
0.68636799721
0.0418558465053
0.906564364667
0.76362348276
0.68094773947
0.78116524793
0.904043301502
0.843771893091
0.75
0.0713120978112
0.131345760108
0.920679077267
0.768313163403
0.796163576523
1.0
0.151794391436
0.0403375827798
0.724967064574
0.72871293409
0.258365680209
0.0769230769231
0.0776921012236
0.1
0.0414569683638
0.8
0.0307547738459
0.129328792777
0.124089495665
0.0750898125693
0.222222222222
0.641418180606
0.584100747248
0.862354822069
0.136363636364
0.156430449668
0.765235006209
0.643741510269
0.701873482461
0.725762776273
0.704552104429
0.824696273819
0.0384178303328
0.0860313773265
0.621543951221
0.0909031209453
0.49273572235
0.0858462187049
0.671472760719
0.0748810370253
0.69746626293
0.894736842105
0.877368702217
0.916666666667
0.784117044621
0.807498571616
0.812256582762
0.75
0.576279982182
0.0909090909091
0.181818181818
0.776013879207
0.133333333333
0.168365227871
0.630965316201
0.759351906442
0.0413993637695
0.822802921195
0.82486770876
0.0769230769231
0.149121237122
0.0844182492504
0.155167750691
0.715183051767
0.801326106393
0.307692307692
0.0817676954072
0.599597574947
0.814729547603
0.802938071736
0.183766072385
0.888776213211
0.148142211958
0.212106804272
0.0833333333333
0.200035592917
0.0581876091865
0.118694799556
0.856423762256
0.843396252762
0.881454361976
0.566721313256
0.0905282019818
0.0
0.610469642411
0.928571428571
0.153846153846
0.0190219053357
0.804154638875
0.0588235294118
0.0755397008757
0.0526315789474
0.0418558465053
0.913751721231
0.805406718856
0.57132585903
0.80357920847
0.698436817202
0.85
0.818181818182
0.795411407057
0.814822496253
0.087656000015
0.708242757244
0.699077948285
1.0
0.178140230765
0.719227660664
0.715053094912
0.823669727746
0.823529411765
0.835044785835
0.0588235294118
0.6
0.1
0.830242661708
0.0303473639932
0.325887350583
0.10635566207
0.644379582642
0.849139120381
0.60747239085
0.133333333333
0.816135685503
0.762715001225
0.0
0.734038678602
0.674648155977
0.656641810449
0.414661909899
0.698237864802
0.952380952381
0.660041868361
0.166338870451
0.0935031221414
0.174838457817
0.0524433214133
0.0852651911275
0.647309534692
0.786320878696
0.748809094345
0.884498696098
0.902459996971
0.897243880739
0.0
0.795130970134
1.0
0.875
0.576279982182
0.504433780037
0.842442712941
0.76559982562
0.0954352695305
0.0
0.593849709366
0.696059620906
0.570255222177
0.68862499509
0.73944093627
0.923076923077
0.127188080788
0.695035874455
0.149492229413
0.596512629376
0.765437601224
0.0769230769231
0.438159947222
0.0150598250023
0.68212199828
0.819359899091
0.526681392806
0.982012085335
0.0204863404838
0.955990593021
0.0359607535798
0.111111111111
0.708765103348
0.758102934238
0.752352716012
0.706072542993
0.916666666667
0.612797914841
0.115384615385
0.101006768868
0.681199645497
0.357142857143
0.190574282502
0.0526315789474
0.970422153664
0.176470588235
0.0954673183449
0.0715979165353
0.550475920921
0.836828644308
0.812891075824
0.622820074702
0.7631051641
0.698436817202
0.702072242306
0.7
0.785234044456
0.0928350416767
0.908144146418
0.778286663431
0.0887361737455
0.872848611608
0.089944144377
0.664551983602
0.642619212477
0.801099315365
0.825075116198
0.153846153846
0.0854483773987
0.1
0.147108066094
0.705242661708
0.0631157046284
0.737807490538
0.143031120174
0.0984409485924
0.213968912219
0.69847456479
0.702567359528
0.701358486867
0.0909090909091
0.111111111111
0.634579104743
0.623583890823
0.641420042689
0.333333333333
0.777777777778
0.0833333333333
0.04
0.0446957246081
0.643167387508
0.114181879706
0.159402389016
0.219330903616
0.709033367225
0.795318979427
0.667709033254
0.928143164603
0.933333333333
0.860436525208
0.211291579539
0.733333333333
0.833333333333
0.72060195869
0.927747879613
0.0921509195976
0.0
0.678953038901
0.775157908516
0.0
0.762096568992
0.650842305846
0.0380539671216
0.687745729222
0.0322580645161
0.0769230769231
0.892591319363
0.756348105152
0.0625
0.568379152778
0.0353247508059
0.605000964412
0.508009933854
0.115234660422
0.626762239653
0.819359899091
0.598011254985
0.139073121061
0.842330077306
0.95232314244
0.0388822478665
0.208751415886
0.157336205339
0.375
0.732766300655
0.271396415517
0.804531285053
0.0833333333333
0.0769230769231
0.801794123735
0.622098400819
0.357142857143
0.307692307692
0.0972169491863
0.879513062755
0.117647058824
0.579372630538
0.0840114132435
0.515305558089
0.635076226872
0.926858609729
0.621061686546
0.632734810603
0.0
0.745004713496
0.909090909091
0.196089794629
0.131186631985
0.0397317725752
0.784146408033
0.727992148876
0.8
0.0567079734134
0.100127248468
0.673961781507
0.0378685365967
0.863030505691
0.153846153846
0.0872388157503
0.3
0.1
0.740797036388
0.0335382164273
0.0666666666667
0.637814421614
0.0
0.333333333333
0.65630430488
0.57987558078
0.921641143029
0.0
0.262261557461
0.103051296381
0.643741510269
0.646317926905
0.222222222222
0.668288330101
0.141998765162
0.08
0.0322580645161
0.060796972471
0.140427945784
0.261177028451
0.0625
0.697832236983
0.760575570083
0.796002289227
0.696200007451
0.629650432786
0.779878467045
0.523957219672
0.0509398407326
0.700035155144
0.875
0.111111111111
0.0602698297788
0.0493572393108
0.176220001044
0.0666666666667
0.0969366564427
0.0588235294118
0.08
0.244672019974
0.775604794628
0.011747366707
0.0769230769231
0.279577488201
0.213092384933
0.0625
0.0
0.587849070327
0.0266003028823
0.358694472994
0.138453822462
0.843702246268
0.74199952548
0.0666666666667
0.0588235294118
0.813964251272
1.0
0.166666666667
0.111111111111
0.102842260018
0.168985975689
0.112866357625
0.0482922692583
0.75
0.592931538333
0.0608065703758
0.0555555555556
0.110820044984
0.0499972838989
0.153846153846
0.0717308683686
0.740728812128
0.0800208245382
0.872247749091
0.0526315789474
0.0526315789474
0.836828644308
0.812819494386
0.489331872729
0.836502684608
0.749737219959
0.852868255991
0.834970014233
0.130749238712
0.834982357117
0.955879751085
0.788974301871
0.0497671270486
1.0
0.0987050164005
0.0639986529035
0.747035235254
0.823175844485
0.875
0.786816477811
0.0757998051387
0.1
0.182913936728
0.8
0.114088107179
0.0666666666667
0.163660060645
0.549637591843
0.268285520404
0.682743233009
0.523720715433
0.795478428661
0.827712543021
0.222222222222
0.777648484447
0.598893286129
0.727107667768
0.466494648636
0.680487150967
0.864678150156
0.0617171852967
0.0569511961655
0.577830014955
0.0849695481941
0.0
0.724265227812
0.628516576582
0.829432482856
0.860181267632
0.817173500513
0.780610950567
0.830716864251
0.720979923594
0.690697886435
0.887988906765
0.875
0.773123233011
0.563636384383
0.272727272727
0.71450373608
0.753344236329
0.0
0.687984824083
0.748879536051
0.166666666667
0.707505778691
0.0486868094434
0.0405751610399
0.203447633801
0.695035874455
0.0254921279385
0.58896693771
0.764232049958
0.0
0.496739909053
0.08
0.873073910355
0.819359899091
0.102819163954
0.982012085335
0.095510633011
0.307692307692
0.0833333333333
0.0976403047747
0.692138759382
0.324217231636
0.795048056938
0.148474237688
0.923076923077
0.573092472617
0.0384615384615
0.77280050537
0.0967741935484
0.357142857143
0.153846153846
0.0
0.105898269998
0.0211972951265
0.906499687609
0.122393001671
0.0724367158901
0.823231031334
0.805406718856
0.598361694804
0.7631051641
0.333333333333
0.732284890048
0.0909090909091
0.690741940538
0.695749524619
0.908083945624
0.0384961636664
0.77958706908
0.2
0.204832812352
0.117451524747
0.702650219164
0.0559669845188
0.453585537453
0.786816477811
0.0791473776498
0.0354124732973
0.0641941293665
0.1
0.0833333333333
0.0
0.104836531233
0.126216541662
0.0
0.718206197406
0.0287686028639
0.679581132838
0.806262832504
0.777777777778
0.674355100327
0.670873829923
0.586027924672
0.222222222222
0.755047879966
0.0416666666667
0.654687561892
0.669317095265
0.0491002135206
0.070215164046
0.310360667295
0.0233462187049
0.511623790069
0.796580885771
0.733552721779
0.604789813508
0.133333333333
0.717656857546
0.263046348234
0.58871544618
0.866666666667
0.888888888889
0.773123233011
0.0
0.700346328478
0.0907605666129
0.162101936197
0.0995161004151
0.522545992308
0.671287452925
0.0
0.612710460461
0.722246976173
0.733552721779
0.576947908237
0.0625
0.112419650435
0.115384615385
0.60312502095
0.0
0.121170028946
0.0
0.679322283
0.617152772812
0.555110637975
0.0588235294118
0.0526315789474
0.569329208476
0.0482489813788
0.692785561571
0.0521306757776
0.0707808175545
0.754893055202
0.710902216254
0.967043002772
0.679588655243
0.0704876422412
0.111111111111
0.0462781129402
1.0
0.153846153846
0.0207974551765
0.182821346921
0.117647058824
0.471233525277
0.797479108321
0.618587391251
0.879648353842
0.759712428034
0.486966102468
0.642066113755
