0.183964892537
0.100870649155
0.150658668397
0.0860100855864
0.0922458247643
0.12656400029
0.130895350006
0.0849888036459
0.236835317659
0.131512990329
0.11742159735
0.109379723379
0.158455269864
0.102094300869
0.116055504295
0.102758797087
0.131175165998
0.1498730996
0.114766272075
0.142338029217
0.140994224545
0.0985872588962
0.110913410964
0.173713906375
0.105124320431
0.105017247576
0.121049116172
0.0904025981498
0.164597208517
0.0860054672268
0.0880416776204
0.113580304754
0.172906589644
0.105764412581
0.0959455604915
0.0849027371753
0.0960550117818
0.0867786954012
0.149610810922
0.151066914576
0.122470110196
0.0977039915452
0.130000190078
0.128593390517
0.108378757477
0.121559670517
0.0843777635023
0.129412551764
0.168473349157
0.125234844658
0.162657159978
0.153162910186
0.132123102656
0.119593157843
0.112739005994
0.136838245223
0.0990959925603
0.108375495919
0.128027330679
0.102173136529
0.151987257558
0.0970702267755
0.117510833487
0.0982309567964
0.0816273631941
0.110254492447
0.106632930629
0.139346172759
0.132656053429
0.109886690012
0.0908584283112
0.13318231466
0.151869633074
0.117699126295
0.104359399779
0.0857637281292
0.167647706452
0.141164344552
0.165862748903
0.117690003914
0.184401131227
0.110947915911
0.115552887902
0.163651677021
0.125002517301
0.066453757184
0.128873479399
0.102062852826
0.118897804337
0.124123228766
0.104071738265
0.149886649117
0.101280158704
0.13672641508
0.0983508231982
0.11175588515
0.180324322646
0.109797372967
0.114222913801
0.223423529824
0.174261276096
0.10912416706
0.150863417874
0.082868466466
0.09759937134
0.125991618567
0.12434941638
0.0798420022604
0.221724191492
0.131512990329
0.11350151718
0.110648726356
0.152387761102
0.105466572499
0.107352586515
0.111275940395
0.146807146904
0.142846610953
0.128062915896
0.153481255594
0.142640684737
0.0795757638787
0.110916263023
0.184509992874
0.10214057854
0.10133237561
0.118562740369
0.0960824673201
0.18005107895
0.08709654859
0.0888179688875
0.114434552861
0.162421837254
0.103955223648
0.0980003411121
0.093188729942
0.0950437796749
0.0810265380138
0.157500640778
0.14810844593
0.116386360471
0.086811954124
0.116253096947
0.125881399174
0.106614431882
0.115942546263
0.0729382397436
0.13997240062
0.166276575243
0.130470589312
0.159753466727
0.164536712037
0.117890623674
0.149399359826
0.0984842706194
0.124335992181
0.111976808861
0.116162009219
0.114820976789
0.0970272078441
0.153713905659
0.100373248139
0.10449201695
0.109622841312
0.0883971469014
0.0902824520468
0.115070822773
0.141070252329
0.132475887282
0.131836230268
0.0991681369312
0.129212152091
0.143497651327
0.118286605282
0.11775201471
0.0849677865007
0.153563428732
0.134219742677
0.157549813507
0.11181377835
0.18697606371
0.103660369967
0.139322161365
0.15575217266
0.114334164753
0.0635530978685
0.116049611917
0.0989947645262
0.110693216635
0.126894735787
0.0996020815909
0.16127686963
0.106244902863
0.135793430071
0.103430944527
0.10971754328
0.198508231712
0.106507582294
0.114643600168
0.217005627754
0.164789838747
0.107925290839
0.14595097093
0.0931701655966
0.104721743064
0.135944289022
0.121871386674
0.0837269896309
0.236835317659
0.132245852717
0.119084444289
0.111109619861
0.153640105945
0.0966176084064
0.0933109567141
0.097763927901
0.111795013262
0.136181285077
0.108863437471
0.158602938614
0.130430796742
0.0959927275335
0.106694536485
0.184214941812
0.101236699217
0.0952086664749
0.107966084871
0.0976397721754
0.177879262909
0.0807277059712
0.0917214751692
0.103153747827
0.161242447123
0.115892402737
0.0959816763527
0.0985996037673
0.0998164347211
0.0723668243429
0.142949260773
0.141151116064
0.118469711298
0.0913412325168
0.132328817682
0.126714872072
0.107470505851
0.109018630123
0.0772296190729
0.155004825663
0.15199341001
0.126376870124
0.150313082235
0.176179321525
0.0934899129282
0.123682419705
0.113585036158
0.135535206137
0.130533491129
0.101687567929
0.127975301862
0.106669405766
0.143630731677
0.103489529686
0.0941282895265
0.118841494847
0.0970680047997
0.11166945407
0.124872893973
0.118130525707
0.138125279563
0.136546755187
0.0947738466336
0.128173372226
0.146333774574
0.10045627756
0.10353461638
0.0758262810109
0.125189742664
0.115225276531
0.16342273648
0.111919845231
0.188079557187
0.129667235874
0.135992766788
0.16954919988
0.120024017081
0.0768118047806
0.123264521699
0.100463676854
0.118175106726
0.123202776226
0.103757338775
0.136622406528
0.11362380072
0.129327446892
0.0993561749348
0.110964242267
0.171849077191
0.111020123595
0.105448878578
0.167469751992
0.155216044136
0.108421218983
0.166132197855
0.0924728252144
0.10347316802
0.142394635384
0.142696001625
0.0816877929944
0.236835317659
0.137669408104
0.127632573781
0.10644268916
0.151867408253
0.103457401566
0.101754324533
0.110216974517
0.131175165998
0.142846610953
0.120280763027
0.175985862942
0.155562909074
0.0940567593029
0.104881198526
0.184030002145
0.108137145725
0.110077036133
0.101207628847
0.0981256470965
0.168800695742
0.0830441756802
0.08845397358
0.120311366523
0.131197873396
0.103359589577
0.100817193367
0.0840635965478
0.0913467450649
0.0834208319477
0.151659621203
0.149448763584
0.113437622084
0.0942319987708
0.138261333071
0.131755683408
0.108075301622
0.118605794296
0.0809317145383
0.155151221091
0.164971887124
0.117722253028
0.161486474744
0.161014252391
0.125282329803
0.126961162505
0.113497957501
0.131300401171
0.102205002863
0.116581248014
0.114986211528
0.104364019707
0.143125325089
0.0997545477832
0.121946155849
0.110467958206
0.0880118171252
0.107687478525
0.113773939862
0.126655395596
0.13654877165
0.115437842283
0.0918624478621
0.125877030713
0.144037889306
0.113391144597
0.11584644727
0.0823621634425
0.159650884087
0.15169597455
0.158251455319
0.118060362645
0.185593013554
0.110515400585
0.144353302795
0.174362917546
0.119562908019
0.0755905303884
0.12783071661
0.10300875637
0.10924905537
0.128056279231
0.108599031589
0.154810131394
0.106008697605
0.14530151127
0.102600169093
0.1087757041
0.20280108289
0.116144022996
0.10930433268
0.211921262501
0.183964892537
0.107385636544
0.155572671851
0.0865133740651
0.10618914036
0.130946830042
0.137495294411
0.079896182631
0.223022073537
0.139852182697
0.126483554812
0.107481720538
0.153082580489
0.101589691657
0.112872602888
0.118447792314
0.131175165998
0.130775884574
0.119060598138
0.153500509062
0.145641760275
0.103526002633
0.103674224537
0.17613503088
0.100700020741
0.109794821736
0.118413577703
0.0988985190693
0.194110071959
0.0812648011854
0.0855110456005
0.120194017477
0.170952816213
0.104127741506
0.103723547372
0.0851416144439
0.106612474134
0.0921980772215
0.154404616892
0.149562918398
0.122618955724
0.0922298667431
0.132930210762
0.125384932997
0.111794273331
0.121381335389
0.0792596322462
0.141377887829
0.173646159549
0.125143871923
0.141667841812
0.161014252391
0.131300429787
0.140859614631
0.118785971004
0.135981233389
0.102905150528
0.115853252316
0.123348124901
0.0968476222047
0.148490850206
0.100585986763
0.113150767228
0.11881271593
0.088847131576
0.107934471399
0.113264067716
0.129245867097
0.136394387659
0.114087735977
0.0949570993722
0.134389970699
0.132330538858
0.107800004871
0.116130701392
0.0853593992891
0.166371960219
0.15169597455
0.144082221958
0.115725489518
0.164230426842
0.113017701717
0.139160036861
0.166693909718
0.123435054045
0.0737786445803
0.119379893358
0.0997832933873
0.119126629075
0.126927426364
0.104047404116
0.17995816072
0.104402280766
0.144497386824
0.10523982626
0.103371954381
0.186872444536
0.115509345925
0.115037790695
0.217087855464
0.174261276096
0.110148163488
0.158021430948
0.0891711167265
0.108146168138
0.136366569355
0.133036976239
0.082660917015
0.236835317659
0.144876365197
0.126335696372
0.10675748364
0.156994839512
0.106597608941
0.103590030563
0.111417947264
0.134142267883
0.142846610953
0.129480479719
0.15269674582
0.143676468441
0.109224844978
0.111407588309
0.188721505201
0.0988793140655
0.100162509607
0.112808106286
0.095774095961
0.167215591881
0.0858678273497
0.0965488738096
0.114863831698
0.150327214733
0.103124964356
0.10636186948
0.087551963229
0.088223000398
0.0835881044154
0.156974257831
0.141789649125
0.118705149419
0.0872117549095
0.138624911583
0.12822885679
0.109742477485
0.113102043761
0.0842788081893
0.155151221091
0.168256823605
0.123764584682
0.163576686712
0.148949307889
0.128515752583
0.129949660147
0.115470293852
0.132397215492
0.101925482727
0.126328799429
0.115759305449
0.10060093935
0.141719837933
0.101546296863
0.121946155849
0.100463306341
0.0924417629941
0.103990995659
0.106682138311
0.12616268006
0.139294509452
0.112347977303
0.0938547539793
0.140146968533
0.151869633074
0.113383813214
0.116130701392
0.0905709533788
0.155579747991
0.15169597455
0.146705153588
0.116204158084
0.183447336653
0.102501662373
0.14046951735
0.171178884763
0.125544284111
0.0684682317172
0.130812984598
0.0992539657154
0.117382573548
0.126725994316
0.108599031589
0.155986831148
0.107426405606
0.142026951459
0.102844058887
0.108650543572
0.20280108289
0.114517722777
0.113426444873
0.207337025052
0.185679950824
0.115626816463
0.159353331516
0.0831537493234
0.11134271965
0.135839698324
0.136754515356
0.0851187012086
0.236835317659
0.13707791525
0.126214382739
0.102011711075
0.146878072206
0.102176973294
0.0945278486465
0.113020146533
0.131175165998
0.146001630123
0.128062915896
0.16839352573
0.135617751481
0.124827580977
0.109406634128
0.165762378047
0.0983909304755
0.0955236663576
0.106844554575
0.0928524989188
0.187946056103
0.082252093416
0.085463761209
0.115404642063
0.182016206338
0.0993945742217
0.103647846853
0.0871026073013
0.101476441572
0.0867303335694
0.152237844034
0.159866882154
0.112744716221
0.0938713292001
0.13300720299
0.12799374371
0.113712853777
0.113156722444
0.0847838812916
0.159244868993
0.169626294838
0.1191280576
0.163576686712
0.148949307889
0.135692092137
0.15218963577
0.118355310765
0.12087268536
0.0980756181417
0.117001024807
0.119310635659
0.0880737040045
0.156697147688
0.101489109289
0.0972652276108
0.0990035884836
0.0808072291812
0.10210250283
0.116136521493
0.138649039627
0.114346338393
0.120891598127
0.0933300691803
0.141466227758
0.14978791651
0.11479690715
0.10879664819
0.0864178225644
0.162463485989
0.12861610268
0.160579072278
0.119645243433
0.161999629166
0.114645342236
0.135222383263
0.174301316024
0.119124875353
0.0657198173676
0.120181392691
0.0963230482006
0.118328485428
0.127941946849
0.102608812684
0.163686638522
0.112722089585
0.14377417639
0.105240932341
0.107061885155
0.186650384153
0.115393404762
0.111250986829
0.217005627754
0.174261276096
0.114961430887
0.159628528021
0.0886315895445
0.102002690741
0.134788359315
0.135558000318
0.0822853782412
0.236835317659
0.15006019568
0.124461423505
0.106549947019
0.154806589192
0.102768209615
0.109900770397
0.113289557619
0.142886209998
0.134700400851
0.127982982871
0.152069836302
0.157335283915
0.0999380801566
0.120343556776
0.195420545697
0.0901495273428
0.102748473926
0.123979926729
0.099277994902
0.182749404889
0.0770682375024
0.0871431128076
0.111742160022
0.135379119103
0.0982990636053
0.104158171034
0.0863057685121
0.103206893975
0.0885793932557
0.148871800134
0.146267802046
0.118163807283
0.0875347622033
0.13658960136
0.130689386715
0.108283131978
0.11585426091
0.0802780565209
0.144718355523
0.170550349455
0.130402853294
0.175013406798
0.148949307889
0.128034677644
0.1667000691
0.11687753816
0.12425349043
0.11004860786
0.11208722734
0.119358318791
0.109701733213
0.142627445643
0.100959239444
0.12285572971
0.102672362527
0.0921137047149
0.109634897174
0.104789640757
0.130720166211
0.12848406158
0.118116945338
0.0960960968133
0.132511211528
0.151869633074
0.115530004177
0.12015754298
0.0879494707337
0.167647706452
0.140524536775
0.161991601949
0.116705413541
0.170719986649
0.107854831171
0.126201440086
0.17833800942
0.122126854149
0.0750955318114
0.134298620708
0.0957347392199
0.12126370646
0.122549791721
0.102076301747
0.183368995816
0.102609734618
0.135122149378
0.106322767349
0.103620046036
0.19348058088
0.113182666239
0.118054515261
0.207732094115
0.174261276096
0.100634714756
0.149572754618
0.0847659366457
0.102242115727
0.130946830042
0.129081720478
0.0872331097501
0.192987381151
0.158685872773
0.123512320861
0.105056977806
0.159369496128
0.103194196267
0.108211608428
0.113019735168
0.131175165998
0.141627028931
0.127505849763
0.175985862942
0.145176620551
0.0989788573996
0.109051933853
0.141732376236
0.0999241386189
0.103238697722
0.108184464157
0.0895933089672
0.208917107012
0.0794223364577
0.0876703374208
0.099646073303
0.177366518137
0.102762992661
0.0987682866339
0.088140063274
0.0950673292778
0.0842575300365
0.157260421911
0.161201035185
0.112410335054
0.093037862203
0.132225477006
0.123360023538
0.117568385944
0.120531526453
0.07886567633
0.127056459207
0.161900888267
0.123280404204
0.156927200861
0.18313540219
0.119304286144
0.134120533351
0.111973127252
0.125529757865
0.105078634834
0.127041347376
0.117791724003
0.097381846709
0.142816130574
0.0977263160586
0.11015221886
0.129883214885
0.0970958744801
0.108628983514
0.103556119551
0.102826605571
0.12041619522
0.114649637011
0.101403049133
0.122455007022
0.151869633074
0.123885151133
0.103105705323
0.0843287784034
0.171141748977
0.128815502516
0.147818880552
0.113893646881
0.186018097725
0.105921788366
0.136860991484
0.156983593824
0.119531933422
0.0671518261329
0.128790254146
0.0834625572808
0.11754026669
0.124029919253
0.106385557592
0.165283272626
0.107493202998
0.123089777822
0.101155163487
0.105942822306
0.176454244689
0.129559802173
0.106732746015
0.183750499754
0.168780403465
0.104787155452
0.164386679337
0.0822991870064
0.100621546645
0.137568098587
0.136995818077
0.0788945809509
0.205190786
0.137992246453
0.114526911663
0.102345818301
0.13753260511
0.110147163724
0.110517552481
0.110425997424
0.121102481694
0.134700400851
0.128756663892
0.169341083643
0.123837923619
0.102599868156
0.107218910891
0.156925185776
0.0990894883973
0.0927401226514
0.111751055026
0.0952609021869
0.145451535415
0.0837501193323
0.0838435121805
0.110658659886
0.160617119609
0.095642663402
0.101915582707
0.0856969157309
0.0878501773753
0.083919118684
0.153958585962
0.158331660726
0.113051603392
0.0949668734329
0.13384649506
0.125607266571
0.1139135162
0.102650459253
0.0828637333534
0.131453017604
0.161898257314
0.107678016804
0.175013406798
0.117781319111
0.133099027323
0.117397426484
0.107197769387
0.117668708594
0.0984697378978
0.0911328767114
0.114053354869
0.105400087195
0.154779274927
0.101915082185
0.109103317232
0.110130228332
0.0873578956907
0.100112918297
0.109230328331
0.109527663031
0.13065327685
0.105474033653
0.0982354406416
0.134692601102
0.13982680498
0.113964744915
0.103686163481
0.0888320921658
0.169922797891
0.131866976428
0.162861475777
0.115819474298
0.161745661557
0.103955362172
0.128165096904
0.165342334191
0.11870866062
0.0727525356387
0.108097406265
0.105857854213
0.113088009694
0.127941946849
0.105523237227
0.172463258408
0.110692733237
0.145235391642
0.101116438842
0.111479388473
0.179286616017
0.122273385992
0.101563244793
0.21839125951
0.183964892537
0.107750802084
0.153877872473
0.0852699967825
0.10319695589
0.137758303026
0.130829605819
0.0850203621051
0.238276329598
0.130676273373
0.121255405203
0.108401890965
0.16196278324
0.1063447098
0.108456998561
0.11173175857
0.131175165998
0.131718943118
0.128062915896
0.163946873055
0.149715446715
0.104720236208
0.107245226623
0.160831574807
0.099796752441
0.0949212403055
0.117678802685
0.103295621271
0.156846850501
0.0822824194788
0.0819845238988
0.116215034346
0.136186388244
0.0968823874394
0.104250290677
0.0875503159751
0.0941414429966
0.0812496580757
0.157424033862
0.135079929755
0.116979187302
0.0890626360143
0.138485493695
0.125440689011
0.112301960893
0.113249579975
0.0833822640141
0.143580312521
0.162022353988
0.123673611947
0.175013406798
0.176179321525
0.136653854015
0.138819927805
0.113127471682
0.122841004814
0.102637661295
0.112715338597
0.122202537993
0.088136218242
0.145405079238
0.103022515344
0.0975836217694
0.103717248777
0.0921137047149
0.103719353333
0.118791676739
0.116358392765
0.121001005729
0.127364639436
0.0922662846487
0.139570598685
0.151869633074
0.111583398131
0.116130701392
0.0864178225644
0.154145866546
0.138848095927
0.161991601949
0.116786478555
0.168671992506
0.109201876668
0.132284262348
0.185563444012
0.114342162381
0.0702986712996
0.121508703417
0.100672164402
0.119126629075
0.12376857547
0.104322641745
0.180476773148
0.107817153768
0.144222806575
0.103928791144
0.10154006507
0.171675687427
0.111630511638
0.10799583431
0.207732094115
0.121918647094
0.105601533879
0.133507591778
0.083304046605
0.0972612250504
0.139461539772
0.130391551793
0.0815485451324
0.196038105788
0.108971188237
0.121327996699
0.106961696835
0.142869969939
0.0850173508123
0.111333170002
0.0956328215421
0.122132947434
0.132614812597
0.132427187654
0.160901678032
0.119402070694
0.0954168615
0.11754500936
0.159165234549
0.104874700655
0.103721705786
0.0943044066921
0.0985208390006
0.183389317389
0.085417652456
0.0912679929617
0.116409120261
0.140913761093
0.102837104237
0.101768816511
0.0980849761596
0.104318899952
0.0796581966741
0.136085726728
0.146347256059
0.123246307101
0.089052583295
0.127095457589
0.123130777768
0.1061535183
0.112203405426
0.0815096742313
0.145428993885
0.148257370587
0.121273613262
0.160451745884
0.180875373422
0.0908616204312
0.128226056338
0.0933474031794
0.128404537372
0.127702695231
0.112628013426
0.12305951066
0.100188150903
0.149843807321
0.0984416302613
0.113892783587
0.112381111613
0.0914425715686
0.123624047537
0.103247563201
0.111730226708
0.123251134654
0.126765141499
0.0924434408942
0.136567858028
0.136268715709
0.119616658739
0.109257943915
0.0810427509047
0.132732325666
0.118412075974
0.156494387907
0.113152562184
0.183852210945
0.109133780399
0.124385554666
0.162534034372
0.130267940619
0.0747230532169
0.121083146934
0.0954779463958
0.124657791117
0.127941946849
0.105002974611
0.161956699067
0.120710548649
0.135429740765
0.103505018494
0.103265299794
0.179450862169
0.116216728917
0.0971849913175
0.178499779707
