0.749737219959
0.721783873775
0.710859962197
0.769778084694
0.69653174592
0.780944048776
0.686387556306
0.607679242719
1.0
0.596040437187
0.715665422283
0.707909602599
0.791406641332
0.754722618655
0.774429164605
0.542076898241
0.825
0.745965733543
0.633333333333
0.777967970546
0.671992509035
0.482763011622
0.557732306122
0.875
0.755043982566
0.573610401892
0.705788908808
0.713950463556
0.534744230072
0.751538252514
0.549913540675
0.638830570893
0.457900323947
0.58165261116
0.666097411814
0.661120515529
0.717899416407
0.601357929659
0.561520967103
0.621149806797
0.731934549916
0.649097904345
0.746381400877
0.674779423114
0.901234233456
1.0
0.744643098917
0.476118512954
0.944258802085
0.825396825397
0.737336854687
0.578691960613
0.767059111311
0.459374053306
0.58564441246
0.776656018598
0.730223439444
0.700317734443
0.781706451601
0.543198379334
0.781368630676
0.730685252543
0.758254724988
0.483090553956
0.574157305297
0.555824807648
0.617735239723
0.814154409404
0.692307692308
0.44463417224
0.66695773815
0.577165081504
0.731698931542
0.539591594358
0.907945648149
0.860367091085
0.923076923077
0.755993357377
0.655078174461
0.76633283686
0.669642857143
0.720929329536
0.676498472994
0.767337502613
0.622539686185
0.628535946228
0.665214646892
0.634308399688
0.9375
0.897346897056
0.797432035624
0.528198730763
0.738643385843
0.671645269114
0.821090568515
0.625284088117
0.767919314892
0.734211570187
0.460708064502
0.76546545184
0.698436817202
0.761546249037
0.702760608631
0.754714344841
0.740032772499
0.836583091094
0.659503263925
0.670757552433
0.854292963242
0.596040437187
0.637012771461
0.760732978776
0.790851519854
0.705882352941
0.786816477811
0.586148131506
0.820366723445
0.745965733543
0.8
0.80080352655
0.700578133573
0.386626140587
0.4789118768
0.796623274547
0.683333333333
0.617883739672
0.78035616811
0.772727272727
0.617004740342
0.737171545444
0.606005716647
0.545265421632
0.429190730929
0.597633855844
0.66655763459
0.693324194224
0.830900748751
0.548238681604
0.522974141052
0.612088251706
0.719739010365
0.658556909296
0.691489315205
0.737508559098
0.677963658075
0.822151007501
0.61875748824
0.503558490286
0.806951172778
0.825396825397
0.737336854687
0.696747516169
0.452956555856
0.683662617401
0.581076706342
0.778996926975
0.63850031266
0.680872951334
0.671337137585
0.546641109965
0.678493659752
0.795077639487
0.657234644761
0.616082283423
0.723630923383
0.446827752088
0.600616449001
0.768510269214
0.672350580616
0.415690481303
0.692035873991
0.732058392128
0.60517869942
0.606183673893
0.947663291635
0.711711047223
0.65811965812
0.777000312998
0.609359503948
0.674256190341
0.792672576779
0.700965233745
0.722162605869
0.769963219073
0.572932276003
0.584689677772
0.739541153882
0.568663650745
0.869226293052
0.89010989011
0.749801152977
0.794650313491
0.792068661317
0.749928541085
0.755852394606
0.54185911574
0.810425911441
0.679294597546
0.562605012215
0.727078113258
0.789235482173
0.710549751572
0.719818018058
0.768956566474
0.798538968528
0.821709682846
0.687692243229
0.737974883143
1.0
0.56555845282
0.711667502172
0.738451216381
0.747331995238
0.654390545491
0.579215882336
0.507251487175
0.6
0.654299066876
0.589013904009
0.561557319702
0.554529031782
0.556286714432
0.553832572111
0.806740828
0.636896406045
0.449173513948
0.649924771365
0.725272316361
0.771874325171
0.61407976052
0.629300113057
0.542451447126
0.554924259399
0.815682064208
0.710822363467
0.711681866494
0.605225243377
0.49640529332
0.39968862862
0.672483437744
0.695579879562
0.565131687543
0.882901952984
0.694554005659
0.705469279104
0.743887332045
0.600271939515
0.708870469799
0.451936451556
0.752068620086
0.708333333333
0.682767898973
0.332997102506
0.487304269248
0.725895147238
0.865726962275
0.716111325949
0.425424168414
0.718386073293
0.580108933024
0.580734997821
0.800393171304
0.57319308431
0.798517117966
0.831739269242
0.469372596063
0.685334768143
0.645781211652
0.792066840503
0.532234092801
0.530195603184
0.628334642004
0.513416551791
0.372607123696
0.813435499746
0.625275028954
0.431965005428
0.721278564211
0.535940109552
0.651452351799
0.787108615818
0.897249317411
0.935638474321
0.768798299783
0.562845373982
0.698150118172
0.71770219269
0.633154708433
0.747123179529
0.761118617936
0.828157252372
0.664302357383
0.857843137255
0.532747751087
0.716209061887
0.701024661707
0.661226265919
0.707722821231
0.571359697009
0.374935030191
0.611132215052
0.79358647396
0.958333333333
0.851839152744
0.748753329389
0.919134279308
0.714577439054
0.706925999768
1.0
0.643227923116
0.762693913326
0.667645272083
0.808661061193
0.754722618655
0.709893400888
0.558958376664
0.825
0.745965733543
0.759373785308
0.919791261769
0.712753511065
0.499927258656
0.495646132695
0.806682164362
0.729194574266
0.693097654414
0.697455066923
0.803050624598
0.562888663234
0.70580976365
0.641099645533
0.659012035875
0.333595294853
0.537331737252
0.808773715518
0.67487693379
0.715422796614
0.670613369851
0.510355843343
0.571216990032
0.668803151805
0.659978283237
0.826680163202
0.737508559098
0.817255270774
0.841240091396
0.717223476969
0.708870469799
0.850590235684
0.761904761905
0.668067516467
0.543879010084
0.455160159039
0.619203581246
0.61306223587
0.77184601684
0.61943587014
0.539219644532
0.612083255835
0.562259427393
0.648718397071
0.749468152909
0.820855849363
0.791873316643
0.704127715921
0.525375234007
0.618454383064
0.69966477222
0.721153846154
0.464433273482
0.671703012333
0.713437651718
0.701391875206
0.583278035983
0.961359235688
0.725178372532
0.861601731967
0.916704251414
0.608080691129
0.762335004955
0.810622039122
0.794287001798
0.757678165805
0.803404603427
0.631503839868
0.71271989813
0.805916861924
0.751587951742
0.800446147525
0.846153846154
0.813059500283
0.575900373346
0.810541626297
0.859706159726
0.798900321492
0.604689757575
0.846401425255
0.77028150747
0.56104538393
0.684233103947
0.749737219959
0.793798399038
0.727272727273
0.773278217828
0.821850021351
0.879764641842
0.758219267916
0.760941797244
0.9
0.621651206558
0.763933268976
0.677531292022
0.776887439924
0.788602941176
0.81960049772
0.625536888634
0.825
0.7
0.590810781566
0.747720974576
0.732082675745
0.615267768002
0.469833867648
0.844602383637
0.67803513613
0.589628084764
0.702791862564
0.778110026521
0.859374325171
0.748609289251
0.498593591318
0.630071358288
0.623439622261
0.666617446405
0.774973826736
0.694969057412
0.802706674141
0.736235681866
0.510355843343
0.517748494437
0.752331743883
0.674887625146
0.775122991766
0.686531283998
0.73837591592
0.872377997072
0.788508108254
0.587229624065
0.772071137273
0.825396825397
0.68948353826
0.543879010084
0.471089821331
0.755244755245
0.706566902421
0.78510668221
0.671554304761
0.677005668238
0.705057126042
0.562259427393
0.690067970074
0.722940227626
0.842984508451
0.819255240485
0.649753975125
0.638619120207
0.638237384591
0.759612677364
0.591841420787
0.48067421111
0.660289642416
0.816239516073
0.622773523565
0.466443679449
0.977674653496
0.814241804542
0.88141025641
0.916704251414
0.52938891739
0.728704999954
0.675
0.671837206523
0.911475736467
0.904796391568
0.640461665016
0.695049509355
0.670666078599
0.666895150469
0.966666666667
0.869982371546
0.779114190171
0.844019843809
0.796519643718
0.743652157625
0.706048806844
0.539894960431
0.839399031499
0.733484530921
0.635808774382
0.677003913378
0.698436817202
0.792737735589
0.808080808081
0.822321280029
0.844161590258
0.912198361357
0.753345510795
0.700011662054
1.0
0.67642526168
0.747587014519
0.671063625194
0.791406641332
0.716386554622
0.689011491949
0.656051196392
0.794128808639
0.745965733543
0.738888888889
0.747720974576
0.619108349478
0.687310545232
0.531802648291
0.912237719917
0.668903208611
0.577592707441
0.718105272726
0.763636363636
0.623464066568
0.705763549896
0.586336979587
0.571261867062
0.387431322903
0.61652286584
0.883199606075
0.660374685561
0.692728262376
0.656930327961
0.534685823864
0.533413103344
0.68160643026
0.622897854652
0.835877195937
0.710041033474
0.761898851191
0.767499573084
0.734522002387
0.708870469799
0.812427778791
0.761904761905
0.737336854687
0.497415555262
0.447091455419
0.602891979812
0.602680138814
0.809216707195
0.696605009885
0.716995035378
0.676357772232
0.564021431787
0.61726639305
0.74965110497
0.820855849363
0.764723374358
0.669443489522
0.566512090596
0.514518348247
0.726097073489
0.665764718237
0.49427033535
0.671164320838
0.791931067053
0.731698931542
0.585788112271
0.977674653496
0.802666072997
0.807841244158
0.916704251414
0.479488686559
0.715543919245
0.807363338211
0.743057350595
0.824145884978
0.795127199401
0.652767987282
0.642913422675
0.72977301588
0.618256626607
0.855101913628
0.846153846154
0.813059500283
0.573931943636
0.836127811006
0.891852963084
0.690713186989
0.62753554283
0.846401425255
0.772606846475
0.635790410558
0.739464399062
0.904043301502
0.836410685235
0.647727272727
0.761020217368
0.800440682858
0.891907856102
0.774821848568
0.762850747011
1.0
0.62547453285
0.718685363929
0.678785302399
0.714157552515
0.737767672028
0.546752207753
0.616074209663
0.825
0.776969032505
0.8
0.79932562313
0.651217386154
0.684736704155
0.524202866939
0.798783760429
0.658739031022
0.534836435559
0.713161797707
0.66830338109
0.844444444444
0.6874598333
0.599754658512
0.656715127014
0.725762776273
0.61652286584
0.828912660864
0.649024813077
0.770742017364
0.654003720971
0.501913769523
0.672227091042
0.619639341979
0.65779192699
0.784484243244
0.735029665163
0.799052291523
0.841240091396
0.88141025641
0.598808251053
0.823012603778
0.759432570888
0.737336854687
0.497415555262
0.522014115966
0.839160839161
0.760878635862
0.744996450585
0.679677332836
0.623807319123
0.711733808318
0.440448106189
0.773138047447
0.811585808548
0.567914350686
0.635852848723
0.588996136974
0.553162856602
0.675986575413
0.759612677364
0.614611516731
0.449656798949
0.585755270134
0.655674400953
0.686347530589
0.43873092877
0.923399812325
0.872368421053
0.855544316394
0.803762039564
0.556966940155
0.789562775673
0.722163761491
0.809718708715
0.802872902779
0.815784566554
0.549750752913
0.634609921572
0.855303296205
0.601146855296
0.928571428571
0.89010989011
0.811011096703
0.763547219651
0.869195538568
0.861882724701
0.778230055645
0.618597492587
0.875728243531
0.788172309979
0.583130081778
0.727078113258
0.698436817202
0.85
0.818181818182
0.789882333582
0.786343007144
0.858472514602
0.715587937217
0.694118060218
1.0
0.75144740858
0.699972380938
0.612071922145
0.817075360863
0.823529411765
0.835044785835
0.652877595647
0.837317276225
0.654299066876
0.774364877158
0.730347503148
0.777158683081
0.542107715255
0.612167562423
0.849139120381
0.586454543859
0.582394463715
0.687671616313
0.7396120371
0.601944554968
0.71105776789
0.551582721753
0.602213524104
0.414661909899
0.665474878985
0.912263829699
0.690489140511
0.783339227148
0.643652235356
0.501861630858
0.519369728788
0.650788252093
0.615898368341
0.770322928582
0.739201558919
0.869967911968
0.887695699595
0.863076923077
0.678344947176
0.764189074366
0.888888888889
0.855392410242
0.497415555262
0.467966351283
0.763636363636
0.706239457849
0.72738321768
0.680958244184
0.617303934134
0.708205107724
0.564021431787
0.66150579697
0.729954140088
0.947778926286
0.653243901567
0.669443489522
0.58260042599
0.585257819423
0.723249041001
0.726880546639
0.428499691877
0.691193681881
0.644460638067
0.731698931542
0.483333333333
0.953129376943
0.814931908541
0.923076923077
0.822216083717
0.608080691129
0.696738848879
0.654013436211
0.720929329536
0.696841116588
0.819049884346
0.613200396313
0.756875339145
0.721040373251
0.641730546784
0.966666666667
0.841467547678
0.791995290965
0.89577429569
0.736812500579
0.861739799731
0.867760550121
0.529633589804
0.810935765492
0.809518925255
0.549961497626
0.689717456916
0.698436817202
0.713554459358
0.668181818182
0.779072364464
0.803777709067
0.879764641842
0.74752301446
0.734079651357
0.8
0.789502046868
0.701342738295
0.595597841433
0.778149900753
0.752941176471
0.808928303592
0.544422126184
0.825
0.745965733543
0.661864877158
0.919791261769
0.725167042525
0.670671035265
0.564673701812
0.6062425446
0.622461376571
0.645405273687
0.642935201167
0.656681811693
0.871590926065
0.547257704209
0.631719136688
0.496259252666
0.660734001031
0.738888888889
0.668847297098
0.702406226015
0.710018895712
0.642121331967
0.462616122415
0.666145322523
0.692235447088
0.669560606625
0.721668196952
0.613484661433
0.853891711434
0.933333333333
0.8273428127
0.555796088047
0.723715595725
0.717066512462
0.709572037894
0.721581684144
0.459656503861
0.563281190351
0.646622930328
0.779203736022
0.65699324766
0.753326562885
0.58084382453
0.556873276207
0.624361080275
0.662132591921
0.798530688423
0.892591319363
0.731943489522
0.565864096705
0.576673382687
0.645326963079
0.554351963639
0.47050117334
0.671107925215
0.59022470125
0.731698931542
0.603885766685
0.799775439578
0.753663753379
0.88141025641
0.718459457038
0.578891528751
0.750447912513
0.9
0.66502099832
0.844263718044
0.746073028093
0.567786297044
0.634996746044
0.780480356445
0.575777101774
0.897619047619
0.852930026098
0.864873366223
0.811858211774
0.768815861412
0.561898995893
0.763536690141
0.484889004231
0.587590813504
0.806220608411
0.554058656416
0.626787641937
0.830112147588
0.734060281022
0.909090909091
0.74040137918
0.738874835106
0.882575443335
0.746297727629
0.70815663731
0.8
0.643899196993
0.674115567968
0.638335023125
0.730247304175
0.863030505691
0.857069880608
0.689960526793
0.733836849041
0.654299066876
0.729686892654
0.844791261769
0.622202866157
0.593742381606
0.531619917619
0.762268552757
0.66772025201
0.483717875683
0.791367511327
0.770364984503
0.713540991838
0.709821077293
0.599754658512
0.619001036897
0.593636466232
0.56795499442
0.863074572183
0.66890820215
0.726835262648
0.621479629352
0.496972497449
0.679297878279
0.599325275127
0.65633752569
0.733515269814
0.76088348129
0.658364356289
0.644308007312
0.717223476969
0.523957219672
0.628028194645
0.655892733653
0.855392410242
0.434334763184
0.546654349432
0.562705947095
0.610718155637
0.745480872094
0.652661331529
0.535573509225
0.641421516433
0.577577129916
0.710863458272
0.736296036314
0.744449318577
0.862988551748
0.675833331463
0.571832278921
0.594123928954
0.579143946569
0.741758241758
0.370691956764
0.589151898537
0.800668513244
0.718701057836
0.466040806534
0.906679687891
0.813964251272
1.0
0.803762039564
0.65425300904
0.733690017432
0.714548315967
0.747714008978
0.751318664238
0.75
0.522063542075
0.648826241382
0.651763908402
0.661223451426
0.918085974209
0.89010989011
0.804867351417
0.69574383779
0.866269180476
0.876197202821
0.666436118446
0.557696621441
0.826488664639
0.785191027559
0.448237970778
0.804329504431
0.749737219959
0.82318434096
0.763636363636
0.758387803736
0.805942871873
0.926008508864
0.739112171229
0.673418980804
0.9
0.596040437187
0.71496740476
0.68838988467
0.765363675221
0.849264705882
0.786816477811
0.713645525692
0.825
0.654299066876
0.8
0.79932562313
0.769244785825
0.656486800222
0.537663245576
0.772450229865
0.668949979398
0.515426590438
0.736105651649
0.822603973947
0.709258551814
0.727519004177
0.587694262806
0.658004635461
0.440578279267
0.630979188845
0.867228625687
0.645560825359
0.768208623585
0.593221323461
0.55112885585
0.513606834425
0.678998651074
0.638106056134
0.84864194804
0.78327864249
0.742742033241
0.763493362316
0.781494700463
0.635068330783
0.719519712166
0.761904761905
0.855392410242
0.682767898973
0.471877347793
0.755244755245
0.675385723894
0.747705879236
0.751257009712
0.657195393487
0.707957825266
0.425347028262
0.667511491089
0.813691476216
0.598301282009
0.704307903952
0.669443489522
0.56672080535
0.618660884491
0.723249041001
0.604467235346
0.497501046352
0.667748896093
0.762574853442
0.731698931542
0.567941995852
0.977674653496
0.872368421053
0.761148585773
0.850259858213
0.608080691129
0.733186651324
0.744711073323
0.771286247603
0.863977180306
0.836538461538
0.532105575514
0.676339944145
0.796027481373
0.610317504822
0.966666666667
0.852930026098
0.762956176795
0.838116032758
0.815781142926
0.918446409384
0.83765390965
0.539894960431
0.764399031499
0.800861783034
0.609522474447
0.689717456916
0.512805219925
0.708933259433
0.69696969697
0.665289923159
0.68975827937
0.882402635666
0.704662484515
0.774972860327
0.834542052658
0.468550590106
0.652505158823
0.680185811219
0.7447147418
0.409882454164
0.786816477811
0.602081030317
0.572727272727
0.56263240021
0.790624447867
0.582016048396
0.586182567212
0.561957108751
0.622422550155
0.742996730333
0.664004349596
0.44543620565
0.568902146186
0.715909090909
0.81076321406
0.613072885465
0.569313874616
0.540168133963
0.422222222222
0.717295485968
0.680736968225
0.693416164175
0.679423454816
0.563933381463
0.356463308021
0.578134805023
0.755274005708
0.494186229734
0.740987516811
0.704339763122
0.617570006988
0.65396378802
0.676253577303
0.708870469799
0.501411295226
0.810229291691
0.888888888889
0.644269360843
0.310088616326
0.668512404456
0.522531564139
0.775908245368
0.641635784215
0.463770921598
0.639632239458
0.543198379334
0.575988897108
0.710124615126
0.775255178948
0.587387680118
0.748355263158
0.581613438043
0.635099975859
0.625161931944
0.645958154063
0.491305804883
0.543488656459
0.66010550841
0.468361110467
0.483333333333
0.892467880092
0.613347868312
0.50221567474
0.736431685851
0.609359503948
0.628804059877
0.808167319528
0.747054844104
0.741532918964
0.923569366112
0.651532086906
0.73059369219
0.586513963466
0.635916778125
1.0
0.89010989011
0.828157252372
0.639867899112
0.857843137255
0.444603394905
0.798900321492
0.573614181795
0.878583655571
0.7166726571
0.446282317911
0.570039925296
