0.793005055468
0.788764469396
0.7888117124
0.83862783154
0.735058153634
0.830777036701
0.753343959715
0.723844794695
1.0
0.6573424811
0.769597945437
0.780084090716
0.840808280674
0.827403121421
0.804580210253
0.649777037641
0.871618504645
0.791066696881
0.705238398003
0.813274161224
0.747484842447
0.592670476011
0.652965199893
0.910674477693
0.812432189418
0.675516584657
0.760505818157
0.788781589833
0.658532211712
0.813093923323
0.662438973871
0.724571944063
0.592265813772
0.705161162499
0.739341412069
0.752439640359
0.780942801182
0.686525976996
0.662311961604
0.690058063171
0.7909787971
0.733867090142
0.809681503831
0.764129321747
0.926789363683
1.0
0.815606621804
0.603230672891
0.944258802085
0.879587826991
0.811388422584
0.687746258126
0.808232306871
0.567935970966
0.685362505337
0.820375537615
0.789778418078
0.777995175026
0.818656369871
0.651472297154
0.822744567949
0.794180024381
0.814817884671
0.622571022873
0.685434634634
0.650091157449
0.701377603599
0.850217612554
0.771825284019
0.574075140676
0.750269297286
0.691354499179
0.817961019235
0.655245067201
0.921882682313
0.902346576669
0.955990593021
0.798120281565
0.734332929202
0.809719851706
0.777511515184
0.781266556571
0.724329923773
0.836324043206
0.683892628436
0.720006655914
0.757823029657
0.714263470531
0.95679237931
0.917127455654
0.849395452156
0.674912866009
0.803444745127
0.745654924647
0.870543934401
0.727588549423
0.803579922932
0.797245989006
0.610090120845
0.813173062396
0.741704652711
0.814022087551
0.770025464698
0.8253591801
0.791280294175
0.874844389984
0.712703351963
0.741754518108
0.877757819533
0.6573424811
0.725189955933
0.821700660628
0.834721756768
0.800998404298
0.829183952611
0.691030036597
0.876377321051
0.78277341936
0.832411831598
0.830048846179
0.756751328521
0.54105191014
0.614607420609
0.837602601392
0.786793799512
0.681734551415
0.830964694416
0.828968809094
0.708697757865
0.804583393647
0.710840805978
0.659368797279
0.591776924745
0.722110514776
0.736964749473
0.77727218733
0.858225425427
0.645080111757
0.60840272397
0.687738841971
0.790842855675
0.732106760064
0.780636174493
0.791511341616
0.750553615693
0.842080570869
0.72098345227
0.637367976569
0.836996411478
0.885937010387
0.815280989117
0.770155531957
0.579773241745
0.760099146476
0.707605241593
0.830859966093
0.736175177817
0.769820933338
0.733339035626
0.657526721165
0.746353547678
0.849027451191
0.750068027118
0.708588346454
0.800969346056
0.569590007834
0.684250966085
0.819831898334
0.744774808899
0.572669421812
0.774278110017
0.799909153517
0.717769558821
0.701479541876
0.953792545661
0.790422318373
0.762640895701
0.831259973722
0.730323393837
0.745163207792
0.829202667899
0.764047969518
0.803266492998
0.835669564406
0.650572009958
0.691585384474
0.800339415526
0.653914017305
0.890399339322
0.924121323783
0.808282326695
0.844073120859
0.847439347839
0.815111814467
0.839510149778
0.665278652779
0.857743550332
0.734021133987
0.673108502942
0.791714322542
0.814587614917
0.77960178123
0.808611832789
0.830502501582
0.840601915909
0.858092587156
0.739725551075
0.786382000552
1.0
0.647415544565
0.77724100913
0.794411060451
0.806203352635
0.745568215698
0.657421932825
0.618503290354
0.696444065526
0.72526503604
0.664326112394
0.647081415347
0.637261920784
0.649498580254
0.673350280639
0.846814354211
0.730508990526
0.591792456832
0.727058137687
0.810882978601
0.840946901068
0.725450960277
0.723486118519
0.642862976482
0.683422619487
0.869639826442
0.777321666393
0.781030293116
0.711172073267
0.604544676544
0.564122989709
0.748477261314
0.758500498714
0.666489678902
0.89988539137
0.756250206575
0.766679476775
0.77837253965
0.69883136452
0.796493693019
0.598595343639
0.809363533541
0.797448726908
0.751968800982
0.487112070039
0.612499666523
0.788896960534
0.880038364977
0.793685846645
0.560500492258
0.766945972377
0.683055631258
0.665966797643
0.834532237162
0.682866705918
0.846921858253
0.878048642265
0.589950644446
0.739284620743
0.706626459264
0.837998962175
0.658512986111
0.675732630198
0.715544637349
0.645628404016
0.567758190618
0.843399171161
0.726425460018
0.581512417759
0.778292396667
0.635819739853
0.724162840099
0.840117129693
0.915892861487
0.943598210891
0.81462799609
0.655033770922
0.770154382001
0.776074381117
0.71485947923
0.805217106444
0.827275345309
0.86458979658
0.750411489849
0.907176690489
0.647026442778
0.793525885785
0.758156028019
0.73484012331
0.762282019107
0.685427630138
0.564720945028
0.696340375701
0.838643918568
0.97633238244
0.892338567189
0.807070278566
0.922897627726
0.772763242074
0.785384751479
1.0
0.717768148125
0.81125857778
0.734827235463
0.844719555805
0.821920981483
0.782753490061
0.679630629013
0.871618504645
0.78277341936
0.789176559718
0.944003656659
0.771474339606
0.622696868613
0.607867584099
0.850222778959
0.799286276737
0.758912016966
0.76316504843
0.865265761606
0.673585569678
0.777602138284
0.729755115171
0.728397346553
0.49719984939
0.682066471714
0.84424458886
0.752509113248
0.785614866086
0.725142130816
0.624139860878
0.677558160793
0.743081333299
0.742658253246
0.865006495539
0.788497796687
0.857323188873
0.86338917794
0.802498174458
0.798465795648
0.863700435716
0.834369384433
0.76732032802
0.655016714122
0.581622946139
0.707341493784
0.722566202401
0.803022649633
0.712665390247
0.668658337864
0.694207666617
0.67321413478
0.735488886929
0.802254344028
0.873185612676
0.818116950911
0.784063112451
0.617464730391
0.700578692841
0.764614351668
0.798510682229
0.588710521242
0.772746719811
0.793319583189
0.797321463483
0.682035066179
0.961359235688
0.794703174019
0.893081118254
0.923490630297
0.723276984606
0.799915293651
0.825394774216
0.834431982651
0.821450197105
0.844643323364
0.686094956932
0.773160770267
0.856918881686
0.799835756999
0.843721559523
0.895679889874
0.866721227887
0.708370913091
0.85911819937
0.894477441848
0.861474550483
0.703167729371
0.870525010892
0.82206095258
0.66965589835
0.748869313232
0.793005055468
0.829997556052
0.828023772163
0.840043875282
0.839126129364
0.908221958162
0.799922490296
0.814097998724
0.915886675488
0.674269540263
0.805513052008
0.747282108385
0.817736406222
0.86133739393
0.85420958117
0.710516872862
0.871618504645
0.779244590088
0.653926810352
0.819402997729
0.782628073563
0.711967107278
0.593973668274
0.870215261158
0.775362866486
0.690719598144
0.777051308582
0.833490092759
0.904556120522
0.81173696714
0.637393703046
0.736132495118
0.689159546161
0.755134404681
0.825521264967
0.759295107851
0.846197985157
0.780291516313
0.624302727479
0.627281875509
0.795622310332
0.746313343485
0.823415725148
0.76915411119
0.807733552527
0.893727742175
0.854737599336
0.704628323058
0.838468269072
0.879964245603
0.758536448631
0.655016714122
0.59202174003
0.835192738837
0.787312144785
0.822045637316
0.744241467475
0.759135019909
0.776498128441
0.662873421511
0.764258361719
0.782550907376
0.885765969935
0.852146112745
0.752148802574
0.725853996726
0.712610778022
0.816380154269
0.688705943579
0.604627086599
0.754817702595
0.851993450454
0.736106319816
0.608149750374
0.977674653496
0.870423734214
0.927904103318
0.923490630297
0.669340346915
0.774969608631
0.771363804106
0.755510156272
0.921878899775
0.92430119945
0.694526144854
0.761771570896
0.763289124189
0.757659353466
0.976328160048
0.890760875977
0.835923766327
0.876779060574
0.855991247139
0.813198326342
0.791445786822
0.645668080455
0.864846194345
0.800852947212
0.720759785427
0.758197556814
0.741704652711
0.837795180198
0.876331431157
0.870826136451
0.866226708581
0.928911302614
0.803423195836
0.775165216052
1.0
0.723860166741
0.79913143358
0.741925186836
0.835403507598
0.813233642135
0.75420671758
0.735670642961
0.847693686066
0.78277341936
0.780879203253
0.816426179002
0.705627175893
0.750413940702
0.628572993929
0.926067524309
0.768315360621
0.665945837794
0.789213481693
0.841493692073
0.721003663306
0.780493443883
0.697123078268
0.680427392962
0.545189486971
0.723035413012
0.902789122118
0.741984393186
0.765773322886
0.716259123523
0.644093481587
0.646994504367
0.757637865215
0.711400976811
0.875765708871
0.77124700618
0.825965654006
0.803175097255
0.803201879561
0.798465795648
0.85266705426
0.844985903075
0.811592502708
0.633603259503
0.565534376889
0.68430370092
0.72852369722
0.851843363243
0.777100671941
0.791134374077
0.743318032168
0.658262467722
0.705472886719
0.794471034325
0.873185612676
0.7863291706
0.76461731102
0.656288789712
0.624032620669
0.779458525663
0.750184375391
0.615021959949
0.764926956424
0.844082742041
0.817961019235
0.684502530456
0.977674653496
0.85989382587
0.868864472005
0.923490630297
0.642640550701
0.775699353756
0.844374857266
0.795033256091
0.874545325165
0.848238522219
0.699103126165
0.733158763517
0.803915113707
0.706361444029
0.87875690755
0.895804894032
0.866721227887
0.697947852709
0.872204822253
0.906460685021
0.78427507927
0.714079555424
0.870525010892
0.822006703677
0.724703949919
0.797319532755
0.904043301502
0.879895813399
0.772466830197
0.827803504754
0.82183048133
0.895631493048
0.818516367327
0.824703361729
1.0
0.672909437911
0.776033579162
0.767854778824
0.784522061789
0.787327032007
0.662269599429
0.711393887987
0.871618504645
0.8029205197
0.832411831598
0.854363940759
0.730145278753
0.746392292166
0.646253420255
0.832986107098
0.755777465158
0.631495882967
0.790617283318
0.757432263894
0.893806801697
0.778086839958
0.708015102313
0.739264215998
0.76369785918
0.726630471524
0.859773134161
0.730238717199
0.817102525571
0.717791489949
0.616089717718
0.763549332078
0.712969812815
0.735365914397
0.851038265251
0.792962563326
0.85723561083
0.871575767607
0.917660991465
0.724210092602
0.864249923757
0.838306373911
0.811592502708
0.633603259503
0.63896513245
0.900905837822
0.814134246504
0.78953988058
0.764191704737
0.725804914467
0.766143139462
0.586126823391
0.822954307782
0.8469029817
0.65142868356
0.707394181589
0.700025356631
0.652769325774
0.741781108815
0.826535669543
0.714985376323
0.595230442995
0.701996000931
0.758573288671
0.779618441338
0.5957320615
0.929780937099
0.914347906636
0.896101812055
0.845942997811
0.714996952786
0.826714956552
0.777179888476
0.850554519726
0.855210782974
0.858674966456
0.638788743443
0.731687661378
0.873713092339
0.705582417354
0.948653880572
0.925312694137
0.856940278672
0.8335835284
0.89492451282
0.884343948436
0.836595591003
0.70514150518
0.888619489379
0.831231332194
0.683849326351
0.791714322542
0.741704652711
0.897231368641
0.889551812715
0.850734528635
0.822232063356
0.885821299222
0.75468218337
0.773388632444
1.0
0.769781704176
0.767164149753
0.724697545742
0.858972498265
0.877782794303
0.852467311401
0.73168019967
0.879736119573
0.723902787762
0.815714085726
0.793259271419
0.823002166586
0.66075092729
0.702126943182
0.879872019029
0.695829037399
0.688041670757
0.767291938061
0.816293147521
0.693049240281
0.79054962002
0.674351311457
0.692142103187
0.552182449143
0.758040886119
0.932633034823
0.760651122353
0.832680984719
0.71336012347
0.611970293173
0.639834032315
0.735290343237
0.716979234179
0.84056296412
0.793247643143
0.903215669022
0.902947623234
0.909940575306
0.772849805013
0.830319628901
0.923254173202
0.893570569277
0.633603259503
0.588785360888
0.843265902686
0.776341595467
0.806425151458
0.756806851742
0.716421993511
0.762277240339
0.668082622198
0.739119359355
0.780356099789
0.960644127039
0.729250947182
0.763463160972
0.679023660668
0.675598065641
0.809723506081
0.779474688619
0.5789445833
0.777162739624
0.722744960477
0.817961019235
0.629194424275
0.959258630969
0.869664168608
0.955990593021
0.859262277923
0.719378745305
0.754007701069
0.741748776448
0.785547612603
0.775927105376
0.872161122107
0.685565295681
0.81541991946
0.796776827613
0.714482150391
0.979772465836
0.876137322523
0.843720343856
0.919401703102
0.808903780247
0.889034818398
0.904249723193
0.638463665835
0.849268964508
0.846025150193
0.669027377537
0.771520748606
0.741704652711
0.765305575664
0.784801660755
0.841472360151
0.831455557838
0.908221958162
0.793627317208
0.809129265093
0.872848611608
0.789502046868
0.74420486939
0.697396976992
0.81743985128
0.831765469896
0.840208439747
0.661801899964
0.871618504645
0.784939321355
0.722657402378
0.944003656659
0.791057923805
0.739531451025
0.668764534701
0.688249414635
0.72573541326
0.737213739059
0.720624529215
0.738556305322
0.911579783902
0.672482983732
0.715262333041
0.6272521082
0.732531941962
0.81576518254
0.752960734376
0.763929800889
0.760632216424
0.719114268874
0.567300119763
0.735759208456
0.756801438222
0.74414954577
0.805059251748
0.712622610284
0.889133785605
0.948650467896
0.879931606133
0.674989088292
0.800037506263
0.794303840206
0.783827685915
0.790782586152
0.600700628113
0.676636874956
0.752670165744
0.807845109454
0.735393140407
0.815401270686
0.672628515771
0.645600172848
0.703590552771
0.727520955747
0.831027256029
0.915985859264
0.811063536412
0.652347443826
0.674905983201
0.73322064824
0.644803769605
0.607262112231
0.758427139021
0.687147585556
0.817961019235
0.694092105511
0.846579663313
0.813653579726
0.927516925755
0.764118660844
0.713993015861
0.799411476002
0.934335515976
0.737161541922
0.8796308324
0.809866669406
0.658773820099
0.72108380758
0.829619951236
0.663753764172
0.927001124302
0.886034487626
0.895767518032
0.861514034517
0.827504888035
0.691874077893
0.826370630522
0.624352025489
0.665493456749
0.862448016339
0.673837304468
0.710369002617
0.868786179604
0.78592808187
0.944839040971
0.810594508807
0.795762560716
0.895136830189
0.803383603274
0.778827351972
0.851959940756
0.709198083934
0.741243715587
0.732440953177
0.776945606615
0.897397241326
0.891158652905
0.764603946862
0.810076633412
0.723902787762
0.781193404514
0.881157426502
0.711204195901
0.684891515495
0.654471640732
0.794711323128
0.753826275864
0.62510437246
0.830237380845
0.830303364447
0.79114766787
0.781607143608
0.709253436172
0.707903495474
0.682491165922
0.694993302788
0.888235259672
0.739304472695
0.787089078156
0.695546867433
0.595360659123
0.766594466937
0.706726069671
0.737324288197
0.814143558946
0.826825307845
0.744253368672
0.70577733422
0.800037652345
0.634407076314
0.706789098018
0.76055615625
0.893570569277
0.560856965674
0.647111897908
0.654660981429
0.710343137569
0.807732757235
0.728719307075
0.646106203096
0.722695629801
0.674931646852
0.782288225713
0.796463910242
0.789465147707
0.871103866145
0.772545095434
0.676220440884
0.689630287286
0.6905038992
0.821083749854
0.527238445153
0.695940593952
0.838196103413
0.78869117794
0.618255758052
0.912222300534
0.862283457299
1.0
0.852058561418
0.74672432793
0.796169012572
0.773379500283
0.789710046363
0.820404418903
0.834037613276
0.607101762723
0.736738034841
0.743985478614
0.738494089191
0.933082645936
0.925312694137
0.8549472063
0.773729234069
0.902346191723
0.900919468399
0.757450037328
0.676087168659
0.847221818145
0.825425039973
0.580035447937
0.845402455895
0.793005055468
0.859828865056
0.850735402433
0.822080383142
0.844342648685
0.929732145809
0.790466042935
0.748757147067
0.915535634952
0.661339324128
0.763545657528
0.752362238024
0.820394382423
0.899277765236
0.822188925506
0.772082067713
0.871618504645
0.7054616696
0.832411831598
0.852420489917
0.810570061498
0.741321375803
0.646920825693
0.814659937861
0.75746197749
0.626958023939
0.807099873674
0.872764252151
0.778547843107
0.805103057766
0.698471502801
0.733759240664
0.566292055135
0.734090498261
0.885609641177
0.720387831312
0.819477405605
0.674406226454
0.644168412773
0.643619392163
0.75674250692
0.720264739161
0.877608961666
0.817917080183
0.813350630718
0.784843107419
0.84741518066
0.750257856513
0.789118924732
0.845362321687
0.893570569277
0.751968800982
0.583890908198
0.830422387688
0.760709790326
0.808037754924
0.807377472118
0.736481623389
0.761735140671
0.575985213043
0.738469196562
0.852224552287
0.680661151169
0.752268880961
0.763463160972
0.671556963177
0.704245404607
0.79384898458
0.712439383287
0.629002722797
0.766284668571
0.825307213574
0.817961019235
0.673175431027
0.977674653496
0.914347906636
0.832109132753
0.869985287967
0.719378745305
0.783119758762
0.779251616383
0.813531938696
0.888996264096
0.888618787282
0.619138063382
0.765003979338
0.843715466927
0.688674927211
0.976328160048
0.888132830126
0.826896742059
0.869849652344
0.859368142286
0.932080283193
0.885537621345
0.645377874802
0.808003442975
0.838027638807
0.714977364794
0.771520748606
0.638686070264
0.774864793708
0.798873500602
0.760074074091
0.759381137987
0.886617580399
0.74574463751
0.818578105814
0.859275645579
0.583070164335
0.73001603094
0.744694638279
0.800092778338
0.563334027731
0.818303383609
0.687234211616
0.706198988064
0.652752221602
0.825082324756
0.683372682725
0.680198818602
0.646290909966
0.712267206235
0.813228658878
0.756886592989
0.590145161809
0.662592608307
0.805934830747
0.871562085729
0.713373781646
0.667880803964
0.655183450863
0.580705135969
0.792587481595
0.75214834158
0.764073557411
0.749934277839
0.652644120826
0.523621101074
0.649998009026
0.811035931253
0.61433497725
0.81420001994
0.762942937438
0.686155196867
0.721187134218
0.763558692522
0.790073270836
0.649389736106
0.862806799719
0.915559690501
0.748451117999
0.459015469211
0.720922793236
0.612220082978
0.798197064694
0.716635499577
0.619799719387
0.712150498785
0.645649389233
0.66335762214
0.771562616252
0.816030124814
0.695068750181
0.820633958708
0.678318922428
0.713916303532
0.695665376596
0.727136772719
0.61821580551
0.670855031108
0.739506557847
0.63484411304
0.63665261437
0.90549166629
0.722730614269
0.624266071601
0.79116225625
0.726409445815
0.702612875398
0.837695373843
0.80010582414
0.78095645863
0.933884248152
0.696761539317
0.793258886991
0.683651399625
0.706900613767
1.0
0.925312694137
0.87314606885
0.745217957785
0.906270904696
0.574311795119
0.864221002661
0.697041163958
0.897833076173
0.781047846469
0.608950493365
0.701309590281
