0.174162126497
0.084669851679
0.134173831781
0.0713402978076
0.0677077882583
0.107061343264
0.113433972078
0.0653718738224
0.2
0.108058772447
0.0928857011265
0.0830636109828
0.138302141787
0.0848050575595
0.100185131729
0.0757843458567
0.113002464101
0.132173653614
0.0972964759318
0.116958704599
0.111723628708
0.0793439552045
0.0890398830681
0.154268030106
0.0849876990558
0.0911551311258
0.0990582343072
0.0675017961768
0.142647733617
0.0667778367799
0.0695678237485
0.0945238904426
0.142281449501
0.0907186161489
0.0795105230198
0.0678330003758
0.0739528868987
0.0666925595039
0.116612791567
0.123047246473
0.0997212170295
0.0738220651838
0.104905740426
0.111203927785
0.0851988277869
0.111996701633
0.0657546949733
0.097206225069
0.143528178863
0.103776335275
0.149037044912
0.134286167469
0.107011141745
0.0984599648338
0.0926593312653
0.11142573645
0.08124881478
0.0933676796965
0.107146965143
0.0838875106107
0.124574323208
0.0763879391764
0.0970945457957
0.076282641772
0.0672105005686
0.0840225386853
0.0826922656498
0.124698862789
0.109104908907
0.0914460935188
0.0726311735208
0.112007568488
0.13906685027
0.0953228590771
0.0936440154567
0.06754317054
0.135088174297
0.114864380512
0.147808822061
0.0950432165105
0.17093469211
0.0933336191323
0.0923968698865
0.14948563706
0.10433841662
0.0500991930334
0.108342899707
0.0802893179527
0.096920789492
0.108839280768
0.0820097199974
0.118949174818
0.0740691482806
0.118833028771
0.0801748797855
0.0905572066775
0.15227813118
0.0981339078283
0.0807453034899
0.201943161869
0.164458510056
0.0931955499783
0.134301794329
0.0683487474131
0.0743460292626
0.109340106399
0.106309775146
0.0607604001807
0.191103127813
0.108058772447
0.0897197895256
0.0865997378231
0.133479094602
0.0811813235621
0.093032219955
0.0837569144191
0.131277287109
0.124960640455
0.110683361267
0.128116131693
0.115732589675
0.0656612865179
0.0887135778321
0.164601894844
0.0827753175166
0.089453962468
0.0951188009386
0.0723333856621
0.162134373519
0.0665127899752
0.069118522231
0.0991198469218
0.131362528579
0.0875252447259
0.0804093223533
0.0738716477849
0.0739548100816
0.0629439248375
0.125578284643
0.123468135853
0.0929101663775
0.06481722049
0.0936536679785
0.107531522065
0.0829049246349
0.104439898164
0.0567246709434
0.111531834939
0.139175176065
0.110982430711
0.150432716449
0.143773682487
0.0943324100521
0.130543878164
0.0777278796981
0.10042127752
0.092390418964
0.0970593887078
0.0949758622179
0.0788510699978
0.127374190565
0.0795038101474
0.0852536055507
0.0861128559808
0.0744036733027
0.0687453854484
0.0877228960411
0.123299345529
0.105023085612
0.111241225705
0.0796267487204
0.105511239308
0.128444649334
0.0977387633315
0.104899683698
0.0669441380344
0.131355036179
0.11241041303
0.142135482654
0.0860233596587
0.178862582748
0.0872552201973
0.1165493105
0.137699955843
0.0915329555646
0.0469004725411
0.098258883774
0.0764628487034
0.0934487450965
0.112296770222
0.0796139211127
0.134853795865
0.0758194988699
0.114884813687
0.0831252152233
0.0848137264727
0.170302406488
0.0947324669697
0.0836318136246
0.193877080888
0.148305367632
0.0898225948426
0.132798907091
0.076155852564
0.0814341955501
0.117275814615
0.104124144449
0.0647752700231
0.2
0.10823220656
0.0975527615703
0.0873182600819
0.134831146349
0.0781091200734
0.0775260052433
0.0753878852794
0.0927919375461
0.121393519786
0.0878333391135
0.131567216344
0.10073817318
0.080271054368
0.0864002078915
0.16783633638
0.0825628407963
0.0808174085781
0.0865771077277
0.0765130292666
0.161406282851
0.0612754509632
0.0763045532162
0.0855119300272
0.138484182002
0.097188125486
0.0814934728982
0.0765120787828
0.0799362515269
0.0549730154539
0.115420666958
0.124000218765
0.0946224609223
0.0668143939019
0.108000246696
0.109659261329
0.0815872652642
0.0993935269906
0.0611534902265
0.129739641534
0.124212708144
0.107241645371
0.143339661219
0.135709170255
0.0772026470895
0.106860633117
0.100262881027
0.110383555226
0.109135509258
0.081842615394
0.106291327854
0.0869623782637
0.118104924468
0.0813845712674
0.0796084718593
0.0921852244348
0.0793101344946
0.0917825371938
0.0997438538399
0.104043525345
0.120319753882
0.115848952184
0.0753545711481
0.106041018364
0.134585399891
0.0825344143521
0.0894559107118
0.0564520958213
0.099267480309
0.0952545975648
0.141202148378
0.0910005233489
0.175975849225
0.113086869749
0.114256530149
0.15395139124
0.0957697076538
0.0574405114219
0.111038610686
0.0809200147631
0.0956386280688
0.105454613452
0.0819685669642
0.108348492334
0.0808871099422
0.106804235795
0.0810684305447
0.0895230923261
0.130783617062
0.0986329936173
0.0805757365859
0.143511575699
0.147863969606
0.0905150531715
0.149673245018
0.0781173555903
0.0777332062294
0.120574669185
0.122991946644
0.0620298650841
0.2
0.110617540909
0.103186591576
0.0828691805763
0.131753283814
0.0858474854396
0.088302729303
0.0841723153739
0.113002464101
0.124960640455
0.105940996498
0.146686519985
0.119741715838
0.0774299621569
0.0826956373415
0.164079462612
0.0897339903373
0.0983718410911
0.0786237911003
0.0754491459903
0.146418312825
0.0632921540182
0.0692346011334
0.100736207465
0.10703538014
0.0884929630041
0.0815571813742
0.0667593710649
0.0680387247546
0.064255214135
0.122260926578
0.122630652381
0.0916466135083
0.0695585922181
0.111574549275
0.112591236198
0.0844314289681
0.107515541445
0.0649931189078
0.124267113075
0.138877190166
0.096837356785
0.150834188712
0.123059150231
0.0881141694568
0.106438603691
0.0909123836509
0.10956038004
0.0843790140357
0.0981008245573
0.0960573933625
0.0859707940379
0.114605828007
0.0800548219758
0.0988771269226
0.0868684704933
0.0707416850901
0.0856516013047
0.0852909178452
0.109483036734
0.113525170444
0.0966375368186
0.0737724169747
0.103888307491
0.131375220456
0.093691930469
0.102205327927
0.064760013436
0.134505882916
0.124406355188
0.144339866855
0.0904503519476
0.175129932403
0.0940241811571
0.123401640026
0.156883423691
0.0962208609658
0.0550792428932
0.110317585179
0.0808464136405
0.0923956343159
0.110353660926
0.0858176192464
0.128354301579
0.0756178512496
0.120763289912
0.084546578531
0.0842452344742
0.17220590882
0.104493174173
0.0794470013501
0.185482420528
0.174162126497
0.089072238012
0.143657423147
0.0713376483081
0.0798881270222
0.113150066604
0.121199292685
0.0621622783041
0.2
0.120347066463
0.100546490337
0.0836247472022
0.131630240293
0.0828781643124
0.096928530609
0.0921484871712
0.113002464101
0.113974577133
0.0928700515148
0.126011567888
0.117294264664
0.0872906038824
0.0813327072119
0.156428920704
0.0837203502932
0.0959996465583
0.094984211806
0.0746544641865
0.178395636973
0.0623861881865
0.0665633261472
0.101255964814
0.15020788976
0.0890156023369
0.085604705343
0.0680435796724
0.0841021977603
0.0746840390153
0.123457414695
0.125663914663
0.0975122569453
0.0694069888211
0.105134797642
0.105380622165
0.0880419543403
0.111088938436
0.0624664499882
0.10806381523
0.143551537529
0.103722561187
0.13320455527
0.123059150231
0.0963154184678
0.122165635978
0.0995501966311
0.109323460648
0.0854464120581
0.0980318175279
0.103087086581
0.0771772858322
0.122219031506
0.0791613964449
0.0961632388656
0.097444620253
0.0719354084626
0.0875896721604
0.0884255750722
0.113206644236
0.110626892088
0.0970531898391
0.0775484965768
0.11110651807
0.12076773023
0.0870632830173
0.103514774747
0.0670614036787
0.135268189399
0.124406355188
0.126692736379
0.0923742623182
0.148199180083
0.0955116832467
0.114369142344
0.152535935728
0.0976767538303
0.0548237267727
0.101650875301
0.0793482481658
0.097205456507
0.111634949347
0.0837924546278
0.147998850955
0.0750204873143
0.120554138315
0.0871897061334
0.0793510661525
0.156426323565
0.102028005303
0.0828936083687
0.195603747939
0.164458510056
0.0932442374531
0.139774040646
0.0733021250812
0.0820208615729
0.116471139365
0.116011276278
0.062958217527
0.2
0.123480872693
0.102737055449
0.0814987227675
0.138452581841
0.0822692073826
0.089762085861
0.0833718969593
0.121158041205
0.124960640455
0.111870401408
0.124426941122
0.113576698778
0.0931903978004
0.0880248838407
0.172002937972
0.0796189781151
0.0903663722977
0.0923580940552
0.0738804416024
0.149042191594
0.0655597099936
0.0787445915733
0.0904787769143
0.119536590135
0.0882532113952
0.089478232489
0.069072658598
0.0680584786688
0.0661917994526
0.126886994112
0.117302435404
0.0939277843927
0.0639969688546
0.111975977996
0.110433298666
0.0868046547699
0.10023737616
0.0664283013289
0.124267113075
0.140966172548
0.102269823877
0.154255936434
0.127375887641
0.0938467511156
0.113114215456
0.0926011398445
0.106642907396
0.0845264758888
0.106007075316
0.0953334687236
0.0829008552507
0.112180474464
0.0808579493604
0.0988771269226
0.0793695207577
0.0750725485757
0.0837116164865
0.080428552107
0.110157235052
0.117255894478
0.093131490611
0.0775302512546
0.117851773688
0.13906685027
0.0921565248489
0.103514774747
0.0700939317409
0.126321658159
0.124406355188
0.130386163333
0.0916652823671
0.174028750426
0.0856675198863
0.121294360709
0.153446384173
0.102535814808
0.051490774043
0.112650906424
0.0774713145879
0.0997885082121
0.111005108323
0.0858176192464
0.131108876697
0.0780611478496
0.122333964755
0.0819305255779
0.0853042484157
0.17220590882
0.103099898704
0.0817169484749
0.180772566262
0.18094984153
0.0965537687225
0.149999437118
0.0669024759581
0.08456092248
0.116421471545
0.11827214873
0.0670993671077
0.2
0.115182077964
0.100781275251
0.0785779653967
0.127171920992
0.0793334074541
0.0837726321402
0.084607319517
0.113002464101
0.126642346128
0.110683361267
0.13864494196
0.106986916058
0.109652053729
0.090040754589
0.145999669097
0.0790566997911
0.0840347118812
0.0843501676604
0.0719653981776
0.169722306696
0.0629359059064
0.0664516864315
0.0956833837927
0.154819423325
0.0846878779674
0.0868395732816
0.0693814871495
0.0781435523783
0.0682429638101
0.122703156975
0.132731662482
0.0903292661517
0.0704999104948
0.104332447448
0.1067334924
0.0910390089705
0.100447642359
0.0687663504896
0.126834615042
0.142455798367
0.0987791615381
0.154255936434
0.127375887641
0.0994602966049
0.132926002667
0.0998183726185
0.0985705545528
0.0809521833376
0.0984759974171
0.0981068315804
0.0726563508546
0.129464306652
0.0816839773643
0.0785660173099
0.0802505354514
0.0650055820286
0.0815123122201
0.0899923807807
0.119866050373
0.0942634826174
0.10013329254
0.0749478125993
0.124399742252
0.136942796758
0.0930087484276
0.0969850373112
0.068185021343
0.133234327731
0.104614601836
0.143250892793
0.0909199397719
0.150668143022
0.0952140374618
0.118175277607
0.156112398151
0.0936029368915
0.0479187595438
0.10544617266
0.0763606752405
0.0966856770131
0.11150380128
0.0804522901929
0.136570735373
0.080270032922
0.12355149876
0.0849623039878
0.0845700620924
0.156781812791
0.104165312889
0.0823059724465
0.193877080888
0.164458510056
0.0972784855384
0.143429926128
0.0740736098509
0.0785732423431
0.114850814736
0.115558612331
0.0622235376728
0.2
0.125852100047
0.102609681354
0.0817657707917
0.136385564603
0.0836520721115
0.0955431595327
0.0856280418462
0.125910168524
0.119608764855
0.108931927689
0.12446621246
0.12608694734
0.0823901484906
0.0968888879682
0.178768696512
0.0718280437619
0.0893084401461
0.103930913787
0.075430242103
0.164046352427
0.0568786043411
0.0700307651371
0.0906663287266
0.107938307207
0.0849175656855
0.0898170749496
0.0690831078983
0.0796165940002
0.0716714837481
0.11880731497
0.120625290185
0.0909810649479
0.0634060558445
0.109868855745
0.112251036061
0.0845505999557
0.106775583462
0.064885812478
0.11500549702
0.140684264531
0.109000424497
0.16569265652
0.127375887641
0.0953150227046
0.147396418399
0.098379805844
0.10049393098
0.0943197999688
0.0952342522789
0.0990551723112
0.0877081526474
0.113647720729
0.0790770414213
0.102092029511
0.0862680096792
0.0748873428381
0.0879222154979
0.080980889388
0.11389160296
0.105390400389
0.0972843791202
0.0787849372027
0.114114239613
0.13906685027
0.0937450540267
0.106217399588
0.06854000578
0.135088174297
0.117048872776
0.146061237521
0.0894085173549
0.157352707541
0.0904845863044
0.104917391499
0.160413772334
0.0959309226927
0.0563904423189
0.118822392129
0.0751689515798
0.0986395965653
0.108276813172
0.0822176226973
0.155994333212
0.0721784240417
0.11427068703
0.0875496544782
0.0786895894628
0.163308392746
0.102386424053
0.086758118157
0.17971442292
0.164458510056
0.0833603470569
0.131431655806
0.0703948118822
0.0799998264476
0.113150066604
0.111659140386
0.0680575211391
0.174569722322
0.134484675314
0.0970333092972
0.081550987944
0.139637266669
0.0844818066392
0.0951111309665
0.0841310023715
0.113002464101
0.126745395386
0.101922774554
0.146686519985
0.112872583527
0.0822351483399
0.0911572898851
0.126579773003
0.0811391269077
0.0944679679159
0.0834754079619
0.0699358976068
0.194522784909
0.0608773814072
0.0680061982117
0.0809238063163
0.146264436907
0.0854915681271
0.0824278829949
0.0700593881725
0.0750411855579
0.0659232198857
0.125273217136
0.132330715369
0.0874623009444
0.0671476307105
0.104596946674
0.104227420973
0.0940569792141
0.108845414008
0.0641724537706
0.107541991344
0.137913378544
0.104168113697
0.147421043566
0.146482575759
0.0881864707807
0.118367144032
0.0922775039537
0.101206710153
0.0842795698625
0.111221658775
0.0963702430298
0.079642373448
0.113024266017
0.0743118084348
0.0906611713241
0.105528003566
0.0810292522236
0.0896267280996
0.0809949732607
0.0855073107231
0.0943990412883
0.0922272876013
0.0822896363713
0.0994881418218
0.13906685027
0.102241478501
0.0884087551559
0.0653275020732
0.137964999663
0.103760015533
0.130400659353
0.0908457464698
0.174757580303
0.0914373994091
0.113186111472
0.143049230974
0.0935657272687
0.0486445622321
0.113027157352
0.0656828573666
0.0939627355584
0.109205424163
0.0853051860183
0.14123816807
0.0778418114173
0.102104498796
0.0820678808368
0.089369468607
0.147566449139
0.117152143185
0.0811175632693
0.159289685144
0.161685239524
0.0859917286108
0.145214816141
0.0667873148545
0.0767900141979
0.116994902547
0.118394303329
0.058385933241
0.174569722322
0.116419046027
0.0874004566266
0.0776910395036
0.11852934131
0.0889444504401
0.0972751051848
0.0814989001855
0.10248986737
0.119608764855
0.108937752767
0.140041740687
0.0949372925213
0.0869314094208
0.0838866651317
0.141559740806
0.0764106031241
0.0786121129333
0.0854746154066
0.0730016663955
0.127444587978
0.0648520139278
0.0656196244178
0.090682028276
0.130317228118
0.0798648144213
0.0859162508657
0.0678041383906
0.068100470188
0.0652131879087
0.123890779237
0.13345770936
0.0843262694754
0.0696682241967
0.104339022747
0.104442669518
0.0901171115987
0.0877915308025
0.0663019946325
0.0991542065027
0.13192539773
0.087936806571
0.16569265652
0.0877356187589
0.0996542929855
0.101307026799
0.0873790462546
0.0965554271019
0.0813826717675
0.0710529560633
0.0937178209752
0.083375203957
0.124488974466
0.0794213799874
0.0912215130166
0.0872680645161
0.0698977355529
0.0791417545631
0.0838620814251
0.0939675603436
0.107994900372
0.0858714576057
0.0809849423935
0.111343945258
0.129088930083
0.0951638427001
0.0926403789293
0.0696113434686
0.137429215952
0.107787473001
0.141028287325
0.0882392306859
0.149155121397
0.0879649112989
0.107588737555
0.148414628521
0.0970682408456
0.0537964709173
0.0913755507088
0.0842447917018
0.0934710173661
0.11150380128
0.0836255594305
0.147800405809
0.0786385074168
0.124654060613
0.0792473004101
0.0878152882747
0.149229150288
0.111105712753
0.076572880681
0.1955664416
0.174162126497
0.0889749999532
0.138771186102
0.0690349631391
0.079494342069
0.117071720421
0.112825693878
0.0671765380861
0.2
0.109057983204
0.0957031559469
0.0838735229536
0.141882557626
0.0871871062726
0.0959170261155
0.0848295354175
0.113002464101
0.116627307121
0.110683361267
0.134246869507
0.11797704278
0.0892853269161
0.0844255617713
0.141112842878
0.0824796038542
0.0826246492035
0.094577431515
0.0809920836414
0.139902911968
0.0633799268608
0.0627462812183
0.0967260836123
0.114039530405
0.0832133304637
0.086504381281
0.0695291720728
0.0730691983241
0.0612944899552
0.12724843169
0.107507649497
0.0917328281805
0.0647963813095
0.1127352973
0.107454407986
0.0903055455737
0.101346554105
0.0682482574945
0.110994824045
0.135957830914
0.10221604979
0.16569265652
0.135709170255
0.101176253935
0.1203748673
0.0933818542084
0.102606707598
0.0827985968261
0.0924733113336
0.0998116426705
0.0700999138629
0.115900799773
0.0842884190629
0.0792750199416
0.0824003017531
0.0748873428381
0.0843645208127
0.0924329913382
0.101816698509
0.0984795654462
0.108152580731
0.0745712658478
0.122061228061
0.13906685027
0.0909589388969
0.103514774747
0.068185021343
0.123894121063
0.114813662674
0.146061237521
0.0922244252473
0.158275219866
0.092778425296
0.110672362005
0.168232140853
0.0882606423022
0.0529336310655
0.104361703944
0.0793854561295
0.097205456507
0.107392916902
0.0838130833694
0.153910133387
0.074796768538
0.124600834214
0.0850142626588
0.0767899625944
0.141144266808
0.101375938863
0.0801657800182
0.17971442292
0.112618129417
0.0915501534206
0.117408810006
0.0662079267029
0.0759725862996
0.118628329189
0.113072234007
0.0654724261583
0.174165917446
0.0909375683981
0.0998349928835
0.0837185263989
0.125032062034
0.0657084683903
0.0921679515435
0.0725166364193
0.107707902632
0.116526917547
0.117118675766
0.130086191473
0.0947695270118
0.0789488401533
0.0952849953196
0.143722688451
0.0877141150196
0.0883433780624
0.0743126574818
0.0768383131353
0.165628457069
0.0678420176873
0.0748975109459
0.0965072154551
0.112887672977
0.0869074467881
0.0870019438164
0.0752141105257
0.082066544543
0.0619338485769
0.108559758373
0.127177631396
0.102742981237
0.0668884596154
0.102579440952
0.105764914582
0.0802708328456
0.099522875424
0.0637553716227
0.122402107561
0.120207409482
0.100715134279
0.152356419735
0.144436721883
0.073525566109
0.112230181523
0.0774015380468
0.104431649342
0.103809072384
0.0936164492838
0.101395234583
0.0819025249843
0.123404373672
0.0777232271496
0.0943610515464
0.0893041836828
0.07593195402
0.101957398767
0.0791069923471
0.0940676998513
0.0983216692725
0.106582431386
0.0739282303904
0.114512424002
0.121799962863
0.102078644318
0.0936841637751
0.0620575512815
0.109775479194
0.0984961071536
0.138793982986
0.0921754605624
0.170402621853
0.0935394842985
0.102297518868
0.149296727695
0.106423994171
0.0558815966311
0.102350837998
0.0785670485453
0.102669903393
0.11150380128
0.0864875699869
0.132796482848
0.0877400674912
0.109972699099
0.0854457300719
0.0857397729079
0.147860090481
0.104269165147
0.0703953348072
0.153779509676
