0.793005055468
0.788764469396
0.7888117124
0.83862783154
0.729988985805
0.830777036701
0.753343959715
0.723844794695
1.0
0.647032278711
0.769597945437
0.777979021073
0.840808280674
0.827403121421
0.793353637219
0.649777037641
0.871618504645
0.791066696881
0.674841583053
0.808305645726
0.747484842447
0.582558322261
0.644029862969
0.910674477693
0.812432189418
0.660541925472
0.760505818157
0.780876484984
0.650655384351
0.810598106949
0.655048798223
0.724571944063
0.583078608367
0.705161162499
0.739341412069
0.752439640359
0.776621560969
0.686525976996
0.653835370598
0.674957398447
0.785533869983
0.733867090142
0.809681503831
0.764129321747
0.926789363683
1.0
0.815606621804
0.586607520475
0.944258802085
0.879587826991
0.811388422584
0.687746258126
0.808232306871
0.561246594748
0.685362505337
0.820375537615
0.785189989228
0.77331379697
0.818656369871
0.646466820171
0.822744567949
0.794180024381
0.814817884671
0.618300147028
0.685434634634
0.644974963398
0.701377603599
0.844732577278
0.760716370229
0.566270564826
0.747457878984
0.691354499179
0.817961019235
0.644980843646
0.921882682313
0.902346576669
0.955990593021
0.791810590029
0.734332929202
0.809719851706
0.777511515184
0.776512485555
0.715695812435
0.836324043206
0.683892628436
0.720006655914
0.757823029657
0.711665148159
0.95679237931
0.917127455654
0.845413315258
0.665966852679
0.803444745127
0.745654924647
0.870543934401
0.722941137601
0.803579922932
0.797245989006
0.610090120845
0.813173062396
0.741704652711
0.809575972458
0.770025464698
0.8253591801
0.786519590071
0.871120753038
0.70360606393
0.735089282589
0.877757819533
0.647032278711
0.725189955933
0.819595590985
0.834721756768
0.800998404298
0.824451141813
0.691030036597
0.876377321051
0.769515416166
0.809425743649
0.826728353038
0.756751328521
0.531651845397
0.609922791897
0.837602601392
0.782444752097
0.661485401921
0.830964694416
0.81830837396
0.708697757865
0.802087577274
0.703965160597
0.655939770442
0.591776924745
0.722110514776
0.736964749473
0.77727218733
0.85138910364
0.645080111757
0.599926132964
0.687738841971
0.790842855675
0.729863545255
0.780636174493
0.791511341616
0.737513832162
0.83282555054
0.714689313762
0.630443250467
0.836996411478
0.885937010387
0.815280989117
0.770155531957
0.572114418739
0.760099146476
0.707605241593
0.830859966093
0.73187352577
0.765690305641
0.733339035626
0.652521244182
0.742764965375
0.845834104472
0.750068027118
0.695980576398
0.800969346056
0.569590007834
0.680349741176
0.815641681887
0.738535585712
0.568399757017
0.774278110017
0.799909153517
0.717769558821
0.696230617478
0.953792545661
0.790422318373
0.762640895701
0.831259973722
0.730323393837
0.745163207792
0.829202667899
0.759293898501
0.803266492998
0.835669564406
0.647392898263
0.689218396979
0.800339415526
0.653914017305
0.885119231114
0.924121323783
0.804473326183
0.844073120859
0.847439347839
0.815111814467
0.839510149778
0.665278652779
0.857743550332
0.730784714624
0.673108502942
0.791714322542
0.814587614917
0.77960178123
0.808611832789
0.825876239767
0.840601915909
0.858092587156
0.734344253644
0.786382000552
1.0
0.647415544565
0.77724100913
0.792305990809
0.806203352635
0.745568215698
0.646682206567
0.618503290354
0.689378083358
0.71171377285
0.629262535165
0.647081415347
0.632467832893
0.639812163221
0.673350280639
0.846814354211
0.726608911238
0.584108234687
0.727058137687
0.810882978601
0.840946901068
0.722955143904
0.713002932482
0.642862976482
0.683422619487
0.869639826442
0.777321666393
0.777716341695
0.711172073267
0.604544676544
0.556524821978
0.748477261314
0.753696151257
0.663837233483
0.89988539137
0.756250206575
0.760678937312
0.767112445812
0.693052152979
0.788406747545
0.593429791636
0.809363533541
0.797448726908
0.751968800982
0.470141383326
0.604704988109
0.788896960534
0.880038364977
0.789240207422
0.560500492258
0.766945972377
0.678050154275
0.657719230065
0.834532237162
0.682866705918
0.846921858253
0.878048642265
0.589950644446
0.739284620743
0.706626459264
0.831453495924
0.654776643797
0.675732630198
0.710557831483
0.645628404016
0.567758190618
0.843399171161
0.724480969323
0.581512417759
0.771259940787
0.635819739853
0.724162840099
0.840117129693
0.915892861487
0.943598210891
0.81462799609
0.655033770922
0.770154382001
0.771878907093
0.71485947923
0.799415616198
0.827275345309
0.861287242605
0.736035296441
0.907176690489
0.642526884608
0.789106874943
0.752927689719
0.718518975065
0.762282019107
0.685427630138
0.564720945028
0.696340375701
0.838643918568
0.97633238244
0.892338567189
0.807070278566
0.919134279308
0.769954364119
0.782164769334
1.0
0.717768148125
0.81125857778
0.732722165821
0.844719555805
0.817061212788
0.782753490061
0.679630629013
0.871618504645
0.769515416166
0.768799528957
0.944003656659
0.771474339606
0.609030696496
0.603182955387
0.850222778959
0.799286276737
0.744709242072
0.760058565196
0.865265761606
0.664833539276
0.775106321911
0.726308743656
0.728397346553
0.468859022501
0.682066471714
0.840832439201
0.752509113248
0.780596651646
0.722533541178
0.616470564254
0.662539231068
0.743081333299
0.742658253246
0.865006495539
0.788497796687
0.857323188873
0.852430871558
0.799282101124
0.790378850173
0.863700435716
0.834369384433
0.76732032802
0.655016714122
0.581622946139
0.707341493784
0.722566202401
0.803022649633
0.709224068609
0.664147130165
0.694207666617
0.668208657797
0.735488886929
0.799171112713
0.873185612676
0.818116950911
0.784063112451
0.612604108592
0.697301663918
0.760424135221
0.793947234689
0.575515424016
0.772746719811
0.793319583189
0.797321463483
0.676786141781
0.961359235688
0.794703174019
0.893081118254
0.916704251414
0.723276984606
0.799915293651
0.825394774216
0.829928125898
0.815430739821
0.844643323364
0.682822145836
0.773160770267
0.852258086019
0.799835756999
0.837702157856
0.895679889874
0.862654858192
0.708370913091
0.85911819937
0.894477441848
0.857203675439
0.69898505873
0.870525010892
0.82206095258
0.66965589835
0.748869313232
0.793005055468
0.829997556052
0.828023772163
0.840043875282
0.839126129364
0.908221958162
0.796502986698
0.810878016579
0.9
0.663959337874
0.805513052008
0.745177038743
0.817736406222
0.856477625235
0.85420958117
0.710516872862
0.871618504645
0.764864506741
0.608124296611
0.815667442945
0.782628073563
0.700127754421
0.593973668274
0.870215261158
0.770006238171
0.676049510445
0.777051308582
0.833490092759
0.904556120522
0.809241150767
0.633947331532
0.732703468281
0.689159546161
0.755134404681
0.825521264967
0.759295107851
0.840642104884
0.780291516313
0.620637825078
0.620527548199
0.795622310332
0.746313343485
0.823415725148
0.76915411119
0.804278564163
0.882769435794
0.854737599336
0.704628323058
0.838468269072
0.879964245603
0.758536448631
0.655016714122
0.584362917024
0.835192738837
0.787312144785
0.822045637316
0.737272371712
0.755154542527
0.776498128441
0.655647171432
0.761159809048
0.782550907376
0.885765969935
0.848685475149
0.752148802574
0.725853996726
0.712610778022
0.810895118993
0.683105891179
0.594871366786
0.754817702595
0.851993450454
0.736106319816
0.597117750626
0.977674653496
0.870423734214
0.927904103318
0.916704251414
0.669340346915
0.774969608631
0.771363804106
0.750476434019
0.921878899775
0.92430119945
0.691253333757
0.761771570896
0.763289124189
0.757659353466
0.976328160048
0.885613060265
0.831857396632
0.876779060574
0.855991247139
0.813198326342
0.78367075453
0.641485409815
0.864846194345
0.800852947212
0.720759785427
0.758197556814
0.741704652711
0.837795180198
0.876331431157
0.870826136451
0.866226708581
0.925187665669
0.797487460133
0.775165216052
1.0
0.713549964351
0.795240340701
0.739786798105
0.835403507598
0.813233642135
0.747307532097
0.735670642961
0.847693686066
0.769515416166
0.749361937388
0.812690624218
0.701099426219
0.741270085903
0.623888365217
0.926067524309
0.763273828089
0.6517430629
0.785825512808
0.841493692073
0.721003663306
0.77799762751
0.686462118345
0.680427392962
0.529336130807
0.723035413012
0.902789122118
0.741984393186
0.76058783463
0.713650533885
0.644093481587
0.633776728592
0.757637865215
0.707841865782
0.875765708871
0.77124700618
0.822510665642
0.792216790873
0.799879775365
0.790378850173
0.85266705426
0.844985903075
0.811592502708
0.633603259503
0.557875553883
0.68430370092
0.72852369722
0.851843363243
0.773276981233
0.791134374077
0.743318032168
0.653380482295
0.702374334048
0.791586721159
0.873185612676
0.771372972079
0.76461731102
0.656288789712
0.618237881953
0.775268309216
0.745620927851
0.601570441212
0.764926956424
0.839095936175
0.817961019235
0.679253606057
0.977674653496
0.85989382587
0.868864472005
0.916704251414
0.642640550701
0.775699353756
0.844374857266
0.789862947958
0.874545325165
0.848238522219
0.695830315068
0.730162537731
0.803915113707
0.706361444029
0.872737505883
0.895804894032
0.862654858192
0.697947852709
0.872204822253
0.906460685021
0.780004204225
0.709896884783
0.870525010892
0.822006703677
0.724703949919
0.797319532755
0.904043301502
0.879895813399
0.772466830197
0.827803504754
0.82183048133
0.891907856102
0.818516367327
0.821359534116
1.0
0.662599235521
0.776033579162
0.765749709182
0.784522061789
0.783126725322
0.655863212909
0.711393887987
0.871618504645
0.795272917267
0.809425743649
0.850848124492
0.730145278753
0.74186021635
0.641568791543
0.832986107098
0.755777465158
0.613275248802
0.790617283318
0.753689263555
0.885929974335
0.778086839958
0.700787865466
0.739264215998
0.76369785918
0.726630471524
0.859773134161
0.730238717199
0.812898075635
0.717791489949
0.609379083172
0.763549332078
0.708671186143
0.735365914397
0.851038265251
0.792962563326
0.853780622466
0.865957309185
0.917660991465
0.7172853665
0.864249923757
0.838306373911
0.811592502708
0.633603259503
0.63896513245
0.900905837822
0.814134246504
0.78953988058
0.760569260908
0.721575657249
0.766143139462
0.581683541176
0.822954307782
0.843922524762
0.65142868356
0.703782280915
0.700025356631
0.652769325774
0.741781108815
0.822345453097
0.714985376323
0.5884438553
0.701996000931
0.758573288671
0.779618441338
0.585022445153
0.929780937099
0.914347906636
0.896101812055
0.845942997811
0.714996952786
0.826714956552
0.777179888476
0.845206189833
0.855210782974
0.858674966456
0.635609631748
0.731687661378
0.865162458938
0.705582417354
0.948653880572
0.925312694137
0.853050707659
0.8335835284
0.89492451282
0.884343948436
0.833091433755
0.700958834539
0.888619489379
0.831231332194
0.683849326351
0.791714322542
0.741704652711
0.897231368641
0.889551812715
0.850734528635
0.817162895527
0.885821299222
0.75468218337
0.773388632444
1.0
0.769781704176
0.763273056874
0.722592476099
0.858972498265
0.873208894355
0.852467311401
0.73168019967
0.879736119573
0.710644784567
0.815714085726
0.78927467965
0.823002166586
0.648099654761
0.702126943182
0.879872019029
0.691318192503
0.675182434938
0.767291938061
0.812550147182
0.693049240281
0.79054962002
0.667124074611
0.692142103187
0.552182449143
0.758040886119
0.932633034823
0.760651122353
0.830244670316
0.710884614698
0.604300996549
0.639834032315
0.730752903973
0.713911035016
0.84056296412
0.793247643143
0.903215669022
0.897607775274
0.909940575306
0.7654980364
0.830319628901
0.923254173202
0.893570569277
0.633603259503
0.581126537882
0.835755234604
0.776341595467
0.806425151458
0.753184407913
0.712441516129
0.762277240339
0.663077145215
0.736020806684
0.777471786623
0.960644127039
0.722150047085
0.763463160972
0.679023660668
0.675598065641
0.804238470805
0.779474688619
0.566459575505
0.777162739624
0.713157193798
0.817961019235
0.6179460376
0.959258630969
0.869664168608
0.955990593021
0.859262277923
0.719378745305
0.754007701069
0.741748776448
0.780793541586
0.775927105376
0.872161122107
0.685565295681
0.81541991946
0.796776827613
0.711774554041
0.979772465836
0.871332694525
0.839992838302
0.919401703102
0.808903780247
0.889034818398
0.899830712352
0.633542876846
0.849268964508
0.846025150193
0.669027377537
0.771520748606
0.741704652711
0.760636105619
0.784801660755
0.841472360151
0.831455557838
0.908221958162
0.79102390611
0.809129265093
0.872848611608
0.789502046868
0.74420486939
0.695291907349
0.81743985128
0.822381409937
0.835979156981
0.661801899964
0.871618504645
0.770584404449
0.704343533971
0.944003656659
0.791057923805
0.723060881983
0.668764534701
0.685315857626
0.72061888689
0.727694942416
0.720624529215
0.734869704179
0.911579783902
0.670248286071
0.711815961527
0.625066651285
0.732531941962
0.812019358862
0.752960734376
0.763929800889
0.753584742049
0.719114268874
0.558295176068
0.735759208456
0.752502811551
0.740727323627
0.805059251748
0.712622610284
0.885678797241
0.943032009474
0.879931606133
0.666902142818
0.800037506263
0.794303840206
0.783827685915
0.790782586152
0.600700628113
0.676636874956
0.752670165744
0.807845109454
0.730804711556
0.815401270686
0.672628515771
0.640594695865
0.700153858764
0.727520955747
0.831027256029
0.915985859264
0.811063536412
0.648786899623
0.674905983201
0.721587992988
0.635421797901
0.602872280715
0.758427139021
0.687147585556
0.817961019235
0.68833527522
0.846579663313
0.809370997164
0.927516925755
0.757808969309
0.713993015861
0.799411476002
0.934335515976
0.727568704099
0.868113577808
0.809866669406
0.651924607161
0.72108380758
0.829619951236
0.660442280986
0.927001124302
0.886034487626
0.891507511685
0.861514034517
0.827504888035
0.691874077893
0.82195161968
0.624352025489
0.665493456749
0.862448016339
0.664924928662
0.702959212859
0.868786179604
0.78592808187
0.944839040971
0.810594508807
0.795762560716
0.891373481771
0.803383603274
0.778827351972
0.836424305804
0.698887881545
0.741243715587
0.730302564446
0.773509045893
0.897397241326
0.891158652905
0.764603946862
0.810076633412
0.710644784567
0.750085410848
0.877172834732
0.707808383646
0.674517852966
0.649758399751
0.794711323128
0.749315430967
0.605883758736
0.830237380845
0.830303364447
0.779309666203
0.779111327234
0.702026199325
0.707903495474
0.682491165922
0.694993302788
0.888235259672
0.739304472695
0.784581107448
0.69104591263
0.585282191337
0.766594466937
0.706726069671
0.737324288197
0.814143558946
0.826825307845
0.737642710978
0.689627215166
0.796715548149
0.617875858653
0.706789098018
0.76055615625
0.893570569277
0.544704701387
0.647111897908
0.650099648051
0.710343137569
0.807732757235
0.717664691813
0.629111589583
0.722695629801
0.667705396773
0.782288225713
0.793754403935
0.789465147707
0.862988551748
0.772545095434
0.676220440884
0.687070108439
0.679064171523
0.821083749854
0.511093192855
0.695940593952
0.838196103413
0.78869117794
0.613006833653
0.912222300534
0.862283457299
1.0
0.852058561418
0.74672432793
0.796169012572
0.773379500283
0.782193026664
0.814384961619
0.834037613276
0.600337944563
0.736738034841
0.740244158965
0.738494089191
0.933082645936
0.925312694137
0.851219700746
0.773729234069
0.902346191723
0.900919468399
0.753031026486
0.676087168659
0.847221818145
0.825425039973
0.580035447937
0.845402455895
0.793005055468
0.859828865056
0.850735402433
0.822080383142
0.844342648685
0.926008508864
0.78481947802
0.748757147067
0.9
0.651029121739
0.763545657528
0.750257168382
0.820394382423
0.899277765236
0.822188925506
0.772082067713
0.871618504645
0.677848749499
0.809425743649
0.84890467365
0.810570061498
0.728670103275
0.642207584711
0.814659937861
0.752951132593
0.614035663306
0.807099873674
0.872764252151
0.767620456953
0.802607241392
0.695025131287
0.733759240664
0.566292055135
0.734090498261
0.885609641177
0.720387831312
0.814901974792
0.671797636816
0.640503510372
0.630047818291
0.75674250692
0.717196539998
0.877608961666
0.817917080183
0.809895642355
0.773884801038
0.844093076464
0.741272361542
0.789118924732
0.845362321687
0.893570569277
0.751968800982
0.583890908198
0.825159310714
0.760709790326
0.808037754924
0.799307992814
0.732548454476
0.761735140671
0.568758962964
0.735370643891
0.849430373908
0.680661151169
0.744694587524
0.763463160972
0.671556963177
0.704245404607
0.788363949303
0.712439383287
0.625079563367
0.766284668571
0.825307213574
0.817961019235
0.667926506628
0.977674653496
0.914347906636
0.832109132753
0.862952832087
0.719378745305
0.783119758762
0.779251616383
0.808498216443
0.888996264096
0.888618787282
0.612274379101
0.765003979338
0.843715466927
0.688674927211
0.976328160048
0.888132830126
0.823007171046
0.869849652344
0.859368142286
0.932080283193
0.881118610503
0.641195204161
0.808003442975
0.838027638807
0.714977364794
0.771520748606
0.638686070264
0.774864793708
0.791687428533
0.760074074091
0.759381137987
0.882402635666
0.74574463751
0.818578105814
0.859275645579
0.572759961945
0.73001603094
0.742589568637
0.797474670178
0.54404176033
0.805028738606
0.687234211616
0.706198988064
0.639083803989
0.810462822383
0.683372682725
0.680198818602
0.628904151399
0.707582577523
0.813228658878
0.756886592989
0.581931682345
0.659065191644
0.801922313299
0.871562085729
0.708686031626
0.661116539702
0.655183450863
0.558110324856
0.788552478585
0.75214834158
0.764073557411
0.749934277839
0.652644120826
0.519918965607
0.649998009026
0.806908336284
0.61433497725
0.81420001994
0.762942937438
0.670115611336
0.706068447455
0.760342619188
0.781986325362
0.649389736106
0.862806799719
0.915559690501
0.748451117999
0.44667615185
0.708816383023
0.604681458625
0.798197064694
0.712189860354
0.619799719387
0.712150498785
0.64064391225
0.66335762214
0.771562616252
0.816030124814
0.695068750181
0.820633958708
0.674968729565
0.711014874632
0.691475160149
0.716412979271
0.612100769086
0.668487875865
0.734382926291
0.630882102007
0.621140440503
0.90549166629
0.722730614269
0.624266071601
0.79116225625
0.726409445815
0.699665812754
0.837695373843
0.795979579888
0.769580243899
0.933884248152
0.69348872822
0.790511541218
0.675488457746
0.706900613767
1.0
0.925312694137
0.87314606885
0.745217957785
0.906270904696
0.56931253673
0.864221002661
0.692638352758
0.897833076173
0.781047846469
0.608950493365
0.701309590281
