0.772191896711
0.775207574916
0.779579320167
0.83231691182
0.71608903625
0.824731544144
0.730664231993
0.710074352397
1.0
0.634117755371
0.760690719446
0.769842391676
0.840808280674
0.82127460013
0.774429164605
0.630349636805
0.849833850552
0.761660629792
0.664368534554
0.797088576178
0.726067563131
0.52776888299
0.62805797006
0.910674477693
0.807493329525
0.644683197663
0.740608142096
0.764753798799
0.650655384351
0.805141711077
0.634046233322
0.691536263806
0.555717897309
0.683679228568
0.720562169482
0.749063297392
0.758072413073
0.679813568761
0.631343411083
0.674957398447
0.765673177384
0.713056122233
0.809681503831
0.749821642705
0.922462009579
1.0
0.807165612348
0.56180284791
0.944258802085
0.873653039865
0.811388422584
0.677145231615
0.780067791955
0.542776748552
0.660766052214
0.789926147687
0.778925502908
0.766417584972
0.814801529126
0.604571424909
0.811003980797
0.786284880641
0.806908012915
0.592224567028
0.660630538449
0.631839411531
0.693464906165
0.844732577278
0.742937976765
0.543048291927
0.731162386876
0.667256182857
0.817961019235
0.624304879704
0.91572422382
0.896430238853
0.955990593021
0.783722723054
0.734332929202
0.809719851706
0.763842907868
0.760992773242
0.707051012933
0.836324043206
0.674698548818
0.705296400436
0.757823029657
0.704399519837
0.95679237931
0.909282242139
0.833188527236
0.665966852679
0.769377278984
0.731192679073
0.865394437578
0.705624412442
0.803579922932
0.784817647772
0.584876607278
0.79292149354
0.720891493954
0.803607775926
0.770025464698
0.818752915849
0.775846256318
0.871120753038
0.690953434664
0.718180391299
0.854292963242
0.634117755371
0.715835317815
0.811457130079
0.825329103065
0.779697165154
0.824451141813
0.671957496646
0.865167364882
0.761660629792
0.8
0.820980522292
0.743309234287
0.50106126534
0.590689953414
0.837602601392
0.77682761701
0.661485401921
0.822055964392
0.807694563209
0.708697757865
0.792008173164
0.677909945973
0.632545068684
0.564416213686
0.711446968307
0.713216074485
0.773247137974
0.845624258547
0.626891160183
0.577434173449
0.687738841971
0.771416054067
0.711575493642
0.773780935885
0.777623844575
0.726352986814
0.83282555054
0.678599848569
0.615131995596
0.819105101089
0.880002223261
0.815280989117
0.759554505446
0.511563896173
0.760099146476
0.681758410163
0.801151273743
0.724171452093
0.765690305641
0.722323458817
0.611050116988
0.737244440016
0.845834104472
0.734077290632
0.670639919745
0.795363128035
0.545865707213
0.676778061663
0.815641681887
0.708748948255
0.546089765663
0.767772809792
0.792610077267
0.701630346884
0.682615440962
0.947663291635
0.784787710929
0.723820221827
0.831259973722
0.730323393837
0.739884912369
0.829202667899
0.739798250086
0.794027220433
0.835669564406
0.637360920483
0.669737759556
0.800339415526
0.638274072738
0.877835238911
0.915715737875
0.79281062569
0.844073120859
0.82888503151
0.806740798957
0.839510149778
0.631717126153
0.857743550332
0.70688494435
0.642114851937
0.772450373372
0.814587614917
0.761649690861
0.808611832789
0.825876239767
0.817823440824
0.852047094599
0.723148794941
0.781974672466
1.0
0.58953228854
0.771856958826
0.779326373447
0.806203352635
0.724098541291
0.593225230722
0.605511018224
0.645257819405
0.702789998193
0.629262535165
0.631919224433
0.599288462005
0.607774649847
0.658942303335
0.846814354211
0.720449594067
0.568697027419
0.716817154537
0.799990470685
0.840946901068
0.700991688074
0.692634086974
0.607300269804
0.66922659829
0.869639826442
0.742056394996
0.765538473022
0.689951687162
0.569312972749
0.544533058533
0.748477261314
0.734652194641
0.643904166074
0.893248636539
0.741756116336
0.752548690176
0.767112445812
0.665222337862
0.788406747545
0.562500412787
0.797592175712
0.797448726908
0.739332595983
0.399637738969
0.604704988109
0.783174873281
0.865726962275
0.782387617213
0.522346159196
0.762173312407
0.638524872694
0.65066522544
0.830654895288
0.657888590981
0.838519605408
0.872724993936
0.562059289049
0.720401518326
0.668198134656
0.822667903092
0.642566294325
0.65364812846
0.710557831483
0.645628404016
0.524196288242
0.843399171161
0.70862842124
0.572428516893
0.771259940787
0.622116577754
0.699330935136
0.825701337786
0.911259006961
0.935638474321
0.81462799609
0.645839691304
0.761682786532
0.771878907093
0.707075361784
0.799415616198
0.817834601134
0.849675881337
0.720969358477
0.900493676091
0.615252103469
0.789106874943
0.738820333118
0.710767786578
0.735530229979
0.668321716944
0.534958252508
0.696340375701
0.838643918568
0.97633238244
0.886328167456
0.800980098797
0.919134279308
0.74985796254
0.77357914532
1.0
0.717768148125
0.806765797417
0.718842481744
0.844719555805
0.81001071175
0.764641816345
0.653573527541
0.849833850552
0.761660629792
0.759373785308
0.944003656659
0.757009625012
0.574348563233
0.587787241912
0.850222778959
0.799286276737
0.737231329305
0.750441976756
0.854128000954
0.664833539276
0.769006459403
0.693760961695
0.701648872934
0.454663001304
0.664475315839
0.831999153661
0.738746722572
0.774022736282
0.708932542043
0.600854989012
0.662539231068
0.718437234764
0.718727206478
0.865006495539
0.77303647699
0.844339566372
0.852430871558
0.785906739088
0.790378850173
0.850590235684
0.828434597307
0.76732032802
0.642380509123
0.486801106211
0.690292404988
0.70557610124
0.77184601684
0.702789416222
0.650484810291
0.673119986945
0.630737474739
0.715232252589
0.799171112713
0.86527574092
0.791873316643
0.772054236005
0.599468556725
0.688738065451
0.737131156213
0.775413412546
0.557257682343
0.769408152574
0.793319583189
0.797321463483
0.648843392838
0.961359235688
0.794703174019
0.893081118254
0.916704251414
0.723276984606
0.799915293651
0.810622039122
0.820443376252
0.815430739821
0.844643323364
0.677604567226
0.750739376042
0.846783112416
0.781904934424
0.830418165653
0.886627720434
0.862654858192
0.708370913091
0.840287360745
0.894477441848
0.857203675439
0.669416950761
0.870525010892
0.809389773929
0.657629310905
0.729605364062
0.772191896711
0.829997556052
0.828023772163
0.840043875282
0.831967345849
0.902176465605
0.776500637047
0.802936832199
0.9
0.663959337874
0.801421375016
0.731165208827
0.806531472043
0.856477625235
0.844574984512
0.69758395445
0.849833850552
0.755438763092
0.608124296611
0.807498264871
0.782628073563
0.676646442395
0.570684766807
0.870215261158
0.770006238171
0.658267355632
0.772021372332
0.817708427174
0.904556120522
0.791486181779
0.594683363971
0.72733773691
0.689159546161
0.749712944754
0.815983756327
0.742380060321
0.840642104884
0.775952013625
0.605098861062
0.609070735473
0.775761617732
0.721640356484
0.823415725148
0.750134984244
0.795957346931
0.882769435794
0.846076430119
0.693433654824
0.817427702285
0.874029458477
0.758536448631
0.642380509123
0.533359281445
0.81814365004
0.769299244024
0.78510668221
0.731422687723
0.741492222653
0.766370086039
0.605810392277
0.755297208353
0.778261805429
0.885765969935
0.848685475149
0.72266700173
0.713491124381
0.709039098509
0.801778972512
0.648488317873
0.577890079936
0.744258939447
0.83900372
0.736106319816
0.569357937608
0.977674653496
0.864507396398
0.927904103318
0.916704251414
0.65597640371
0.774969608631
0.746523715135
0.740754217301
0.921878899775
0.92430119945
0.686035755148
0.753598961569
0.756304564235
0.753928304475
0.976328160048
0.885613060265
0.82512826459
0.867647251221
0.845307614618
0.806688428488
0.78367075453
0.618626068681
0.864846194345
0.789711938848
0.688737906909
0.737945987959
0.720891493954
0.837795180198
0.876331431157
0.870826136451
0.866226708581
0.925187665669
0.782085000507
0.766579592038
1.0
0.713549964351
0.795240340701
0.725916764743
0.830570450995
0.804428210548
0.713142506556
0.716592829329
0.847693686066
0.761660629792
0.738888888889
0.797972128969
0.680140487981
0.718043665377
0.599250317709
0.926067524309
0.763273828089
0.643257258682
0.776339366209
0.830294617277
0.721003663306
0.774275583779
0.665842352394
0.657775846265
0.51514010961
0.712556100932
0.902789122118
0.729354432826
0.750846316133
0.699363967246
0.626825837136
0.633776728592
0.737281297198
0.6840270639
0.875765708871
0.75630562351
0.818343045047
0.792216790873
0.771267829136
0.790378850173
0.835098570142
0.844985903075
0.811592502708
0.623002232992
0.50132280052
0.675429611527
0.711232772648
0.820903149063
0.766127367469
0.791134374077
0.733710277306
0.610457982512
0.695726473623
0.791586721159
0.86527574092
0.764723374358
0.734702677167
0.64503854685
0.609536728865
0.751975330208
0.715952932227
0.583860685741
0.756643948645
0.839095936175
0.817961019235
0.658635836495
0.977674653496
0.85989382587
0.861063683111
0.916704251414
0.642640550701
0.775699353756
0.829602122172
0.774056434118
0.874545325165
0.848238522219
0.690612736458
0.71705280747
0.796930553754
0.698362558507
0.865453513679
0.886752724592
0.862654858192
0.689542193048
0.865873545454
0.906460685021
0.773927392017
0.692262736016
0.870525010892
0.810028743324
0.705036142665
0.78015245035
0.904043301502
0.879895813399
0.772466830197
0.827803504754
0.82183048133
0.891907856102
0.800203290425
0.817156382558
1.0
0.662599235521
0.76782802253
0.756685605178
0.784522061789
0.765483863002
0.615109387398
0.691966487151
0.849833850552
0.776969032505
0.8
0.842678946418
0.725437845699
0.723592811069
0.626691639558
0.824488116194
0.746708724686
0.604953413987
0.781708553293
0.733193051469
0.885929974335
0.76897561136
0.677583641525
0.711241422773
0.76369785918
0.721209011598
0.849171295156
0.714292098605
0.807771172815
0.68745219009
0.593242199346
0.763549332078
0.682271416266
0.715915838027
0.851038265251
0.780045615401
0.84961300187
0.865957309185
0.904285629429
0.7172853665
0.846358613368
0.830766953763
0.811592502708
0.623002232992
0.580407599654
0.900905837822
0.802997337841
0.767285161045
0.747674657242
0.707913337374
0.754829385512
0.533698793054
0.811347580283
0.840045182888
0.637683652601
0.674828769823
0.674494733312
0.641707808412
0.738209429302
0.822345453097
0.681400134374
0.571727866631
0.678126103285
0.729409943224
0.771773652938
0.561537113703
0.923399812325
0.90843156882
0.896101812055
0.829943166823
0.714996952786
0.826714956552
0.777179888476
0.845206189833
0.855210782974
0.858674966456
0.623951381407
0.723548533834
0.865162458938
0.694894915281
0.948653880572
0.916907108228
0.848434297595
0.8335835284
0.888593236022
0.884343948436
0.833091433755
0.683324685772
0.888619489379
0.821872885168
0.654593366486
0.772450373372
0.720891493954
0.89082156725
0.889551812715
0.844091455246
0.817162895527
0.879775806665
0.731487582055
0.769185480886
1.0
0.769781704176
0.763273056874
0.708442758499
0.858972498265
0.866268146759
0.835044785835
0.719194583986
0.879736119573
0.702789998193
0.791678392203
0.781105501576
0.816393472053
0.622637325471
0.690398901302
0.879872019029
0.686379332609
0.659981779582
0.752750076179
0.801881622054
0.693049240281
0.775791200057
0.644522959036
0.660244026501
0.538339084602
0.746325137564
0.926957381485
0.74423965787
0.827272862177
0.689632203737
0.584151973087
0.639834032315
0.712049254016
0.6872818759
0.84056296412
0.773257967082
0.903215669022
0.897607775274
0.896297204253
0.75633876239
0.812428318513
0.917319386076
0.893570569277
0.623002232992
0.516498348521
0.835755234604
0.757822777283
0.778172864008
0.74641108961
0.698779196255
0.757059140365
0.626838591148
0.73007272104
0.777471786623
0.960644127039
0.714472519325
0.734702677167
0.663653191127
0.667254079892
0.804238470805
0.764289515212
0.560522341064
0.773985266995
0.693662005287
0.817961019235
0.595307427112
0.953129376943
0.869664168608
0.955990593021
0.859262277923
0.719378745305
0.754007701069
0.727166121011
0.775047260971
0.741770078061
0.872161122107
0.676371216063
0.81154224243
0.78979226766
0.707305894026
0.979772465836
0.871332694525
0.839992838302
0.919401703102
0.790969372455
0.882141040919
0.89427766394
0.60842805415
0.849268964508
0.837026643438
0.649847964403
0.735089717031
0.720891493954
0.755665877227
0.774063635842
0.841472360151
0.819336120544
0.902176465605
0.775646642341
0.809129265093
0.872848611608
0.789502046868
0.740113192398
0.676162991573
0.81743985128
0.822381409937
0.820238492074
0.654368712819
0.849833850552
0.761660629792
0.679178392203
0.944003656659
0.783161316692
0.700322628988
0.65232393353
0.665935601069
0.714827316643
0.720467252549
0.703200973596
0.709974559305
0.911579783902
0.656315234118
0.684608070926
0.596832780082
0.732531941962
0.799536437864
0.734937499059
0.756368233119
0.741903602723
0.707610524803
0.530657347105
0.735759208456
0.727249675179
0.721768273477
0.805059251748
0.698735113242
0.881511176646
0.943032009474
0.871227386759
0.656826941407
0.787957068743
0.777607396307
0.783827685915
0.778146381154
0.557584716547
0.658304135458
0.738373297475
0.779203736022
0.730804711556
0.815401270686
0.663611117206
0.598312563068
0.69160908122
0.721438453887
0.80821391942
0.915985859264
0.803705375259
0.627343708124
0.667120440587
0.698237739934
0.610189810924
0.569605669341
0.742647755225
0.673334662701
0.817961019235
0.64929618547
0.828358705174
0.793389313091
0.927516925755
0.731152430912
0.713993015861
0.791321832103
0.934335515976
0.712938614964
0.868113577808
0.802741539907
0.641618214511
0.706193050338
0.823005411956
0.64861604245
0.919704860873
0.886034487626
0.879070695292
0.85060769515
0.820633548047
0.68276474496
0.82195161968
0.58553508601
0.645692395273
0.862448016339
0.659968336838
0.666373025759
0.868786179604
0.778806080325
0.944839040971
0.806156336333
0.78526490123
0.891373481771
0.783726706293
0.774624200414
0.836424305804
0.698887881545
0.721224525174
0.712428747633
0.759104567382
0.891200190324
0.883768502714
0.764603946862
0.801019126225
0.702789998193
0.750085410848
0.869003656659
0.679453223212
0.652303770788
0.634362686275
0.794711323128
0.749315430967
0.59157191723
0.825207444595
0.814961556338
0.779309666203
0.766341552316
0.683304150756
0.679340100163
0.682491165922
0.6772272375
0.888235259672
0.720322080528
0.778375983648
0.673045566789
0.568680870684
0.766594466937
0.68832690462
0.713722992643
0.814143558946
0.813457747831
0.728654720947
0.682403403905
0.778325051401
0.56488897848
0.68784742397
0.76055615625
0.893570569277
0.522771429736
0.590822095342
0.635618692493
0.681650179278
0.776977994161
0.712633230776
0.616409648984
0.718983560935
0.631912778235
0.770141494361
0.793754403935
0.774553084908
0.862988551748
0.759921580117
0.665158923522
0.672323138749
0.670018243467
0.803322145481
0.480707993913
0.679662738664
0.838196103413
0.78869117794
0.585970001227
0.906679687891
0.856055733282
1.0
0.843124474382
0.74672432793
0.796169012572
0.773379500283
0.777695937486
0.799402910392
0.827109347472
0.588679694221
0.732860357812
0.734988714975
0.7314363773
0.933082645936
0.916907108228
0.851219700746
0.773729234069
0.896014914925
0.900919468399
0.746690771455
0.6587704435
0.839379910486
0.813113801592
0.554215813673
0.845402455895
0.772191896711
0.859828865056
0.850735402433
0.81719839342
0.836762760257
0.926008508864
0.769445172469
0.744553995509
0.9
0.651029121739
0.759453980536
0.736107450782
0.81556132582
0.892693398547
0.786816477811
0.759296823737
0.849833850552
0.669993963125
0.8
0.840735495577
0.810570061498
0.70981280858
0.626235691802
0.806815638565
0.752951132593
0.59128168001
0.79819114365
0.862095727024
0.767620456953
0.788396526652
0.657061882603
0.703535370584
0.552448690594
0.722004497433
0.885609641177
0.704871625577
0.805951790996
0.652800292629
0.62552136831
0.630047818291
0.736385938902
0.698865880484
0.877608961666
0.802706107073
0.801574425122
0.773884801038
0.834981262615
0.741272361542
0.762278882657
0.845362321687
0.893570569277
0.739332595983
0.528337257984
0.81814365004
0.738105062385
0.784865133059
0.799307992814
0.711318999889
0.750719563862
0.523656053081
0.728473466603
0.849430373908
0.659965504989
0.737447857202
0.734702677167
0.661048521684
0.695817545865
0.770118719423
0.683492639848
0.607811189946
0.759779368345
0.804120175356
0.817961019235
0.647456436092
0.977674653496
0.90843156882
0.816152739548
0.862952832087
0.719378745305
0.783119758762
0.764478881288
0.80241391932
0.863977180306
0.888618787282
0.600258313663
0.765003979338
0.843715466927
0.681516407354
0.976328160048
0.879727244217
0.816278039004
0.86174344017
0.833863350997
0.932080283193
0.881118610503
0.611625350576
0.799508043012
0.828669191782
0.678745690288
0.735089717031
0.596593583809
0.76267738438
0.783112009666
0.760074074091
0.728264395467
0.882402635666
0.731927938995
0.810415018662
0.859275645579
0.535856620162
0.721300737367
0.729484119148
0.792490152631
0.515804616881
0.786816477811
0.669677114599
0.669785387494
0.611123331527
0.790624447867
0.66706745264
0.674314527285
0.604565596547
0.697395482212
0.802734997377
0.74566459209
0.55857551701
0.644258601471
0.790723238502
0.871562085729
0.694393560348
0.644069981036
0.629947017137
0.52959434059
0.783563060823
0.729417684967
0.750317656313
0.736266205016
0.618350685033
0.490920696005
0.637753234052
0.788204686327
0.582499440013
0.807640465211
0.735466420893
0.666359331779
0.699490243453
0.737779596939
0.771911123951
0.627840666068
0.856872012594
0.904123646967
0.735814913
0.370944159468
0.708816383023
0.599738983689
0.784442434725
0.705337270145
0.606137399513
0.702704443716
0.598748516989
0.652737237577
0.759943190791
0.798206899455
0.673716390601
0.802701689991
0.651864427699
0.69859669934
0.662628315936
0.684357319739
0.587585068426
0.645778570687
0.734382926291
0.618353251487
0.59136402265
0.892467880092
0.705916121019
0.624266071601
0.782343799766
0.726409445815
0.685576018652
0.822922638749
0.775997060849
0.75464763246
0.933884248152
0.688271149611
0.781173926779
0.668503897793
0.690016224382
1.0
0.916907108228
0.860865298485
0.737527219384
0.899587890298
0.550091277234
0.857839150746
0.680635930187
0.890551304776
0.765887134351
0.576452304412
0.693027363322
