0.132948487595
0.0659378307272
0.109542152129
0.0533316460751
0.0524744155469
0.0794314892779
0.0843265942282
0.0487071610606
0.2
0.0964514512338
0.0677867849509
0.0581258409588
0.105831459659
0.0732385191158
0.0869903542572
0.0557991916352
0.0905693485604
0.109978169212
0.0823986287285
0.0920314165171
0.0797806471918
0.0558583389682
0.0677596494579
0.142030015277
0.0624595845238
0.0689130051502
0.0731147110858
0.0503327587235
0.124653844295
0.0458917451777
0.0527037736296
0.068442804846
0.0907561309048
0.0674892438998
0.0555875496043
0.0528639527619
0.0519775854856
0.0498126075041
0.0886701367014
0.106433263721
0.0741039335765
0.0497181464439
0.074976791214
0.0875794750325
0.0652133997183
0.0957497088803
0.0453598341535
0.074977738265
0.112744519554
0.079284957077
0.133933270649
0.11288607254
0.0791444153441
0.0738415238774
0.0782748042449
0.0764008377607
0.073734362375
0.0677197911413
0.0818305729179
0.0624487135094
0.0884991894564
0.0523947299594
0.081858052159
0.0557480726486
0.0501080447761
0.063672256059
0.0471423995722
0.108407383206
0.0835859876147
0.061717837308
0.0518898113832
0.0831867198471
0.118479575463
0.0776092506794
0.0721198516786
0.0551303473774
0.104103640489
0.108539102156
0.116700846111
0.0713201375879
0.130348218568
0.0811844189203
0.0740779048032
0.115976724037
0.0744263669497
0.0345840491016
0.0855574008145
0.0568806661412
0.0793831330146
0.0931746102052
0.060585156918
0.0917651084668
0.0563392997012
0.0888873943316
0.0600132498894
0.0651945311975
0.132755769311
0.0844794702248
0.0538284742218
0.143843427031
0.124398420469
0.075589690548
0.119169909469
0.051056599358
0.0585758302549
0.0802063432545
0.0791613962993
0.0454222854515
0.181717185297
0.0964514512338
0.0642852254622
0.0617130981386
0.101014299647
0.0679439144377
0.0813016156751
0.0577735368589
0.108781597535
0.109978169212
0.097458939063
0.104626337775
0.0850117595548
0.0434636667409
0.0645468258764
0.149760758773
0.0612248288925
0.0740438979008
0.0712469441671
0.0536642337734
0.136952634675
0.047154218547
0.0533148023302
0.0722683727292
0.0855622453823
0.0643089775699
0.0527428356705
0.0597151636576
0.0543845736405
0.045049700252
0.0977882333326
0.102906307864
0.0698764846039
0.0452270822492
0.0636333965778
0.0885751667521
0.0626736899109
0.0904320181781
0.0367652142381
0.0892072407073
0.10619873278
0.0837749444644
0.135328942186
0.122581281226
0.0600286753213
0.106109727101
0.0666191202177
0.0670051061877
0.0797364846285
0.0685837684803
0.0716573730598
0.060236132513
0.0874387428206
0.0560569785453
0.0720918580406
0.0674385678558
0.0561631445933
0.0535004098218
0.0569116631488
0.108912174122
0.0797184310226
0.0738138753597
0.0578958750654
0.0777350004538
0.110058549738
0.0782143220774
0.0825645206166
0.0495245513426
0.0965501506421
0.103645092926
0.109369282454
0.0610134155961
0.124192819944
0.0767754996692
0.0905196144903
0.105711458636
0.0640604557788
0.0320363025324
0.080390424598
0.0538557150568
0.0777972178524
0.0955131946184
0.0589528704937
0.108376119395
0.0548396525526
0.0934602348205
0.0609301440565
0.0575162165921
0.146655419526
0.0781867080055
0.0566551063659
0.138127778673
0.13719515918
0.067164272684
0.113113237368
0.0565043244644
0.0665064524969
0.0837070771557
0.080269223453
0.045942537709
0.2
0.0893964428398
0.0730827785039
0.0621307756184
0.101643520125
0.0626152846278
0.0649084284813
0.0551542468783
0.0751743116064
0.104626293612
0.0798365258844
0.0989821966508
0.0712472281428
0.0563482438333
0.0649024235248
0.155541143777
0.0626734115791
0.0569705075523
0.0602164754807
0.0555031088761
0.131177731688
0.0436980632965
0.0596450099956
0.0582651752983
0.0882576629222
0.0785971138896
0.0557108125588
0.0579093302336
0.0610676574324
0.0374482812579
0.0864116602455
0.108623219548
0.0722652135481
0.0430617016239
0.0752078964441
0.0856441771435
0.0610946339998
0.0841389201948
0.0399471914808
0.109539989662
0.0827601339729
0.0771119045847
0.122957246611
0.118397837572
0.046852371924
0.0885712773967
0.0852845079791
0.0712476793924
0.0946223449792
0.0497106933593
0.080968319847
0.0668906764727
0.0847926427762
0.0580826291471
0.0647603344211
0.0828348138304
0.066056488318
0.0647243862407
0.0656059323909
0.0774278392075
0.0894727332973
0.0872836849221
0.0518346242778
0.0831249466361
0.104155064148
0.0591311644333
0.0710584813995
0.0411597034659
0.0635556708501
0.0842135834382
0.0957828396472
0.0689291184534
0.133811501396
0.09865121359
0.0936574113612
0.117113290829
0.074245020101
0.0399162128368
0.0919523403479
0.0581154471811
0.0757199370304
0.0845498363139
0.0617374347999
0.0895211562565
0.0602919993894
0.0806990519555
0.0603669852385
0.0641374254874
0.107057427268
0.0848985425742
0.0516902549988
0.0978517062628
0.107597456467
0.0719832591061
0.12796263073
0.0577203716451
0.063356565479
0.0872315749453
0.090174755088
0.0468403538266
0.2
0.0971825309656
0.0749045566039
0.0569662620249
0.101288286163
0.0757888144197
0.07578926944
0.0572376526879
0.0905693485604
0.109978169212
0.0927165742934
0.120722119963
0.0883894288508
0.0562759646896
0.0613035107471
0.152097661936
0.066176797939
0.0761417875979
0.0571003269334
0.0569340026688
0.126425102467
0.0427278745482
0.052353379422
0.0741717045359
0.0699954946388
0.0648143360838
0.0574110914609
0.0519320007573
0.0483530182896
0.0469707142804
0.0942778011506
0.109836481369
0.0668347251377
0.0474773022097
0.0779425223826
0.0901962716614
0.0636515164336
0.0935303146541
0.0463374996703
0.106779445098
0.107335862562
0.0714066065062
0.133572732411
0.105470892657
0.0549027630629
0.0887806424469
0.0734371167755
0.0694214460381
0.0701695247815
0.0687293370233
0.0733395799724
0.0661738348269
0.0789837458896
0.0549777213773
0.089083417723
0.0735813599724
0.0566889340524
0.0640135850976
0.0541584629362
0.0896899790428
0.088644249784
0.0716094919221
0.0540067844039
0.082393289855
0.11108573785
0.076211995466
0.0824449126072
0.0485581198087
0.101993357012
0.120732459186
0.115325253199
0.0638242113175
0.137762427841
0.081478802833
0.0941865070924
0.122347478165
0.0686825289974
0.0378437044906
0.0897408513614
0.0596074637988
0.0757657120957
0.0910922889897
0.06543803061
0.097390397314
0.056594861486
0.0967572942208
0.0653785301645
0.0602746323292
0.146886253625
0.0891175273512
0.0573256905891
0.13455736123
0.132948487595
0.0716765227779
0.125762389649
0.0534809154896
0.0647707963851
0.0819738275365
0.0937027203657
0.0461767262429
0.2
0.107871949555
0.0720477151689
0.0586837772261
0.0996745490528
0.0738276713899
0.0841391977121
0.0664164584537
0.0905693485604
0.102660756584
0.0837308363958
0.106316012558
0.0827976936613
0.0629979715721
0.0584339623095
0.145536374634
0.0632552795664
0.0673632616526
0.0685900633691
0.0523641404112
0.155846621846
0.0451285997055
0.0519185069609
0.0752493499538
0.106195207206
0.0662850678094
0.0594024780578
0.0532896560527
0.0621308567018
0.0565489902512
0.0930451054777
0.110786686791
0.0719117037987
0.0481278270766
0.074642306792
0.0851028108559
0.0652359765287
0.0927099273327
0.0449503836072
0.0918833496779
0.109074731158
0.0792311829895
0.108505155615
0.105470892657
0.0603435606315
0.102090897923
0.0840024613217
0.0730385461563
0.0712145057852
0.0703051904377
0.0762899011248
0.058443697494
0.0829119806126
0.05092604578
0.0838580145268
0.0875518597143
0.0577075112883
0.0660307547192
0.0568028146073
0.0986147628336
0.0840163347098
0.0676164783148
0.0556768206919
0.0889301244284
0.101347605691
0.0610923028921
0.0810807086663
0.0534932785335
0.104333891778
0.120732459186
0.104720727555
0.0689694254233
0.107868969507
0.0792203015567
0.0937301705894
0.119582595114
0.0713493276409
0.0366738238456
0.0833486581332
0.0569214262512
0.0831157640894
0.0984804136322
0.0629862480752
0.113622192298
0.055094159846
0.0992406935296
0.0667699648966
0.0539142863142
0.137098775369
0.0893221566069
0.0578863578451
0.144248248848
0.124398420469
0.0753398602848
0.129932427549
0.0549824892052
0.0676254624495
0.0865204274751
0.0888898328017
0.0479129605476
0.2
0.111217540301
0.0714541075936
0.0560397093969
0.10718517606
0.0699132510667
0.0717497919709
0.0606284468517
0.0956901241587
0.109978169212
0.0971765989589
0.10472832324
0.0720407460036
0.0676434167117
0.0702844103331
0.160021137295
0.0588663661095
0.069092649801
0.0654672534474
0.0552714010471
0.12096356921
0.0460897792436
0.0669640411127
0.0661829142113
0.0729744323502
0.0684002323793
0.0630225351848
0.0534573826393
0.0489884952709
0.0489214172528
0.100000716781
0.0996956824143
0.0695733060341
0.0440910826366
0.0785666316763
0.086655946513
0.0645999436907
0.086188518478
0.0441407323103
0.106779445098
0.109054582551
0.0769700558222
0.130149475544
0.102918636294
0.0609786658508
0.0927375879092
0.0766759841568
0.0706562613449
0.0721238738113
0.0748845224634
0.0701449700282
0.0623398327534
0.0737432335435
0.0562803709311
0.089083417723
0.0683255485458
0.059955407828
0.0630204213256
0.0507230680386
0.0920076044976
0.0881954451496
0.0643554677555
0.0566647984696
0.0953028351003
0.118479575463
0.0730000339389
0.0810807086663
0.0547810216885
0.0915525120785
0.120732459186
0.101848596069
0.0672643661165
0.131231650097
0.0729188231808
0.0949027447269
0.116990420497
0.0752595515697
0.0374108632326
0.0894523412503
0.0569548036857
0.083174794545
0.0929304884428
0.06543803061
0.102533088293
0.058016316192
0.104096450557
0.0600394614799
0.0614462110603
0.146886253625
0.0874136342408
0.0585397489823
0.126262740283
0.150673883584
0.0764070761273
0.130386833494
0.0508283574953
0.0649006697126
0.0885108311856
0.0890936839162
0.050412623205
0.2
0.105872421988
0.068099759773
0.054802665838
0.0944716209398
0.0647137975707
0.0677372247806
0.0603800057453
0.0905693485604
0.110403774307
0.097458939063
0.1133049241
0.0727299389303
0.08036724712
0.0678455666317
0.130032929675
0.0577868227015
0.0644358103552
0.0613343694483
0.0495255123102
0.146844481788
0.042788178015
0.0515059430304
0.0707022235347
0.108056850429
0.0636992030454
0.0592048119363
0.053150925977
0.0567310800071
0.0502105962857
0.0925738951833
0.11993749147
0.063264215933
0.0483528919182
0.0726693543825
0.0864556810908
0.0705604392897
0.0886183801962
0.0496861469198
0.109096820387
0.111626253296
0.0720523787723
0.130149475544
0.102918636294
0.0656682662006
0.113195279989
0.0836375789478
0.0652510692618
0.0683278804529
0.0688875101128
0.0740577855835
0.0525581389426
0.0911114681498
0.0584092819086
0.0638713980243
0.064116406251
0.0512542586131
0.061252373638
0.0561572046227
0.103504825832
0.0705869886093
0.0635340244926
0.0543305137132
0.0920080957982
0.118556697161
0.0669633498812
0.0744005648344
0.0557458001962
0.100800895189
0.0991037485812
0.114453670902
0.064761838471
0.113370284111
0.0825594715147
0.0897535373191
0.119003820666
0.0662523114688
0.0349877362932
0.0870299166634
0.0515797893098
0.0825604418582
0.0936182416246
0.0605439756157
0.104012321758
0.0591008739516
0.103188800049
0.0648815757196
0.0609878495093
0.136800280844
0.0894063883121
0.0547682465957
0.138127778673
0.124398420469
0.0775673110046
0.121412182179
0.0551171343431
0.0655685900205
0.0817895799265
0.0863067827583
0.0442277432802
0.2
0.113826131153
0.0719420981287
0.0557661900803
0.103773468913
0.0720897407096
0.0832342524443
0.0604731359924
0.0997801799743
0.104626293612
0.0982644818464
0.102279192951
0.0897975035298
0.0592278764951
0.0772329886857
0.165455584649
0.0495325108411
0.0671905291216
0.0738025402426
0.0549255436479
0.130781695366
0.0398641556367
0.0563499225163
0.0679170726878
0.0729258606062
0.0654876656422
0.0636959346608
0.0542502069987
0.0565207555648
0.0513339278085
0.0911178134746
0.0985834675019
0.0656878411965
0.0420062626321
0.0766591338493
0.0888535614733
0.0624286901181
0.0904577690427
0.0472232457598
0.0970722228163
0.109440211199
0.0834747163483
0.147857982304
0.102918636294
0.0594391944441
0.123627258209
0.0793648694874
0.0684637506467
0.0769176256936
0.0683647565852
0.074427892769
0.0673243334375
0.077045729155
0.0522626641486
0.0905379745503
0.0745999667016
0.059955407828
0.064650028022
0.0490986886001
0.0975684387539
0.0850169721808
0.061909062698
0.0569461286311
0.0849661613858
0.118479575463
0.072341594202
0.0852781841991
0.0539231029837
0.104103640489
0.105735614892
0.11491491222
0.0661750064316
0.121475921851
0.0791848792189
0.0826907044266
0.122849964386
0.0691201339995
0.0408624118014
0.0949940797357
0.0540834973299
0.0836078077734
0.0959992465042
0.0628472729219
0.128039129639
0.0517411040547
0.0939379569692
0.0658972193277
0.0568150010456
0.137578589126
0.0881951504213
0.0619242751753
0.125496671283
0.124398420469
0.0656626547259
0.109254223246
0.0534776538938
0.0646794609656
0.0819738275365
0.0829386604719
0.0498191555182
0.174569722322
0.115910446129
0.0708629534504
0.0552661186471
0.109025637564
0.0748279475218
0.0788595661566
0.0636220302111
0.0905693485604
0.109978169212
0.0857644818464
0.120722119963
0.0832198041148
0.0586055733987
0.065677168778
0.113799868401
0.0624688560065
0.0747942115476
0.0594811482997
0.0489594613395
0.166500152699
0.0410600621903
0.0508876562083
0.0576311677854
0.105056662484
0.0648946883868
0.0561225194108
0.0550418198617
0.0542714633774
0.0500131166417
0.0954442405048
0.119536544357
0.0627614783332
0.0445529226172
0.0715349860655
0.0815592842384
0.0723994641904
0.0925984212546
0.0463328771417
0.082281881953
0.102576868491
0.0752647848614
0.126045482629
0.125708976539
0.0625477269614
0.0871279606001
0.0755811504012
0.0694324968568
0.0709107860861
0.0771885885259
0.0721915492391
0.060005607676
0.0756535499627
0.0507400934377
0.0788671728154
0.0901807930461
0.0652217815452
0.0686192073577
0.0513123816141
0.0702306580252
0.0718523010347
0.0656254767512
0.0623892266067
0.0729938335227
0.118479575463
0.0770690391315
0.0723049952878
0.0556621670113
0.104398421372
0.0966082100383
0.102874676749
0.066519784155
0.132510324968
0.0724378266036
0.0904364822459
0.108051646917
0.0666961182946
0.031434254242
0.0942543437236
0.0466717233873
0.0800260597941
0.0937415400114
0.0650300641679
0.111605066133
0.0591238918486
0.0700811991615
0.0627776741276
0.062409619598
0.124957222115
0.1033794723
0.0591844534924
0.109330588849
0.132886090771
0.0672015656332
0.131373314245
0.0491372563224
0.0585164350003
0.0851127713974
0.0891306833918
0.0431056103436
0.174569722322
0.102423676816
0.0592431961158
0.0529180519683
0.088817635093
0.0766376904799
0.0795199643831
0.0599219138476
0.0795211051223
0.104626293612
0.0981458706176
0.115166564408
0.0645100954983
0.0641050767631
0.0617826226357
0.125171179666
0.0574275230111
0.0589208699459
0.0625372000575
0.0526205316327
0.110140915535
0.0452281100208
0.050324199763
0.0641178956889
0.0996214805422
0.0597958421723
0.0595768076441
0.0523396588341
0.0487104318046
0.0493598347182
0.0942028139379
0.121729719266
0.0624707128861
0.0467536372892
0.0717061403189
0.0851105625115
0.065059388852
0.0751511048478
0.044627660359
0.0764401619295
0.0985968135345
0.0655194424217
0.147857982304
0.072362045782
0.0666742226737
0.0810909484982
0.0712911011724
0.0632091618232
0.0673699771217
0.0472168641552
0.0707517191817
0.0650938605612
0.0835504275213
0.0543911893876
0.0721956249974
0.0777078655102
0.0549204136264
0.0598521968526
0.0504839609592
0.0803409803744
0.0831579397324
0.0553743221217
0.0568683473045
0.0862204400109
0.103197251674
0.0700535863517
0.0723495381735
0.0541862807972
0.107488979488
0.103586924224
0.102377749229
0.0629805358843
0.116686198314
0.0726806698134
0.0814800641815
0.110306777927
0.0671644531422
0.0368184985054
0.0730978065372
0.0607437868459
0.077055403449
0.0936182416246
0.063486995334
0.114109193082
0.0596908367182
0.10567623011
0.0550714291223
0.0613495316921
0.128202030654
0.0972380818232
0.0499271674421
0.1417990146
0.132948487595
0.0715333114212
0.114794397334
0.0512652570751
0.0656474799211
0.0883877525766
0.0865455093511
0.045410547115
0.2
0.100679292826
0.0677965461133
0.0581290599611
0.108800659602
0.0765953495039
0.0795243825963
0.0646178836431
0.0905693485604
0.101644835878
0.097458939063
0.110165088156
0.0870660999756
0.0658675486669
0.065390434078
0.124723216644
0.0602357467518
0.0619813367343
0.0658616664606
0.060069897726
0.114465547473
0.0450598863998
0.0460199657927
0.0704287682509
0.0774580192829
0.0632943226876
0.0602094448862
0.0531840614159
0.0530346790119
0.0450585266828
0.0981871849254
0.0941824081427
0.0682280633265
0.0441259863541
0.0799183192575
0.0899219820623
0.067220296559
0.0861405326927
0.0472536004988
0.0971987615354
0.104596140213
0.0769162817348
0.147857982304
0.118397837572
0.0675938140668
0.102090897923
0.0780159639536
0.0682314024341
0.0725604346048
0.0648995534931
0.0757643568294
0.0526697588127
0.0770827605528
0.0574588086066
0.0605817000957
0.066019273274
0.059955407828
0.061779600015
0.0588643782525
0.0872630441217
0.0749896202578
0.0805255880851
0.0547439553876
0.0977233195567
0.118479575463
0.0697445656184
0.0810807086663
0.0557458001962
0.0925974717325
0.10937228764
0.11491491222
0.0673734243818
0.119631196318
0.0784096899907
0.0898575065254
0.127143361628
0.0619849062068
0.0375003339166
0.0858961870381
0.0567168155305
0.0831157640894
0.0906093412983
0.0624510612831
0.122723039634
0.0535896814804
0.105553878057
0.0654299918496
0.053177368619
0.12543199739
0.0879036372067
0.0540378932678
0.125496671283
0.0876567076931
0.0724968519765
0.0957071085668
0.0489867942317
0.0582197189342
0.0865937813565
0.0837725952057
0.0474928424009
0.167461672792
0.0753239327527
0.0682465492473
0.0588428333342
0.0938127578775
0.0491816721547
0.0795243825963
0.0548433286955
0.0872449284203
0.0962929602786
0.101314585295
0.0940881728461
0.0688291875626
0.0553874792664
0.0711709889323
0.127260352449
0.0624085708173
0.0613389701392
0.0505532385201
0.0562129952266
0.142556893812
0.0455610340324
0.0595033802518
0.0745004693979
0.078989963555
0.0674583710192
0.0566673540207
0.0568564326255
0.0585241507573
0.0414779765616
0.0787380440898
0.109524350614
0.0765776905429
0.0433930558444
0.0728632031577
0.083774149629
0.0583687703718
0.0841246368402
0.0427929906509
0.102675505937
0.0850139915662
0.0761005559522
0.134765471718
0.112531003815
0.0388116541802
0.0957989981619
0.0651314851129
0.0660662309079
0.0862025992843
0.0621728959229
0.0772297490174
0.0575444610032
0.085641059778
0.0531931221384
0.0755913498263
0.0782616430924
0.0595961771477
0.0776728503571
0.0500597708921
0.0774418830367
0.0722877873453
0.0789610086538
0.0532414113421
0.0850862905082
0.0930488758455
0.0786141818539
0.0777492295829
0.0448544829553
0.0697034998355
0.0874726814575
0.108934399341
0.0652429469083
0.131695422713
0.0765758450993
0.080239436807
0.118936589953
0.07553917565
0.0387378962707
0.0791160150989
0.0571236731371
0.0875738043742
0.0936182416246
0.0646658504736
0.0942444134137
0.0632979350956
0.0811888588643
0.0662252056261
0.0584332567971
0.122192675796
0.088582046754
0.045357189357
0.116616231804
