0.666666666667
0.687502669607
0.668181818182
0.756204843884
0.626482000322
0.729771780092
0.623650308023
0.558529730731
1.0
0.467452244465
0.603758111592
0.665319374012
0.735396123613
0.727941176471
0.728868636011
0.488616585402
0.825
0.700511285253
0.633333333333
0.694444444444
0.615690756382
0.42428765436
0.444444444444
0.875
0.719075236381
0.555512747478
0.602941176471
0.689946290322
0.422222222222
0.694204097723
0.504280027966
0.581588540835
0.354166666667
0.547185670529
0.580357142857
0.607420511532
0.671433433086
0.4888534255
0.469802906251
0.470085470085
0.698620905872
0.589083244015
0.678355732918
0.655088866986
0.88
1.0
0.692970822281
0.412846108561
0.917796025275
0.825396825397
0.708333333333
0.549818057015
0.727719684643
0.319421951911
0.521008403361
0.717948717949
0.673496949203
0.627450980392
0.710182436418
0.480769230769
0.703431372549
0.714405725085
0.717009695516
0.483090553956
0.514582523725
0.427158712676
0.503496503497
0.759612677364
0.692307692308
0.330329051838
0.614193548387
0.527903987844
0.696428571429
0.539591594358
0.907945648149
0.860367091085
0.923076923077
0.736552233443
0.527777777778
0.688512732669
0.669642857143
0.700194296331
0.559860420343
0.736607142857
0.459022952203
0.554391223661
0.609723459427
0.523036276852
0.9375
0.861538461538
0.784688995215
0.504599236127
0.705882352941
0.589756056073
0.792927814667
0.595029239766
0.646153846154
0.681828156865
0.369444444444
0.707692307692
0.61536626391
0.698076923077
0.606060606061
0.724458204334
0.65428639167
0.796401782585
0.553973127889
0.631031175196
0.8
0.467452244465
0.548393107955
0.716666666667
0.736308407394
0.705882352941
0.745052659933
0.535286936122
0.820366723445
0.700511285253
0.8
0.694444444444
0.598166351551
0.333328288916
0.394098712959
0.771944654891
0.683333333333
0.561458248561
0.739469091275
0.772727272727
0.520841085609
0.672222222222
0.594202898551
0.493311431217
0.333333333333
0.554934339638
0.584386274959
0.639083051909
0.791605454538
0.423872281191
0.324561403509
0.470085470085
0.6875
0.60220240188
0.676407936527
0.67932264213
0.628548286599
0.769644485814
0.588461538462
0.438648990346
0.748675042204
0.825396825397
0.708333333333
0.667873612571
0.406243435356
0.63633899237
0.564705882353
0.759523809524
0.586211634849
0.630946502045
0.559576193545
0.510416666667
0.553442028986
0.795077639487
0.618108596615
0.596691939408
0.699866883627
0.295138888889
0.473443223443
0.768510269214
0.627403846154
0.365260551753
0.623333333333
0.688377485539
0.568181818182
0.552380952381
0.947663291635
0.683794377582
0.65811965812
0.757559189064
0.555555555556
0.573976542164
0.708333333333
0.68023020054
0.690476190476
0.736607142857
0.435510154711
0.514996215318
0.663993785767
0.431608276692
0.853257774452
0.89010989011
0.724150767936
0.77757734599
0.761764705882
0.693161900933
0.742279153796
0.513157894737
0.762003827534
0.572238548712
0.461842105263
0.671328671329
0.619047619048
0.65
0.668181818182
0.724458204334
0.752595183332
0.75
0.588452908174
0.619431721062
1.0
0.56555845282
0.658208302425
0.683636363636
0.679451764978
0.609193332277
0.535711905379
0.423257878178
0.6
0.608844618586
0.522218395537
0.386904761905
0.423388922736
0.501466067
0.4978883594
0.777053935345
0.585434173669
0.3875
0.554360703791
0.698051948052
0.738888888889
0.575284534139
0.607608695652
0.449116419484
0.527777777778
0.769736842105
0.653409090909
0.668200168128
0.546211492642
0.403658735929
0.263888888889
0.555555555556
0.646826197352
0.463765529757
0.811403508772
0.634649545796
0.648508892789
0.642295997173
0.559716820099
0.708870469799
0.390756302521
0.694444444444
0.708333333333
0.644269360843
0.332997102506
0.424218953773
0.67432329134
0.8
0.696720981934
0.278958649662
0.604351702936
0.541666666667
0.445195084771
0.728156176558
0.528198506705
0.798517117966
0.831739269242
0.3375
0.545454545455
0.579143946569
0.769230769231
0.495716948853
0.49514694854
0.521008403361
0.405844155844
0.357894736842
0.773136550442
0.594850936896
0.240384615385
0.70580041805
0.367243268808
0.555351623058
0.75
0.886958172289
0.897619047619
0.682293879562
0.426150429015
0.60524454987
0.626548611776
0.52873360303
0.712123341325
0.721153846154
0.801920169848
0.664302357383
0.857843137255
0.496721909191
0.656692738068
0.633223684211
0.661226265919
0.623211535126
0.489705882353
0.335664335664
0.538445480921
0.73125
0.958333333333
0.838912256734
0.704938680008
0.867962010624
0.650881767616
0.696179073039
1.0
0.556519830548
0.690543673677
0.583447264591
0.752650543474
0.727941176471
0.66812958301
0.520399075385
0.825
0.700511285253
0.7
0.9
0.635551748523
0.470861743042
0.398287860664
0.806682164362
0.672405663779
0.675
0.63159338394
0.803050624598
0.444444444444
0.621836843483
0.608695652174
0.566088243465
0.291666666667
0.506147362396
0.750854134204
0.624711089311
0.67538358889
0.559504465099
0.361111111111
0.505050505051
0.606617647059
0.6241205572
0.75730994152
0.67932264213
0.769090909091
0.789743589744
0.696488294314
0.708870469799
0.79231410511
0.761904761905
0.634920634921
0.505380471954
0.455160159039
0.559418894391
0.571895424837
0.666666666667
0.53149854893
0.484774308064
0.498720771162
0.525
0.566287878788
0.725585143569
0.820855849363
0.75650700209
0.674158477192
0.364658712676
0.51
0.69966477222
0.721153846154
0.398397075412
0.643571428571
0.651260504202
0.667582417582
0.533968456386
0.961359235688
0.700356371368
0.801282051282
0.897263127481
0.527777777778
0.63235868955
0.669642857143
0.760943176658
0.696428571429
0.736607142857
0.458869053685
0.634519875989
0.777777777778
0.692899300801
0.783479596512
0.846153846154
0.800316459874
0.515705021381
0.780185758514
0.825602377123
0.783818942814
0.564473684211
0.772555292902
0.723959470521
0.442429881041
0.587412587413
0.666666666667
0.707352941176
0.727272727273
0.735645933014
0.740370904904
0.839583333333
0.698981115827
0.719181416171
0.9
0.490536305921
0.671452592283
0.614481693558
0.707745999362
0.788602941176
0.776096520764
0.545806127886
0.825
0.7
0.563664299945
0.729166666667
0.653114254066
0.58919688127
0.381825742659
0.844602383637
0.67803513613
0.552380952381
0.631135757942
0.755928853755
0.826388888889
0.689392237992
0.476902173913
0.593693605847
0.422222222222
0.601941575148
0.714285714286
0.64668008224
0.758735020388
0.638285947376
0.361111111111
0.40404040404
0.645833333333
0.637499972981
0.704258821504
0.648967881765
0.716160461859
0.872377997072
0.779540783521
0.523957219672
0.772071137273
0.825396825397
0.606060606061
0.505380471954
0.406243435356
0.755244755245
0.690196078431
0.733333333333
0.608175319362
0.630946502045
0.632008372668
0.525
0.595833333333
0.679906253961
0.825984054491
0.778132678875
0.649753975125
0.545955882353
0.51
0.759612677364
0.538461538462
0.385416666667
0.597575757576
0.770551046668
0.568181818182
0.452083333333
0.977674653496
0.814241804542
0.88141025641
0.897263127481
0.472222222222
0.628124708608
0.675
0.651102173317
0.857142857143
0.870535714286
0.47160806328
0.629789344851
0.626308665389
0.613326583722
0.966666666667
0.815934065934
0.752877107647
0.823397329073
0.796519643718
0.709548375023
0.68795115243
0.461842105263
0.75
0.698614118634
0.544117647059
0.619230769231
0.61536626391
0.73125
0.808080808081
0.784688995215
0.800346940876
0.870535714286
0.697424267272
0.66911271693
1.0
0.608591861476
0.660702376724
0.598225564099
0.735396123613
0.716386554622
0.66812958301
0.603958840108
0.775975351227
0.700511285253
0.738888888889
0.729166666667
0.534585391762
0.648693147542
0.423904497973
0.912237719917
0.655976312601
0.525
0.652243589744
0.763636363636
0.527777777778
0.611111111111
0.574534161491
0.499039402168
0.30303030303
0.547185670529
0.827651515152
0.601036775822
0.65157249493
0.534504833005
0.388888888889
0.444444444444
0.647064633441
0.586305764074
0.777777777778
0.653328153273
0.726363636364
0.697849614019
0.713286713287
0.708870469799
0.785068055738
0.761904761905
0.708333333333
0.464416808293
0.349646957631
0.515128044682
0.588235294118
0.789743589744
0.634920634921
0.650663580234
0.588813989743
0.5
0.502450980392
0.690383998396
0.820855849363
0.730569619161
0.669443489522
0.413194444444
0.392307692308
0.726097073489
0.641025641026
0.413407916058
0.616296296296
0.762132216132
0.696428571429
0.533333333333
0.977674653496
0.802666072997
0.789743589744
0.897263127481
0.40404040404
0.622045909668
0.75
0.72232231739
0.785714285714
0.75
0.486578825723
0.575860535667
0.674281828414
0.511046562025
0.835711569613
0.846153846154
0.800316459874
0.537192730605
0.780185758514
0.835086322932
0.675631808311
0.564473684211
0.772555292902
0.718203818241
0.544117647059
0.671328671329
0.904043301502
0.8
0.647727272727
0.718421052632
0.721861393352
0.821243867021
0.701979736279
0.731541059102
1.0
0.490536305921
0.6315948706
0.64705366646
0.649351885655
0.686274509804
0.527361863738
0.562613896825
0.825
0.729458032577
0.8
0.781862745098
0.556107779958
0.644756804994
0.456600312993
0.742996730333
0.636368469464
0.483717875683
0.65
0.645821818266
0.844444444444
0.633347434338
0.578063241107
0.598811093467
0.555555555556
0.547185670529
0.758546364626
0.589738629667
0.711421098518
0.568987591626
0.340277777778
0.606060606061
0.575657894737
0.604959831789
0.75730994152
0.69746626293
0.787368421053
0.789743589744
0.88141025641
0.598808251053
0.807498571616
0.743464052288
0.708333333333
0.464416808293
0.522014115966
0.839160839161
0.705882352941
0.645833333333
0.62030075188
0.590001815528
0.619414617727
0.400641025641
0.719952556045
0.784854602199
0.422137900645
0.577888313624
0.559026898244
0.402960526316
0.546558704453
0.759612677364
0.593406593407
0.364389233954
0.542608695652
0.639705882353
0.649350649351
0.4
0.889968415692
0.872368421053
0.815934065934
0.78432091563
0.527777777778
0.68315741337
0.5625
0.788983675509
0.741758241758
0.766826923077
0.392319868597
0.583297002695
0.79927931321
0.540291616076
0.928571428571
0.89010989011
0.785360711662
0.74647425215
0.844290254089
0.792388714249
0.724476387074
0.555535633967
0.789743589744
0.723959470521
0.494443667081
0.671328671329
0.61536626391
0.85
0.818181818182
0.775594711676
0.742528357762
0.807300245918
0.599400543342
0.645107342097
1.0
0.683614008376
0.609197128044
0.569481693558
0.762532248403
0.823529411765
0.745052659933
0.599417282808
0.837317276225
0.608844618586
0.747218395537
0.675
0.72365654763
0.514705882353
0.52667503469
0.849139120381
0.501253132832
0.564296809302
0.602941176471
0.727272727273
0.492207168933
0.652636741505
0.529891304348
0.51782034814
0.222222222222
0.602741226084
0.892857142857
0.641036775822
0.751815107191
0.542316298268
0.354140980636
0.388888888889
0.590277777778
0.590077617717
0.743464052288
0.698888488055
0.848668247784
0.872377997072
0.863076923077
0.678344947176
0.748675042204
0.888888888889
0.826388888889
0.464416808293
0.423906193415
0.763636363636
0.674135637436
0.710416666667
0.605047168522
0.572122972634
0.604146799757
0.5
0.565789473684
0.662337995814
0.947778926286
0.619831820258
0.669443489522
0.486425532596
0.470769230769
0.723249041001
0.646153846154
0.350877192982
0.64125
0.545955882353
0.696428571429
0.483333333333
0.953129376943
0.802005012531
0.923076923077
0.783384615769
0.527777777778
0.552484863942
0.535714285714
0.700194296331
0.642857142857
0.802083333333
0.477923866926
0.697578775114
0.665549185786
0.522338077251
0.966666666667
0.789743589744
0.757309147872
0.89577429569
0.725871284491
0.812121984966
0.855421240293
0.445820433437
0.740504010851
0.746076466075
0.469862591189
0.671328671329
0.61536626391
0.615789473684
0.668181818182
0.736842105263
0.722148729865
0.839583333333
0.674527705243
0.694574562082
0.8
0.692234462785
0.549053479191
0.512727272727
0.71876435094
0.752941176471
0.79261946054
0.448234811857
0.825
0.700511285253
0.634718395537
0.9
0.646153846154
0.645170554034
0.453643424908
0.556479405604
0.584532088231
0.627307619273
0.534282333721
0.602261212206
0.844444444444
0.457613758787
0.610027719283
0.447000562164
0.527777777778
0.738888888889
0.604957531671
0.617795901745
0.633687065753
0.544049562166
0.263888888889
0.505050505051
0.633223684211
0.6241205572
0.672222222222
0.555298744465
0.832380952381
0.933333333333
0.8273428127
0.497759358688
0.690196078431
0.694444444444
0.68056851654
0.721581684144
0.459656503861
0.503496503497
0.632178085632
0.666666666667
0.581115912741
0.717267359051
0.438967475012
0.48375652722
0.502450980392
0.596794895869
0.741758241758
0.892591319363
0.731943489522
0.440476190476
0.488211539631
0.645326963079
0.480769230769
0.417134791848
0.616296296296
0.514304145596
0.696428571429
0.533333333333
0.761764705882
0.753663753379
0.88141025641
0.678136424166
0.527777777778
0.673945692187
0.9
0.630301341496
0.828571428571
0.697115384615
0.423460219474
0.565417755795
0.708333333333
0.442638418312
0.897619047619
0.815934065934
0.852130325815
0.811858211774
0.728638948405
0.525738308753
0.707879833999
0.459435274587
0.439221959569
0.779921484079
0.50625
0.560897435897
0.830112147588
0.633333333333
0.909090909091
0.701981479611
0.687531705049
0.822650220032
0.698842807684
0.677257692185
0.8
0.579952244465
0.58997684172
0.583447264591
0.648552697597
0.863030505691
0.838972226194
0.630264963617
0.685714285714
0.608844618586
0.7
0.825
0.582170385122
0.549777850439
0.471656452774
0.692112816907
0.618824609814
0.483717875683
0.71102797238
0.748183811738
0.680555555556
0.63290076372
0.578063241107
0.549294185255
0.40404040404
0.489705882353
0.801282051282
0.604617397688
0.654469568438
0.531464025444
0.30303030303
0.583333333333
0.518092105263
0.611932344299
0.686274509804
0.741192925162
0.598548286599
0.533050946816
0.696488294314
0.523957219672
0.514705882353
0.62908496732
0.826388888889
0.384089158685
0.501659771827
0.445880239304
0.571895424837
0.710416666667
0.580600818279
0.47480198498
0.532146160144
0.525
0.631944444444
0.668584879531
0.670855849363
0.828834796551
0.675833331463
0.451001445886
0.487980769231
0.579143946569
0.741758241758
0.281519528029
0.514285714286
0.709889281962
0.619047619048
0.450959427856
0.878821029315
0.789473684211
1.0
0.78432091563
0.564102564103
0.660585408587
0.590277777778
0.680359560938
0.736607142857
0.75
0.331091838016
0.554984344718
0.598949496549
0.549701979689
0.903798352303
0.89010989011
0.770181208325
0.592628098304
0.835913312693
0.842093420219
0.6397064534
0.49043062201
0.740504010851
0.721812047164
0.335813821887
0.721153846154
0.666666666667
0.761764705882
0.763636363636
0.718421052632
0.762128222491
0.885827200355
0.672229214538
0.600687892876
0.9
0.467452244465
0.58154249487
0.614481693558
0.707745999362
0.849264705882
0.745052659933
0.660185212853
0.825
0.608844618586
0.8
0.781862745098
0.680274089715
0.62908496732
0.466431471308
0.71850233263
0.618824609814
0.466666666667
0.6875
0.81026466412
0.65811965812
0.678819444444
0.565217391304
0.586725525536
0.236111111111
0.566303317588
0.802106970687
0.572268881947
0.720242203907
0.49808092949
0.361111111111
0.456349206349
0.602678571429
0.588775394262
0.777777777778
0.745490431948
0.72
0.665235139929
0.761217948718
0.635068330783
0.690697886435
0.761904761905
0.826388888889
0.644269360843
0.369996780562
0.755244755245
0.647058823529
0.690476190476
0.682330827068
0.590001815528
0.603385717355
0.386904761905
0.552696078431
0.795430959123
0.488377216884
0.653332187427
0.669443489522
0.45
0.5
0.723249041001
0.557692307692
0.459300348765
0.623333333333
0.746606334842
0.696428571429
0.516666666667
0.977674653496
0.872368421053
0.741758241758
0.80993682534
0.527777777778
0.630766988725
0.590277777778
0.737942422463
0.828571428571
0.836538461538
0.355404663919
0.619747927306
0.722222222222
0.493911360543
0.966666666667
0.815934065934
0.737305791754
0.818188709981
0.815781142926
0.863102377123
0.82472701364
0.461842105263
0.675
0.736648943576
0.568186892937
0.671328671329
0.512805219925
0.633025615321
0.69696969697
0.623971638939
0.647498521233
0.775
0.574963108673
0.706845793004
0.795761364628
0.378833366126
0.554832199224
0.584347826087
0.669510966775
0.363970588235
0.745052659933
0.546601857779
0.572727272727
0.517177951919
0.763636363636
0.45
0.486524089715
0.495894504978
0.540935672515
0.742996730333
0.639471502192
0.3875
0.450779863656
0.715909090909
0.777777777778
0.542503619604
0.493349551332
0.430883691672
0.422222222222
0.686111111111
0.600961538462
0.616018044876
0.604029735495
0.451408817153
0.216374269006
0.40404040404
0.708333333333
0.408235986682
0.708333333333
0.646153846154
0.509473684211
0.623125450912
0.655518394649
0.708870469799
0.439215686275
0.794444444444
0.888888888889
0.644269360843
0.251748251748
0.572727272727
0.375995338091
0.627450980392
0.590981712597
0.363970588235
0.526586522631
0.480769230769
0.428874334555
0.62757431728
0.717009695516
0.5
0.748355263158
0.485795454545
0.52849002849
0.604274155775
0.627403846154
0.423047491526
0.475642735756
0.570730426715
0.428571428571
0.483333333333
0.875975161951
0.602903980227
0.320512820513
0.716990561918
0.555555555556
0.496698642012
0.708333333333
0.720274945936
0.667003277486
0.870535714286
0.49007760195
0.685418018179
0.507215852452
0.506225108819
1.0
0.89010989011
0.801920169848
0.622794931612
0.857843137255
0.344007998725
0.783818942814
0.526315789474
0.843882427868
0.669909864213
0.416746483719
0.530769230769
