0.174162126497
0.0808083781011
0.132275382074
0.0665664976493
0.0623733284064
0.0962244826347
0.107434951665
0.0587596474778
0.2
0.108058772447
0.0801119524288
0.073854762793
0.132771345336
0.0810625683951
0.0918591631394
0.0725291804564
0.104401463414
0.125423187327
0.0929350848421
0.105891054853
0.100177667331
0.0746957074749
0.0816304745201
0.148834486121
0.0769654146105
0.0801685723874
0.0927245459445
0.0626858485148
0.138134473599
0.0585684646397
0.0632098262446
0.0848571229991
0.123197795882
0.079359898153
0.072030311455
0.0632312174822
0.0689081724789
0.0603998846295
0.104839336483
0.116379606868
0.0896227706265
0.0661020656719
0.0939088768391
0.103502385093
0.0785753782216
0.10666204887
0.0583216883493
0.0873036747571
0.131895245729
0.0958663584353
0.140621132154
0.128927717637
0.0992398059847
0.0970008777857
0.0892239700467
0.0959672361545
0.0803424482265
0.0832181364795
0.100065600433
0.0710765341881
0.112476271374
0.0705645891071
0.088846578975
0.070611470258
0.0623137111286
0.0785623328577
0.069534571922
0.119712410335
0.105607726862
0.0810080221901
0.0682069516065
0.104015171352
0.129677455709
0.0893880692254
0.0812283785422
0.0622470647414
0.118786873416
0.111879007613
0.134669628751
0.0874959432734
0.159800216616
0.0902725487033
0.0906904636859
0.138688007717
0.0947326574553
0.0470251143326
0.103260344038
0.0734425164313
0.09163996489
0.102699446116
0.076274701855
0.115907213217
0.0671611679568
0.113631332306
0.0767788115006
0.0847345651031
0.146009796411
0.0943979976154
0.0723770105131
0.181975065886
0.1586775267
0.0878324697046
0.134301794329
0.0621087271053
0.0672828012539
0.100402475682
0.0984076722016
0.054523504095
0.191103127813
0.108058772447
0.0782010194832
0.0767720216946
0.126708892209
0.0776849514461
0.087114990045
0.0808348620883
0.124474230764
0.119912527035
0.106758109286
0.120673228117
0.103993679628
0.0604776183253
0.0768575498898
0.154725802313
0.0741775991536
0.081696872787
0.0901702254336
0.0677459933668
0.154534879947
0.0589269342423
0.0638453200689
0.0882273528715
0.114399280918
0.0784483789175
0.0709945302713
0.0690048448876
0.0698999716247
0.0557819884426
0.113298197985
0.116800496248
0.0834495792906
0.0577563317278
0.0791271101314
0.103385761604
0.0759523383067
0.0993106775306
0.0493181403419
0.106065138387
0.126812552322
0.103137879087
0.142016803691
0.138415232655
0.085279868504
0.12511545836
0.0729946084202
0.0861009208185
0.0888850296916
0.0861026521025
0.089270858072
0.0684683647464
0.116597351987
0.072802449766
0.0808946418383
0.080126513782
0.0696685696124
0.0638615659181
0.0767204742948
0.121473315377
0.101104243001
0.0996502358935
0.0734982670942
0.0966782713255
0.120707041974
0.0918836316033
0.0915954268056
0.0604250300955
0.116011334158
0.111128615496
0.132154331684
0.0791547003804
0.164432803215
0.0852243334822
0.112814928452
0.132371646949
0.0831514639043
0.0436754042492
0.0949591583291
0.0685883867641
0.0884798193054
0.105718375952
0.0736606295289
0.130995374974
0.067497493693
0.111242212273
0.0799395141616
0.0758585414028
0.159096761256
0.0893051556713
0.0762957957992
0.174279376491
0.148305367632
0.0827912971036
0.129067238582
0.0698896321592
0.0760788370396
0.10657344155
0.0991234405037
0.0573641267567
0.2
0.105515893642
0.0864266657888
0.0767674583692
0.128170889534
0.0739091297611
0.0724406681457
0.071498125923
0.0907020361496
0.116345406366
0.0827696329209
0.125526923844
0.0920367790574
0.0755066003506
0.0774848977525
0.163462510395
0.0746776208678
0.0717730293316
0.0791726840231
0.0708146714601
0.154746943708
0.0543526476357
0.0707275883949
0.0747421544191
0.125341874455
0.0860400736757
0.0754761593324
0.0697157364218
0.0760287222137
0.0487536997014
0.105455814419
0.116862462915
0.0842786806873
0.0589355544768
0.094668461068
0.10292390919
0.075633827773
0.0949158682481
0.0541082478249
0.125366284292
0.111692559011
0.100758650104
0.132053295903
0.135709170255
0.0705809142942
0.101936987027
0.0955331404286
0.0962138023372
0.105129350089
0.0712362300182
0.0993918981042
0.0762989418823
0.109422164015
0.074920457557
0.0712693988496
0.087110074094
0.0756249864184
0.0843282385599
0.0872704216625
0.0971649161379
0.114411765219
0.105882377369
0.0686440727747
0.0985109786188
0.125478541647
0.0782498956493
0.0794877363801
0.0499387370904
0.0812222553546
0.0933374824979
0.131092640642
0.0847022469837
0.15974234725
0.108260254271
0.112436363535
0.142336893117
0.0870433047859
0.0518239383197
0.106741378817
0.0740547789637
0.0903297999637
0.096438101781
0.0766914399258
0.104750346277
0.070276411599
0.100519536421
0.0765922044145
0.0848987948836
0.117083829389
0.0949007773374
0.0688337900693
0.128174383164
0.143528232089
0.0843227971351
0.145035838924
0.072027011231
0.0709995280768
0.111255959718
0.115778245627
0.0562786944438
0.2
0.110617540909
0.0898315216527
0.0726912634891
0.12626583791
0.0835970950849
0.0800150535943
0.0800337635953
0.104401463414
0.119912527035
0.102015744517
0.141188159697
0.110864024579
0.074543587864
0.0727239820058
0.157559209829
0.0807488451402
0.0854252131308
0.0729138962869
0.0704017195336
0.141403579471
0.0544403706477
0.0628885624337
0.0898107896381
0.0960834571839
0.0761991690793
0.0735785511914
0.0616728205699
0.063659015959
0.0579258931229
0.110046130781
0.116790670322
0.0805674943671
0.0624621618872
0.0959449095017
0.107433193496
0.077244025644
0.102386320811
0.0576046339287
0.119893755833
0.127235035306
0.0880985113469
0.141216002702
0.123059150231
0.0815388759408
0.103719194916
0.084416997947
0.0925545202231
0.0801394015431
0.0880632514182
0.090738227039
0.0749548825425
0.102636763197
0.0722501231583
0.0927745777252
0.0816723274945
0.066191239586
0.0777901788881
0.0758069692146
0.102925951216
0.109737426538
0.0876705452306
0.0683379115395
0.0955275979323
0.122708087015
0.0891728139567
0.0904133592446
0.0575083128817
0.11802023977
0.124406355188
0.13333238519
0.0831585326332
0.160264488341
0.0906409956033
0.116209123314
0.147027192499
0.0865977681219
0.0499512796633
0.107185405176
0.0737467536286
0.0871159761395
0.102082484272
0.0810361819256
0.12246626156
0.06750257484
0.115417532697
0.0810069106846
0.0779382303024
0.160776541606
0.100170249604
0.0721881154443
0.167255090908
0.174162126497
0.0832442323308
0.140264997229
0.065484779763
0.0742101608166
0.103443565111
0.114762871588
0.0555645210272
0.2
0.120347066463
0.0880082321565
0.0736324570055
0.125462024554
0.0806265641212
0.0905181982065
0.0862964797521
0.104401463414
0.109977257936
0.0870829587232
0.121819006214
0.104029104121
0.0832405460853
0.072168196402
0.150501418174
0.07596468765
0.082003284395
0.0888952127065
0.0687067396007
0.172730780018
0.0547780813002
0.0611138962289
0.0913434389122
0.134987743427
0.0783041387156
0.078469918343
0.0630543123038
0.079935914026
0.068791719556
0.110202994201
0.117740875744
0.0865295873405
0.0617164898947
0.0929246032146
0.100075650341
0.0812290204104
0.104401720178
0.0553514702628
0.0981612649182
0.132537859555
0.0958125843479
0.122959854021
0.123059150231
0.0872047049644
0.116580326235
0.0933057473345
0.0950222348393
0.0815651273273
0.0871210575412
0.0965613628883
0.0672247452095
0.11193329968
0.0709878136338
0.0884525594862
0.0922484772542
0.0682696651033
0.080963206378
0.0770792469904
0.109919789962
0.106006409853
0.0857968615431
0.0715162420834
0.103792914707
0.111775717598
0.081177265328
0.0895471832185
0.0617648569411
0.118853921281
0.124406355188
0.123888656742
0.0863089253707
0.140405047237
0.0912487084153
0.112418963829
0.141810336936
0.0875171004288
0.0508158806964
0.0981755757792
0.0719359064947
0.0915725769314
0.106123754828
0.0795322333298
0.143244881784
0.0655013907299
0.115347520917
0.0829421047177
0.0746309260442
0.147316067763
0.0986117230071
0.0735538370934
0.178678898622
0.1586775267
0.0876372854695
0.139774040646
0.0669863534785
0.0759638700613
0.109546651485
0.110114194676
0.0570425302976
0.2
0.123480872693
0.0900238929945
0.0723965688163
0.132158069184
0.0796742774365
0.0803893339135
0.0802886231484
0.111724080634
0.119912527035
0.107509010318
0.120231316897
0.0988697720664
0.0876828664914
0.077706685744
0.165482685189
0.0722512385541
0.0794970163391
0.0833877684008
0.0692995861651
0.144648795232
0.0583225173229
0.0744203398108
0.0816685954136
0.101491267173
0.0788179083958
0.0826595994565
0.0642899653382
0.0637656729261
0.0594693672783
0.115820120478
0.110058293722
0.0831685480477
0.0571530336177
0.0961002691017
0.103720163323
0.0799364471803
0.096142278953
0.0580230758855
0.119893755833
0.1306023081
0.0943598470381
0.142969571118
0.121251944976
0.0865462277382
0.106598366314
0.0857236726286
0.0912209847934
0.0822418079746
0.0943655426724
0.0877100441355
0.0733161423979
0.103470104221
0.0735708724773
0.0927745777252
0.0745445308302
0.0711776962564
0.0760464156911
0.0703008414547
0.105243576671
0.112239903531
0.0831362938238
0.0718853671417
0.110365668536
0.129677455709
0.0866917352359
0.0895471832185
0.0632520532813
0.110070799152
0.124406355188
0.120506390573
0.0836610477279
0.157795248451
0.0818845792927
0.114152048297
0.144037580335
0.093166909713
0.048195710939
0.109249162211
0.0704962818826
0.0948210888314
0.103920683725
0.0810361819256
0.127280730287
0.0705372521286
0.117798524905
0.0790031015259
0.0790102906497
0.160776541606
0.0985715292782
0.0734709624138
0.16122851169
0.169663170634
0.0906026399053
0.147626374984
0.0621286757998
0.0779781955605
0.110756702774
0.111326941781
0.0591289718071
0.2
0.115182077964
0.0876018157995
0.0681426585546
0.12148464523
0.0753407576693
0.0727808740987
0.0820107606877
0.104401463414
0.121135313307
0.106758109286
0.134754527361
0.093715423081
0.103782769213
0.0800821451403
0.138640341534
0.0691083869931
0.0740763137031
0.0782542384622
0.0662336463863
0.162943103896
0.0547896482923
0.0605607620775
0.0879302800622
0.140117946681
0.0733071730494
0.0785198033822
0.063225100127
0.0739529978002
0.0612879218935
0.109740065259
0.126891680423
0.0784302664457
0.0617169160451
0.0892712718193
0.101428520576
0.0848013434474
0.0973866685795
0.0613965277518
0.120586961839
0.132164681368
0.0903626670472
0.142969571118
0.121251944976
0.0887334711176
0.125893939623
0.0935845625441
0.0852059903057
0.0787877611031
0.087601172696
0.0924705730918
0.0611859596214
0.117613669532
0.0747698472105
0.0717821147244
0.0758470773896
0.0604551365246
0.0735927893526
0.0787382250668
0.116579196099
0.0899008833441
0.0877111569979
0.070089435509
0.116655029087
0.129205189398
0.0872556235994
0.0838519321218
0.0628625175602
0.116964044293
0.103339367552
0.132243411128
0.0829900445061
0.140262332178
0.0906593209395
0.110483556549
0.146510935447
0.0830515817398
0.0446286859864
0.103634515194
0.0684015185719
0.0916213127603
0.103823422958
0.0754107646561
0.130645628705
0.071501934914
0.119054209943
0.0819283029766
0.0761440614316
0.146231627669
0.100133565762
0.0733315854559
0.174279376491
0.1586775267
0.0923169100437
0.14003750021
0.0690485570528
0.0731972790567
0.104083445929
0.10958562812
0.0553377711096
0.2
0.123135787129
0.0879997596483
0.0710448245883
0.129940112997
0.0808113825471
0.0873540138062
0.0836700290095
0.114760942394
0.114560651435
0.103868221496
0.118896019583
0.114460042301
0.0785168640885
0.088856315861
0.171523971198
0.0637562825276
0.0779101451657
0.0950682016132
0.0696147763917
0.157445952657
0.0497688434459
0.0634693434375
0.082393185808
0.0958146646844
0.0754159949958
0.0834595821421
0.0636713484
0.0744286521403
0.0658089159412
0.107128549001
0.111594709088
0.0804667203756
0.0565782059423
0.093694623901
0.106129914725
0.0773317905316
0.101041216863
0.0584213765915
0.108994323485
0.128307184529
0.101910989212
0.154545843809
0.121251944976
0.0886781832707
0.140135515733
0.091348219186
0.0870625979533
0.0891155736514
0.0842926771436
0.0917046174942
0.0766711391728
0.101953364305
0.071546330328
0.0961808575506
0.0809702532838
0.0702579261123
0.0807278121129
0.0702456623407
0.109454229906
0.101385982452
0.0858093346285
0.0728193616191
0.106083992748
0.129677455709
0.0869452235696
0.0937446587513
0.0614222687525
0.118786873416
0.11118933023
0.132922044211
0.0826808568835
0.142487263478
0.0873907777784
0.101849094646
0.150012187738
0.0868119704084
0.052841982715
0.114885160184
0.0677590914745
0.0920646206154
0.10313303162
0.076506509212
0.153136146068
0.0637189631865
0.11049721135
0.0827684908136
0.0731396218492
0.151724084197
0.098509744123
0.0785083388835
0.160116718523
0.1586775267
0.0776451689771
0.129533206099
0.0648195685587
0.0731827110091
0.103443565111
0.104944874504
0.0611743812256
0.174569722322
0.131724592103
0.0863664872279
0.0728638736873
0.133538665294
0.0820800997685
0.0853608718763
0.0794979873733
0.104401463414
0.121697281966
0.0942864469245
0.141188159697
0.0974043512897
0.0766835152695
0.0837525534336
0.118542152547
0.0744377812774
0.0844423727044
0.0780767296954
0.0638173008755
0.187709850155
0.0543679003639
0.0609599177903
0.0727832984968
0.13090849258
0.0759878917172
0.0747211811667
0.0650286392455
0.0696710762494
0.0604051392692
0.115803227756
0.12649073331
0.0774913545446
0.0590042750708
0.0907017300805
0.100081660512
0.0884290736022
0.103510761244
0.056503084154
0.098680222739
0.127852472999
0.0968326596966
0.138865578203
0.146482575759
0.0816754829259
0.110140095223
0.0861729456245
0.0851165773613
0.0796332881023
0.0987428364818
0.0884522389629
0.0682063131442
0.0994546146271
0.0676781782699
0.0852062318284
0.097048430963
0.0763219493133
0.0824612242258
0.0712578253416
0.0796849238631
0.0880255245651
0.0797727553662
0.0772578179981
0.0921561671457
0.129677455709
0.0958860650568
0.0784524201533
0.0596830273156
0.120305257043
0.101087562585
0.123665877707
0.0841060577709
0.159169314611
0.087531590081
0.111354398769
0.132371066477
0.0845495032627
0.0438359931055
0.110919144319
0.0589957324406
0.0873848326059
0.102586645759
0.0802888199614
0.138379980926
0.0705346916507
0.0953698936435
0.078882179775
0.0805692202404
0.140825463748
0.114076131153
0.071723429796
0.141469697027
0.157349502007
0.0793507793848
0.143548253593
0.0600944242778
0.0702583731466
0.108000200277
0.111954224463
0.0518405112249
0.174569722322
0.116419046027
0.0754909059874
0.067500092555
0.113341948172
0.0853871045258
0.0880920572531
0.0765417602372
0.0951175810667
0.114560651435
0.105012500787
0.135632604141
0.0839415212916
0.0822105589443
0.0762836853355
0.131442678751
0.0693233858957
0.0674860516846
0.0797840607387
0.067052815782
0.123668016675
0.0567807285996
0.0593426212556
0.0814630205241
0.118464263654
0.0668553933309
0.0785409777972
0.0633751007156
0.063563744405
0.0587298006833
0.111214227756
0.128104392473
0.0756804775557
0.0618292922319
0.0894379256417
0.0987587711347
0.0813811564068
0.0820125987521
0.0579145052664
0.0941672882852
0.120906702783
0.0814227079975
0.154545843809
0.0856178226095
0.0897526079203
0.0954173015719
0.0835045063535
0.0840299187385
0.0759928711536
0.0629347954361
0.0871747820166
0.0700433861859
0.111658105791
0.0719674001598
0.083080829914
0.0824430745886
0.0655406374581
0.0732128114947
0.0723855609009
0.0912694909911
0.102488979048
0.0754496966505
0.0730155139219
0.101922025724
0.118420899714
0.0876069441126
0.0820230229134
0.0629238383505
0.123505131021
0.107787473001
0.132560993736
0.0793105995179
0.137593109348
0.0836035447265
0.10408968711
0.138191883701
0.0865061429975
0.0483949135291
0.088741415905
0.0774380042118
0.0883026818897
0.103823422958
0.079697282958
0.144186054391
0.0698530597583
0.119600891048
0.074471025375
0.0801269567197
0.137633377479
0.107788956431
0.0693256691536
0.175173617068
0.174162126497
0.083146994272
0.135039517592
0.0626823877847
0.0741183787827
0.110614079494
0.106873485257
0.0592405154227
0.2
0.109057983204
0.0823995891
0.0743162613048
0.136088389916
0.0841688736104
0.0865762021506
0.0822329765881
0.104401463414
0.111579193702
0.106758109286
0.129331993439
0.106306282946
0.0854120425141
0.0770005809787
0.132668519898
0.0738732154482
0.0703728104589
0.0874794197561
0.0751754407193
0.134780343396
0.0553985373418
0.0556131587371
0.0869135948238
0.103207923871
0.0731528438511
0.0781868474808
0.0639146255588
0.0685074493408
0.0545928591217
0.11398953919
0.101316269863
0.0817712136139
0.056763935358
0.0974493529596
0.101393245269
0.083563807983
0.0965724449732
0.0595671065558
0.106135538221
0.126382888972
0.0943060729506
0.154545843809
0.135709170255
0.0911188758003
0.114789557557
0.0878720460056
0.086380162511
0.0805679210738
0.0808979729481
0.0933003449326
0.0606813065859
0.105738330162
0.0761639622134
0.0724669626216
0.0767369440498
0.0702579261123
0.0762359299674
0.0815262854237
0.0973793254544
0.0928565563114
0.0977033959113
0.0681991708713
0.113966081295
0.129677455709
0.0858356986347
0.0895471832185
0.0628625175602
0.10864734469
0.112198361488
0.132922044211
0.0853724252226
0.146713207818
0.0884850763755
0.107876505929
0.154736151306
0.0776251769431
0.0489590066848
0.1012455218
0.0721670790734
0.0915725769314
0.100814522632
0.0788365115716
0.151664414916
0.0654468381192
0.120333086514
0.0819802616476
0.0720698224861
0.131977751794
0.0976227154756
0.0705997047556
0.160116718523
0.104952843239
0.0852819780745
0.112739919181
0.06169220116
0.0677747636018
0.108740663183
0.105917585517
0.0574951148254
0.174165917446
0.0909375683981
0.0864758657767
0.072238897157
0.119250729942
0.0604724354942
0.0851229011988
0.0682141155121
0.0983249927913
0.109775761796
0.111692400513
0.120178829981
0.0873218019816
0.07502015873
0.0870340259014
0.138289144465
0.0781445578911
0.076116980099
0.0645486989412
0.0717940644383
0.160593028665
0.0589328024667
0.0682347486898
0.0898363277477
0.0997170249776
0.077391145707
0.0780709145201
0.0688242470485
0.0759918256966
0.0552032097143
0.0980836585075
0.121337649337
0.0894620885029
0.0595794134224
0.0874580081172
0.0985494210557
0.074452639371
0.0961749344532
0.0557320142276
0.115789816673
0.110787570232
0.0933714852581
0.137399974138
0.144436721883
0.0720723058255
0.108525994938
0.0749336575313
0.0903196725273
0.0962519123336
0.0820115056807
0.0956736713555
0.0678761862882
0.112262872184
0.0694835888135
0.0884551169214
0.0837810249892
0.0713465709531
0.0985114079459
0.068339553994
0.0910667696137
0.092528174161
0.0968124335202
0.067358883449
0.106902552033
0.106283174668
0.0953552799277
0.0852220540735
0.056238721019
0.0917226387596
0.0952026579938
0.128942323775
0.0844620618535
0.161742474247
0.0883406699804
0.0993390174907
0.140350200524
0.0963294947239
0.0508875502624
0.0996425922354
0.0717144186859
0.0966346752763
0.103823422958
0.0807790072044
0.122468718874
0.0764470866034
0.10002948661
0.0819060622255
0.0784650963737
0.135185124284
0.100403678503
0.0603626545002
0.138289761071
