0.124956203327
0.0420988975
0.0793696505685
0.0422672091982
0.0416587128492
0.0592293715785
0.054344082133
0.0308017395709
0.2
0.0772916256213
0.0539267415898
0.0419750818133
0.0678815833532
0.0560512578677
0.077745095445
0.0361865495516
0.075
0.0853380067883
0.0787317696093
0.066739755625
0.0628910519629
0.0423907533438
0.0498923773453
0.108153516548
0.0443315303673
0.0514147924094
0.0485598951025
0.0385157748709
0.087790824189
0.0314034707339
0.0372551641354
0.0506176621162
0.0574191860357
0.0424380609423
0.0457640130831
0.0401339850436
0.0349213293498
0.0337445637791
0.0537784096953
0.068238412842
0.053637441497
0.0343905950683
0.0529289786542
0.066487689156
0.0520442457228
0.0784061271234
0.0331874283619
0.0627418568212
0.0795921250204
0.0545302240018
0.0897785603007
0.0817939963702
0.0638650461548
0.0499859677791
0.0545754006739
0.0680067740328
0.0571638463957
0.0560352349548
0.0553452978584
0.0558836732012
0.0550140208769
0.0340353798569
0.0723407656455
0.0402425005919
0.0406068309669
0.0443451176159
0.0324800378255
0.0954740247502
0.0532544378698
0.0409914531984
0.0334678156191
0.0611963917829
0.0764066826541
0.0675436336863
0.0594064100793
0.0499662864631
0.0783005615594
0.0766540980459
0.0960182168112
0.0518907972615
0.0892857142857
0.0641976247563
0.064448533055
0.0765036307752
0.0489029793456
0.0240397837215
0.0527417525462
0.0342818975069
0.0625
0.0682643905909
0.0439243973614
0.0685626901303
0.0434496109319
0.0671763880338
0.050253513962
0.0498604140227
0.0829589378743
0.0571736851354
0.0288271717209
0.101750410944
0.1164061362
0.0524407001326
0.0825496379038
0.0430813369019
0.047322530708
0.0650207854919
0.0517112863961
0.0310349225065
0.181717185297
0.0772916256213
0.0483212608151
0.0462209234412
0.0634940267292
0.0484070511119
0.0717014712937
0.0363734706124
0.091070248935
0.0853380067883
0.0908585926484
0.0734417745136
0.07037944955
0.0320629912358
0.051409476392
0.109755166698
0.0436314969326
0.057722752174
0.050717738981
0.041638168463
0.0974778116697
0.0310384346588
0.0388387657631
0.0508746102182
0.0559294054987
0.0436006406652
0.041217147837
0.0456176347032
0.0375169439819
0.0292295708391
0.0628747230705
0.0732989489894
0.0479911214126
0.0293059179336
0.0430909924427
0.0681961274623
0.0465092000484
0.0688374496436
0.0285295573738
0.0703119501324
0.0720417875185
0.0561896814573
0.0897785603007
0.0956828852591
0.0393875265962
0.0729806613734
0.0535422179199
0.0592726267117
0.0567618217668
0.0519552783676
0.048618787192
0.0533821409172
0.0510417261855
0.0381159378525
0.0615254411784
0.0538809371841
0.0469873287699
0.0338119562542
0.0379239781523
0.0918161458867
0.0534582609148
0.0467239607184
0.0414854986866
0.0598791337995
0.0679347352302
0.0653529116074
0.0684065425569
0.0411521211008
0.0703657684063
0.0737920919736
0.0871524691507
0.0424522307413
0.0972477269182
0.0526782732073
0.0805330719133
0.0702372083554
0.0403477035919
0.0228835468772
0.0572155153269
0.0328466307412
0.0593794603617
0.0703999769965
0.0430135431081
0.0799629244531
0.0428145222333
0.0781748365902
0.0499632739113
0.0433182050455
0.0983715362497
0.0516898260342
0.0328620766736
0.0952567148799
0.121420843411
0.0456287347193
0.0800250540709
0.0445934439015
0.0539822715204
0.0669977976435
0.0527111833489
0.0360816654074
0.2
0.0725297474971
0.055159381866
0.043940271317
0.0624195615495
0.0478547889964
0.0584458246707
0.0302928357974
0.06
0.077004673455
0.0755081471233
0.0595636905048
0.055295385256
0.0435033935996
0.0437155311904
0.127432119244
0.0431226721322
0.0362915050617
0.0404839312068
0.0430661345665
0.08890679889
0.029586997671
0.0424231038955
0.0439195498186
0.0615881070269
0.0596782034861
0.047114454777
0.0394499024475
0.0361235336726
0.0247644479308
0.0475869392095
0.0795743816637
0.0520569575995
0.0279182384529
0.0576608995113
0.0637307017108
0.0488718334964
0.0671883199181
0.0304995677935
0.0834737640331
0.0473935339791
0.0567047320012
0.0833333333333
0.0944578121414
0.0336521380587
0.052342385425
0.0640612027101
0.0640148351609
0.0650640279648
0.0387347225099
0.050902456906
0.0609328127057
0.0501378977632
0.0385346002262
0.0582173763214
0.0725924652696
0.0594260069628
0.041285197881
0.0437463266849
0.0666414070438
0.0626848393674
0.0598088498171
0.0322393054616
0.0590673474591
0.0598452729984
0.0425827784717
0.0606219634216
0.0357456498001
0.0467674496517
0.0658658685056
0.0616990741315
0.0494031324074
0.10940169089
0.0755772600299
0.0849693273033
0.0743424334617
0.0429167414272
0.028272742692
0.0576650167349
0.0351532225215
0.0542961625753
0.0634946042214
0.0481083968737
0.0624768353195
0.0503046581889
0.0584684220746
0.0490151151209
0.0556108889027
0.0812231461279
0.0561935170187
0.033924579561
0.0576654870812
0.0873046021503
0.0489794010811
0.0930572514899
0.0472941902873
0.0492252103588
0.0691326905137
0.0588580455961
0.0334183263847
0.2
0.075934987658
0.059087072032
0.0407859250891
0.0647610876884
0.0560512578677
0.0680123828413
0.0367541328361
0.075
0.0853380067883
0.0894164010861
0.0850421489062
0.0707114566599
0.0431257754371
0.0470087753384
0.114698131896
0.0463575240298
0.057858438546
0.0411574972868
0.0453512411541
0.09754536021
0.0289893997147
0.0381780037682
0.0551386329698
0.0370952507081
0.041692855667
0.0478071923945
0.0408124788055
0.0319811733888
0.0343988159122
0.0588292398597
0.0802350113179
0.0461945752032
0.0310530147416
0.0556135479191
0.0682427836846
0.0497124719746
0.0720632912524
0.0359108701778
0.0834737640331
0.0731789172999
0.0505619700335
0.0867310530421
0.0759392936229
0.0442194658784
0.0582757247303
0.0548617882098
0.0597792080278
0.047313150094
0.046692400023
0.0460178994948
0.056870625192
0.0503550677614
0.0355089829643
0.0839961622707
0.0633498653314
0.0483422713774
0.0444451709108
0.0349196147071
0.0794465579048
0.0576923076923
0.0480053076655
0.0355477320931
0.0657474907097
0.0705292455269
0.065890897213
0.0688896934124
0.0410577444167
0.0783500085798
0.0954360607467
0.0953301212259
0.0483822950902
0.115368123619
0.0642640168959
0.0908154199809
0.0789081041628
0.0433543110804
0.0303793974388
0.0625496418869
0.0389058610391
0.0563368179752
0.0698982000791
0.0464629743601
0.0642181557467
0.0462475064669
0.083723732254
0.0544305754927
0.0460864623427
0.0906698595277
0.0604517060527
0.0340661327915
0.0916862974373
0.124956203327
0.0474510070186
0.0802899689225
0.0420690598
0.0525477494932
0.0630153299961
0.0665627511741
0.0349329326419
0.2
0.0865832544301
0.0601185986768
0.0428236757607
0.0660646967095
0.0564888777365
0.0776765939015
0.0435444521409
0.075
0.0822236477309
0.0740695846583
0.0712783503746
0.0613211247022
0.0477585317516
0.0437986117386
0.111536801871
0.04510430663
0.0513243335976
0.0499360188754
0.041064080137
0.111133498613
0.0313182340419
0.0356384992292
0.0544207563405
0.0739157456372
0.0429480416572
0.0497546640826
0.0424974113948
0.0433880182359
0.040723763374
0.0567999048912
0.0787728660104
0.0549533894949
0.031337800479
0.0546188030105
0.06708089879
0.0481617847955
0.0727419931446
0.0340289752255
0.0750875358336
0.0729815054531
0.0545302240018
0.0791444899837
0.0759392936229
0.0461492516123
0.074733279102
0.0644477083921
0.0616986889838
0.0470549130989
0.0531761014121
0.0476324586018
0.0546865440405
0.0484626247051
0.0336090743087
0.0735736493091
0.0717056125836
0.0484391250323
0.0476927523923
0.0375681534049
0.0856814043776
0.0515106996363
0.0492162169404
0.0351288496908
0.0689921644876
0.0592914049906
0.0507338959432
0.0678076042354
0.0476008871532
0.0784153519457
0.0954360607467
0.0841813216267
0.0505386487051
0.075
0.0568134054065
0.0875584734714
0.0829647341999
0.045644900172
0.0289353361883
0.0531050578274
0.0338097838002
0.0666666666667
0.0702075581286
0.0466096330949
0.0855283949871
0.0442116611879
0.0779204660553
0.0547903748018
0.0384318182005
0.0875596867327
0.0624819489526
0.0357394111861
0.0970900786756
0.1164061362
0.0515376792689
0.0894098991727
0.0435706335156
0.0546771109799
0.0675164249958
0.0594046790695
0.0330245598559
0.2
0.085231243407
0.0589558342558
0.0398630455347
0.0687243344838
0.0545783099636
0.0657843115304
0.0413838390348
0.0740029291732
0.0853380067883
0.0898428807204
0.0712783503746
0.0570589186327
0.0520434402519
0.0594764200583
0.125809243007
0.0409303008271
0.049302516548
0.0462350314954
0.0434209041568
0.0786926364116
0.0315836446202
0.0490141643979
0.0479963596912
0.045506010829
0.0431578692708
0.0537616717508
0.0411285594511
0.0337591468537
0.0349032136011
0.0633690053251
0.0690533286759
0.0488774952723
0.0287263879849
0.056109950929
0.0633682991357
0.0477333277463
0.0679198968318
0.0354025380736
0.0834737640331
0.0738591535517
0.052275639457
0.0897785603007
0.0776058371215
0.0462268814867
0.0619976925348
0.0562034323716
0.0638320595356
0.0541302849116
0.0568351298923
0.0441799058016
0.0576433909366
0.0420927960608
0.0364943684935
0.0839961622707
0.0588248749506
0.0514665703468
0.043553556772
0.0325590802544
0.0794465579048
0.0550880631608
0.0470470851498
0.0379836922276
0.0725165951679
0.0764066826541
0.0609960508335
0.0678076042354
0.046895974174
0.067597526486
0.0954360607467
0.0769722622767
0.0487736592414
0.100920417276
0.0543817242924
0.0876978032175
0.0729026182152
0.047805660631
0.0281470050485
0.0547105536627
0.0367538886824
0.0624637326888
0.0698982000791
0.0464629743601
0.0715876395991
0.0476689611729
0.0835227979585
0.0474974088694
0.0472580410738
0.0906698595277
0.0575322731358
0.0357375748037
0.0907324877314
0.150673883584
0.0527625025844
0.0827676954166
0.0408131024355
0.0514491744282
0.0655306704157
0.0596615901505
0.0374383966411
0.2
0.0798861250937
0.0531434138807
0.0398132322181
0.0570622358099
0.0515040887114
0.0639226073149
0.0404149673472
0.075
0.0896716664057
0.0908585926484
0.0756194409544
0.057059209101
0.0574735570165
0.0456372329707
0.100894827065
0.0396036662149
0.0486452233856
0.0428566149999
0.0361814424368
0.110798521838
0.0291601915625
0.0353923487947
0.0524389307614
0.0860403067975
0.0431578692708
0.0501118538407
0.0385884858634
0.0384549969792
0.0350871769765
0.0547979325065
0.0903360214189
0.0441735089953
0.0314944811188
0.0475454632466
0.0684940627668
0.0530607812816
0.0720632912524
0.0389730387498
0.0875022025869
0.0766208583059
0.0493232287184
0.0897785603007
0.0776058371215
0.0511492203604
0.081726286095
0.0649696178189
0.0578184050183
0.0512813225478
0.04966004055
0.0485978963818
0.0459930986344
0.0555509288636
0.0387878756009
0.0515453573892
0.0455056066382
0.041763324009
0.0426357966028
0.0389169099391
0.0856814043776
0.0472183398521
0.0379424150485
0.0373391458091
0.0759639900839
0.0744282417237
0.0505482856391
0.0619082312523
0.0505817392819
0.0767608066622
0.0734123544205
0.0944585389291
0.0508139431725
0.0891103921614
0.0636007488489
0.0835056555951
0.081420428562
0.0397533435347
0.0244014082898
0.0618759391617
0.0307828661176
0.0663265306122
0.0703999769965
0.0460167274445
0.0739281732677
0.0497057589909
0.0827148336951
0.0513272655472
0.0467996795228
0.0878842108813
0.0611268306756
0.0344448846449
0.0952567148799
0.1164061362
0.0554225891218
0.0885544317324
0.044491799156
0.0514824664911
0.063928066477
0.0589197086025
0.0310305967592
0.2
0.0884055774799
0.0574782784181
0.0399065964761
0.0675668026737
0.0568179136481
0.0754113411417
0.0425180179748
0.0797445024976
0.077004673455
0.089810886576
0.066749472869
0.0669789943708
0.0422951655834
0.0589864361232
0.127442368773
0.0351215102495
0.0476319902027
0.0494966268716
0.0423567185082
0.0832858006952
0.0286789201131
0.0416513189345
0.0518677857715
0.0460735455443
0.0425810946589
0.0553051029422
0.0408795237017
0.0380357164112
0.0349054750127
0.0544551066843
0.0698839457184
0.0451265746466
0.0268688602734
0.0518403840229
0.071390636696
0.0506986706103
0.0705537499269
0.0374582082138
0.0758852400301
0.0744308866462
0.05849847797
0.10366744919
0.0776058371215
0.045857616367
0.0880623537416
0.0621391589451
0.0616978311052
0.0516766701155
0.0483110989813
0.0457932968007
0.060373492376
0.044736243492
0.035017918946
0.084690689355
0.0538877296147
0.0514665703468
0.0432703243476
0.0322133286206
0.0809721293549
0.0571878505232
0.0411787663627
0.0373052458605
0.0643926932679
0.0764066826541
0.0594446135989
0.0708757638046
0.0469215588616
0.0783005615594
0.080699705901
0.0910711133025
0.0488400999649
0.0990113901675
0.062253425474
0.0761870261582
0.0838534631523
0.0404418094076
0.0315839553152
0.0555637478629
0.0352221379093
0.0685389236908
0.0677169708885
0.0461524953245
0.0971230194548
0.040592425433
0.0787313319082
0.0536455287703
0.0420754926573
0.0856108421244
0.0601494251002
0.0326289649352
0.0893432505137
0.1164061362
0.0421375448439
0.0792280567238
0.0427654776439
0.053557612847
0.0630153299961
0.0590560677704
0.0368362916505
0.16
0.103175609334
0.0541728802731
0.0367513838237
0.070976364623
0.0563332342915
0.0736700227013
0.039721188182
0.075
0.0853380067883
0.077310886576
0.0850421489062
0.0724418055624
0.0469491517227
0.0497407883939
0.0767256218958
0.0408400218338
0.0587961945124
0.0399458454271
0.0375757061423
0.117058684943
0.0261896493917
0.0360358398943
0.0410372257334
0.0722606401323
0.050341450209
0.0425289915438
0.0425871109881
0.0365567622927
0.0354710480482
0.055799079064
0.0838604368436
0.0446214620239
0.0301929438005
0.049083593324
0.0571977662214
0.0555043109343
0.073961682679
0.0361707855688
0.067360671217
0.0737015076798
0.0522432688929
0.0865121112663
0.103083097735
0.0418365089779
0.053615525489
0.0558695973855
0.0581094232764
0.05226843441
0.0627243358245
0.0474156527063
0.0531359440682
0.0464916925072
0.028878665169
0.0737682949151
0.0743826099469
0.0568346215068
0.0451525911797
0.0326615209682
0.0613438349266
0.0467615905851
0.0431883804257
0.0430889453855
0.0550866452533
0.0764066826541
0.0687996286346
0.0597425136839
0.0489875027024
0.0784153519457
0.070987868026
0.0828795447754
0.0486304798564
0.1
0.0501940070478
0.0823468536709
0.0730800877664
0.0403518334385
0.0232679592706
0.0626132240312
0.0271019262784
0.0619047619048
0.0676459129957
0.0485223009952
0.0873805441047
0.0461018507785
0.0519038829322
0.0519218778847
0.0469348140113
0.0772503329899
0.0690393773357
0.0339099616517
0.0767611906769
0.118587449655
0.0458969879818
0.0932488352153
0.0385526225276
0.0461229446003
0.0646194115363
0.0601855526615
0.0324554728039
0.16
0.0826092655997
0.0463316871433
0.0392923474268
0.0565530450774
0.0592183651431
0.0743498813346
0.0392240567386
0.0641846931063
0.077004673455
0.0948456974103
0.0794865933507
0.0506249600475
0.0469931262237
0.0456605698013
0.094717613898
0.0390147151052
0.0455186095512
0.0472704841248
0.0415249528932
0.074088999075
0.0289942406104
0.0353923487947
0.0468264488588
0.0659969483442
0.0437639034756
0.0493956390321
0.0387394105009
0.0347321724938
0.0340134538135
0.0554039699667
0.0883179658101
0.0419511273542
0.0305392770515
0.0466309733504
0.0704500123585
0.0447091160962
0.0547189661024
0.034584195312
0.0582174688524
0.0614162357653
0.0413144251173
0.10366744919
0.051596127645
0.0509642130819
0.0511757033447
0.0518087865785
0.058070109526
0.0467550824855
0.0331030502291
0.0428122522859
0.061538454566
0.050032925904
0.0353203568864
0.0655546401487
0.0663837347498
0.0453709654631
0.0432702262599
0.0316859752459
0.0647409465646
0.0549450549451
0.0349759692045
0.0362579076267
0.0672887074379
0.0688658983727
0.0567245031777
0.0598915869819
0.048992747095
0.0816859005577
0.0760781740715
0.0869968784806
0.0455358032238
0.0897307628146
0.0531666643499
0.0764352487729
0.0691551760868
0.0418332621769
0.0270441143094
0.0475308531275
0.0394181273574
0.0597265677441
0.0703999769965
0.0467610436864
0.0785891039169
0.0493434816991
0.0836022917834
0.0459115568161
0.0418192541855
0.0792859606912
0.0656057546275
0.0271716956289
0.100487424428
0.124956203327
0.0490394363116
0.0843959745151
0.0405360062637
0.0526024587614
0.0677307125293
0.0608859642127
0.0337933043847
0.2
0.0772916256213
0.0540345732463
0.0418561978115
0.0690436463286
0.0603690332511
0.0717014712937
0.0459904711202
0.075
0.077004673455
0.0908585926484
0.0738012366529
0.0717322919361
0.0513860339123
0.0473057810052
0.0931336865218
0.0409997821503
0.0431193720566
0.0452585355674
0.0470692749582
0.0791287844594
0.0310371543066
0.032421736493
0.0526797549662
0.0518327387373
0.0410216493566
0.0517777653547
0.0391128857474
0.037094422254
0.0317640812419
0.0616730819935
0.0664666282812
0.0487036433265
0.0291688978852
0.0574896895471
0.0713453187883
0.0492923952391
0.0647437416813
0.037649791851
0.0804029476911
0.0674408354067
0.052275639457
0.10366744919
0.0944578121414
0.0512396713075
0.074733279102
0.0584988080717
0.0591152776933
0.0534954752463
0.0516698738234
0.0496756331004
0.0425529513749
0.0445437764529
0.0374935225404
0.0496554748581
0.0538258490061
0.0514665703468
0.0429918284257
0.0381360904053
0.0780739717248
0.0485787917606
0.0540645193841
0.0373088316819
0.0790386800577
0.0764066826541
0.0571837976564
0.0678076042354
0.0505817392819
0.0669314157405
0.0837519456282
0.0910711133025
0.0485390207533
0.0972714521538
0.0577945769517
0.0844637671471
0.0870165488611
0.0377129953939
0.0274643292042
0.0592070461901
0.0352349271369
0.0666666666667
0.0676459129957
0.0445831273082
0.0890015612324
0.045321174607
0.0874472721668
0.0536938120953
0.0384318182005
0.0798195455893
0.0601116728312
0.0349157388783
0.0893432505137
0.0683740293233
0.0485689137797
0.0699566999989
0.0367289294184
0.0468649893192
0.0673662633697
0.0559547440106
0.0366418916228
0.148139169317
0.0564438036793
0.0504829902795
0.0381788945746
0.058477765974
0.0336686014603
0.0717014712937
0.0359947883473
0.0579359295856
0.0686713401217
0.095314270373
0.0603609688997
0.0503515692879
0.0430658768526
0.0554966078239
0.0990969981775
0.0392605287327
0.0434954942433
0.0333581983597
0.0429843233852
0.0987853321
0.0287870012734
0.0410578188688
0.051523144004
0.0444444444444
0.0502656033628
0.0439153685856
0.0423061688738
0.0373843909835
0.029058793322
0.0449120126362
0.0764086733166
0.0551048614825
0.0254490373085
0.0495715310657
0.0637268568641
0.0443194325753
0.0604296708052
0.0321910564852
0.0834737640331
0.050111227409
0.0526487476513
0.0987654320988
0.0936761048117
0.0300584880206
0.0677032767254
0.0459081314599
0.0565489529405
0.0590504089279
0.0426978242361
0.0449932944561
0.0532092839415
0.0458427677898
0.0346332861915
0.0697253111901
0.0589633576948
0.0495225921629
0.0496136869791
0.0335413320004
0.0681296820022
0.0461237396783
0.0528141452489
0.0307231417484
0.0630366582167
0.0539107800763
0.0616023483021
0.0649470781211
0.0367457119927
0.0496350510657
0.066771482482
0.0824412894323
0.0433698021843
0.105110482742
0.0586186563777
0.0722632064878
0.0796439905309
0.048462178978
0.0307511573715
0.0470572072182
0.0357571994721
0.0714285714286
0.0703999769965
0.04908545487
0.0607370406597
0.0503046581889
0.058654815294
0.0544305754927
0.0422453177187
0.0841576836829
0.0583022190677
0.0260875238442
0.0788166511739
