0.666666666667
0.633333333333
0.668181818182
0.718421052632
0.457516339869
0.667279411765
0.576436781609
0.518518518519
1.0
0.225
0.565623336844
0.602105263158
0.666996047431
0.727941176471
0.671328671329
0.400326797386
0.825
0.641666666667
0.633333333333
0.694444444444
0.516666666667
0.376470588235
0.444444444444
0.875
0.701754385965
0.502564102564
0.602941176471
0.651515151515
0.422222222222
0.68506006006
0.504280027966
0.528604118993
0.354166666667
0.547185670529
0.580357142857
0.567857142857
0.660394265233
0.413793103448
0.432748538012
0.470085470085
0.645833333333
0.506746626687
0.633333333333
0.6
0.88
1.0
0.692970822281
0.333333333333
0.835913312693
0.825396825397
0.708333333333
0.472222222222
0.649350649351
0.261363636364
0.521008403361
0.717948717949
0.621428571429
0.627450980392
0.627692307692
0.480769230769
0.703431372549
0.548387096774
0.692307692308
0.375
0.476902173913
0.375
0.503496503497
0.733333333333
0.692307692308
0.292857142857
0.614193548387
0.485294117647
0.696428571429
0.3875
0.800653594771
0.821052631579
0.923076923077
0.609848484848
0.527777777778
0.609848484848
0.669642857143
0.606060606061
0.535714285714
0.736607142857
0.4125
0.502747252747
0.527777777778
0.444556451613
0.9375
0.861538461538
0.784688995215
0.442307692308
0.705882352941
0.542617655321
0.77754920587
0.595029239766
0.646153846154
0.654761904762
0.369444444444
0.707692307692
0.5
0.698076923077
0.606060606061
0.724458204334
0.619047619048
0.775
0.472727272727
0.539259259259
0.8
0.225
0.5
0.716666666667
0.652173913043
0.705882352941
0.692307692308
0.489705882353
0.738888888889
0.641666666667
0.8
0.694444444444
0.501960784314
0.285947712418
0.354166666667
0.707070707071
0.683333333333
0.5
0.704166666667
0.772727272727
0.444444444444
0.672222222222
0.594202898551
0.44384057971
0.333333333333
0.522185670529
0.553442028986
0.626086956522
0.760368663594
0.372988505747
0.324561403509
0.470085470085
0.6875
0.533926585095
0.649305555556
0.574358974359
0.615
0.717948717949
0.588461538462
0.354166666667
0.705882352941
0.825396825397
0.708333333333
0.590277777778
0.348484848485
0.572727272727
0.564705882353
0.759523809524
0.535714285714
0.588235294118
0.481904761905
0.510416666667
0.553442028986
0.713709677419
0.593406593407
0.541666666667
0.660714285714
0.295138888889
0.473443223443
0.680555555556
0.627403846154
0.309523809524
0.623333333333
0.647058823529
0.568181818182
0.552380952381
0.878431372549
0.651629072682
0.65811965812
0.641025641026
0.555555555556
0.510869565217
0.708333333333
0.606060606061
0.690476190476
0.736607142857
0.351715686275
0.463675213675
0.571895424837
0.346475507766
0.807672015603
0.89010989011
0.672768878719
0.721153846154
0.761764705882
0.669642857143
0.742279153796
0.513157894737
0.739448534631
0.502976190476
0.461842105263
0.671328671329
0.619047619048
0.65
0.668181818182
0.724458204334
0.733333333333
0.75
0.483333333333
0.577777777778
1.0
0.236111111111
0.558441558442
0.683636363636
0.592132505176
0.588235294118
0.480769230769
0.285947712418
0.6
0.55
0.45
0.386904761905
0.376470588235
0.411764705882
0.464285714286
0.633333333333
0.585434173669
0.3875
0.486111111111
0.698051948052
0.738888888889
0.539682539683
0.607608695652
0.409207161125
0.527777777778
0.769736842105
0.653409090909
0.627692307692
0.524731182796
0.32183908046
0.263888888889
0.555555555556
0.606617647059
0.437665782493
0.811403508772
0.525
0.615
0.6
0.532608695652
0.633333333333
0.390756302521
0.694444444444
0.708333333333
0.555555555556
0.272727272727
0.363636363636
0.627450980392
0.8
0.642857142857
0.224598930481
0.525714285714
0.541666666667
0.388888888889
0.645161290323
0.503496503497
0.733333333333
0.788602941176
0.3375
0.545454545455
0.5
0.769230769231
0.428571428571
0.469677419355
0.521008403361
0.405844155844
0.357894736842
0.610859728507
0.551378446115
0.240384615385
0.497549019608
0.30303030303
0.504166666667
0.75
0.83422459893
0.897619047619
0.627403846154
0.383152173913
0.576923076923
0.5
0.451612903226
0.669642857143
0.721153846154
0.784688995215
0.610859728507
0.857843137255
0.401785714286
0.656692738068
0.633223684211
0.466666666667
0.567857142857
0.489705882353
0.335664335664
0.4375
0.73125
0.958333333333
0.802005012531
0.62908496732
0.849264705882
0.586904761905
0.592592592593
1.0
0.323863636364
0.651515151515
0.555454545455
0.666996047431
0.727941176471
0.615384615385
0.435294117647
0.825
0.641666666667
0.7
0.9
0.533333333333
0.424632352941
0.324561403509
0.738888888889
0.638655462185
0.675
0.592948717949
0.763636363636
0.444444444444
0.591666666667
0.608695652174
0.514130434783
0.291666666667
0.47157932278
0.735
0.598181818182
0.612903225806
0.508620689655
0.361111111111
0.505050505051
0.606617647059
0.547082228117
0.75730994152
0.574358974359
0.769090909091
0.789743589744
0.696488294314
0.633333333333
0.705882352941
0.761904761905
0.634920634921
0.416666666667
0.363636363636
0.503496503497
0.571895424837
0.666666666667
0.485714285714
0.439215686275
0.438095238095
0.525
0.566287878788
0.600667408231
0.796153846154
0.641025641026
0.633223684211
0.3125
0.51
0.641666666667
0.721153846154
0.309523809524
0.643571428571
0.651260504202
0.667582417582
0.488888888889
0.882352941176
0.637559808612
0.801282051282
0.825
0.527777777778
0.571666666667
0.669642857143
0.686602870813
0.696428571429
0.736607142857
0.4125
0.603988603989
0.777777777778
0.612903225806
0.736607142857
0.846153846154
0.784688995215
0.461538461538
0.780185758514
0.802083333333
0.783818942814
0.564473684211
0.75
0.681428571429
0.422222222222
0.587412587413
0.666666666667
0.707352941176
0.727272727273
0.735645933014
0.666666666667
0.839583333333
0.614492753623
0.666666666667
0.9
0.236111111111
0.622529644269
0.585
0.63768115942
0.788602941176
0.721153846154
0.457516339869
0.825
0.7
0.485714285714
0.729166666667
0.525
0.544117647059
0.343137254902
0.707070707071
0.660714285714
0.552380952381
0.595833333333
0.755928853755
0.826388888889
0.678819444444
0.476902173913
0.550724637681
0.422222222222
0.566303317588
0.714285714286
0.571666666667
0.747695852535
0.583554376658
0.361111111111
0.40404040404
0.645833333333
0.533045977011
0.666666666667
0.6
0.700952380952
0.828571428571
0.754985754986
0.444444444444
0.727941176471
0.825396825397
0.606060606061
0.416666666667
0.348484848485
0.755244755245
0.690196078431
0.733333333333
0.525974025974
0.588235294118
0.569523809524
0.525
0.595833333333
0.554360812425
0.801282051282
0.721153846154
0.606617647059
0.545955882353
0.51
0.733333333333
0.538461538462
0.385416666667
0.597575757576
0.727941176471
0.568181818182
0.452083333333
0.909926470588
0.769736842105
0.88141025641
0.825
0.472222222222
0.566287878788
0.675
0.573529411765
0.857142857143
0.870535714286
0.424342105263
0.547082228117
0.53125
0.554360812425
0.966666666667
0.815934065934
0.735645933014
0.769230769231
0.761764705882
0.686029331233
0.68795115243
0.461842105263
0.75
0.625
0.544117647059
0.619230769231
0.5
0.73125
0.808080808081
0.784688995215
0.686274509804
0.870535714286
0.66
0.577777777778
1.0
0.354166666667
0.590909090909
0.569523809524
0.666996047431
0.716386554622
0.615384615385
0.557275541796
0.707692307692
0.641666666667
0.738888888889
0.729166666667
0.488888888889
0.613003095975
0.380952380952
0.844444444444
0.638655462185
0.525
0.652243589744
0.763636363636
0.527777777778
0.611111111111
0.574534161491
0.440579710145
0.30303030303
0.547185670529
0.827651515152
0.56
0.590322580645
0.48275862069
0.388888888889
0.444444444444
0.602678571429
0.484137931034
0.777777777778
0.552380952381
0.726363636364
0.646153846154
0.713286713287
0.633333333333
0.743464052288
0.761904761905
0.708333333333
0.380952380952
0.286363636364
0.454545454545
0.588235294118
0.789743589744
0.634920634921
0.606617647059
0.512727272727
0.5
0.502450980392
0.58064516129
0.796153846154
0.619047619048
0.625
0.413194444444
0.392307692308
0.641666666667
0.641025641026
0.372549019608
0.616296296296
0.716386554622
0.696428571429
0.533333333333
0.909926470588
0.769736842105
0.789743589744
0.825
0.40404040404
0.560897435897
0.75
0.625668449198
0.785714285714
0.75
0.401960784314
0.519230769231
0.633333333333
0.424317617866
0.785714285714
0.846153846154
0.784688995215
0.480769230769
0.780185758514
0.76638647409
0.675631808311
0.564473684211
0.75
0.691137566138
0.544117647059
0.671328671329
0.666666666667
0.8
0.647727272727
0.718421052632
0.595029239766
0.775
0.666666666667
0.679487179487
1.0
0.236111111111
0.587412587413
0.584347826087
0.565217391304
0.686274509804
0.476500644957
0.514705882353
0.825
0.668181818182
0.8
0.781862745098
0.466666666667
0.571895424837
0.422222222222
0.680555555556
0.619047619048
0.430769230769
0.65
0.609848484848
0.844444444444
0.611111111111
0.578063241107
0.544685990338
0.555555555556
0.547185670529
0.74053030303
0.549230769231
0.711421098518
0.51724137931
0.340277777778
0.606060606061
0.575657894737
0.526477832512
0.75730994152
0.6
0.787368421053
0.789743589744
0.88141025641
0.507936507937
0.764705882353
0.743464052288
0.708333333333
0.380952380952
0.435606060606
0.839160839161
0.705882352941
0.645833333333
0.62030075188
0.545955882353
0.54
0.400641025641
0.680555555556
0.655913978495
0.397435897436
0.475877192982
0.518092105263
0.402960526316
0.546558704453
0.733333333333
0.593406593407
0.364389233954
0.542608695652
0.639705882353
0.649350649351
0.4
0.823529411765
0.872368421053
0.815934065934
0.721153846154
0.527777777778
0.653333333333
0.5625
0.701704545455
0.741758241758
0.766826923077
0.377192982456
0.532120473027
0.75730994152
0.459139784946
0.928571428571
0.89010989011
0.768878718535
0.692307692308
0.780185758514
0.727941176471
0.724476387074
0.513157894737
0.789743589744
0.681428571429
0.461842105263
0.671328671329
0.5
0.85
0.818181818182
0.736842105263
0.62908496732
0.788602941176
0.562962962963
0.592592592593
1.0
0.354166666667
0.558441558442
0.54
0.695652173913
0.823529411765
0.692307692308
0.514705882353
0.763636363636
0.55
0.675
0.675
0.627450980392
0.514705882353
0.444444444444
0.777777777778
0.501253132832
0.516666666667
0.602941176471
0.727272727273
0.422222222222
0.619791666667
0.529891304348
0.445652173913
0.222222222222
0.602741226084
0.892857142857
0.6
0.699539170507
0.492995689655
0.309523809524
0.388888888889
0.590277777778
0.51724137931
0.743464052288
0.646153846154
0.834782608696
0.828571428571
0.863076923077
0.606060606061
0.705882352941
0.888888888889
0.826388888889
0.380952380952
0.363636363636
0.763636363636
0.627450980392
0.710416666667
0.558270676692
0.529411764706
0.530833333333
0.5
0.565789473684
0.548387096774
0.923076923077
0.510416666667
0.625
0.440476190476
0.470769230769
0.69696969697
0.646153846154
0.350877192982
0.64125
0.545955882353
0.696428571429
0.483333333333
0.909926470588
0.802005012531
0.923076923077
0.696428571429
0.527777777778
0.535714285714
0.535714285714
0.606060606061
0.642857142857
0.802083333333
0.401785714286
0.667582417582
0.580555555556
0.450418160096
0.966666666667
0.789743589744
0.707236842105
0.839160839161
0.6918767507
0.788602941176
0.855421240293
0.445820433437
0.717948717949
0.70467032967
0.435294117647
0.671328671329
0.5
0.615789473684
0.668181818182
0.736842105263
0.686111111111
0.839583333333
0.66
0.618386243386
0.8
0.354166666667
0.5
0.512727272727
0.560869565217
0.752941176471
0.741758241758
0.400326797386
0.825
0.641666666667
0.5625
0.9
0.646153846154
0.585434173669
0.412698412698
0.556479405604
0.532212885154
0.574358974359
0.504166666667
0.566287878788
0.844444444444
0.435823754789
0.578063241107
0.402173913043
0.527777777778
0.738888888889
0.590277777778
0.577777777778
0.577880184332
0.491379310345
0.263888888889
0.505050505051
0.633223684211
0.547082228117
0.672222222222
0.502564102564
0.832380952381
0.933333333333
0.801282051282
0.422222222222
0.690196078431
0.694444444444
0.590277777778
0.622222222222
0.405844155844
0.503496503497
0.588235294118
0.666666666667
0.483333333333
0.627450980392
0.394285714286
0.4375
0.502450980392
0.420250896057
0.741758241758
0.833333333333
0.6875
0.440476190476
0.461538461538
0.619047619048
0.480769230769
0.401002506266
0.616296296296
0.424632352941
0.696428571429
0.533333333333
0.761764705882
0.715789473684
0.88141025641
0.560897435897
0.527777777778
0.641025641026
0.9
0.614210051088
0.828571428571
0.697115384615
0.408333333333
0.491164241164
0.708333333333
0.381123058542
0.897619047619
0.815934065934
0.852130325815
0.755244755245
0.686274509804
0.448048562002
0.690963364322
0.37865497076
0.416666666667
0.75
0.50625
0.560897435897
0.729166666667
0.633333333333
0.909090909091
0.686602870813
0.619047619048
0.805921052632
0.66
0.539259259259
0.8
0.3375
0.527597402597
0.555454545455
0.584347826087
0.823529411765
0.789743589744
0.552696078431
0.685714285714
0.55
0.7
0.825
0.541666666667
0.501960784314
0.432748538012
0.564102564103
0.601503759398
0.430769230769
0.677083333333
0.711462450593
0.680555555556
0.61503895417
0.578063241107
0.495169082126
0.40404040404
0.489705882353
0.801282051282
0.521379310345
0.61669829222
0.481387045784
0.30303030303
0.583333333333
0.518092105263
0.536398467433
0.686274509804
0.690476190476
0.585
0.483333333333
0.696488294314
0.444444444444
0.514705882353
0.62908496732
0.826388888889
0.316666666667
0.41958041958
0.393939393939
0.571895424837
0.710416666667
0.535714285714
0.435294117647
0.462222222222
0.525
0.631944444444
0.625610948192
0.646153846154
0.77380952381
0.606617647059
0.402960526316
0.487980769231
0.5
0.741758241758
0.244047619048
0.514285714286
0.667279411765
0.619047619048
0.427777777778
0.761764705882
0.789473684211
1.0
0.721153846154
0.564102564103
0.600961538462
0.590277777778
0.578063241107
0.736607142857
0.75
0.282894736842
0.491164241164
0.515873015873
0.462523719165
0.868421052632
0.89010989011
0.754385964912
0.538461538462
0.835913312693
0.775
0.588331785375
0.49043062201
0.717948717949
0.667582417582
0.263888888889
0.721153846154
0.666666666667
0.761764705882
0.763636363636
0.718421052632
0.686274509804
0.839583333333
0.646153846154
0.500638569604
0.9
0.225
0.533596837945
0.585
0.63768115942
0.849264705882
0.692307692308
0.571895424837
0.825
0.55
0.8
0.781862745098
0.58125
0.62908496732
0.388888888889
0.65811965812
0.601503759398
0.466666666667
0.6875
0.772727272727
0.65811965812
0.678819444444
0.565217391304
0.529891304348
0.236111111111
0.566303317588
0.784090909091
0.500740740741
0.709203036053
0.42118226601
0.361111111111
0.456349206349
0.602678571429
0.51724137931
0.777777777778
0.630303030303
0.72
0.621428571429
0.761217948718
0.555555555556
0.647058823529
0.761904761905
0.826388888889
0.555555555556
0.30303030303
0.755244755245
0.647058823529
0.690476190476
0.682330827068
0.545955882353
0.525714285714
0.386904761905
0.552696078431
0.666834677419
0.463675213675
0.6
0.625
0.45
0.5
0.69696969697
0.557692307692
0.390476190476
0.623333333333
0.746606334842
0.696428571429
0.516666666667
0.909926470588
0.872368421053
0.741758241758
0.721153846154
0.527777777778
0.566287878788
0.590277777778
0.625668449198
0.828571428571
0.836538461538
0.340277777778
0.565756823821
0.722222222222
0.375366568915
0.966666666667
0.815934065934
0.720823798627
0.741758241758
0.780185758514
0.839583333333
0.82472701364
0.461842105263
0.675
0.681428571429
0.55
0.671328671329
0.416666666667
0.615789473684
0.69696969697
0.578947368421
0.611111111111
0.775
0.491935483871
0.693333333333
0.685714285714
0.215909090909
0.489130434783
0.584347826087
0.638586956522
0.363970588235
0.692307692308
0.334365325077
0.572727272727
0.458333333333
0.763636363636
0.45
0.3875
0.457516339869
0.540935672515
0.680555555556
0.601503759398
0.3875
0.416666666667
0.715909090909
0.777777777778
0.510304659498
0.460358056266
0.364389233954
0.422222222222
0.686111111111
0.600961538462
0.571666666667
0.548387096774
0.40469348659
0.216374269006
0.40404040404
0.708333333333
0.386083743842
0.708333333333
0.646153846154
0.509473684211
0.58125
0.655518394649
0.633333333333
0.439215686275
0.794444444444
0.888888888889
0.555555555556
0.251748251748
0.572727272727
0.334365325077
0.627450980392
0.414285714286
0.363970588235
0.481904761905
0.480769230769
0.4125
0.567296996663
0.692307692308
0.5
0.748355263158
0.485795454545
0.52849002849
0.522727272727
0.627403846154
0.357142857143
0.451176470588
0.529411764706
0.428571428571
0.483333333333
0.800653594771
0.49043062201
0.320512820513
0.525
0.555555555556
0.449166666667
0.708333333333
0.671975202603
0.642857142857
0.870535714286
0.4125
0.60111662531
0.422222222222
0.462523719165
1.0
0.89010989011
0.784688995215
0.574358974359
0.857843137255
0.258333333333
0.783818942814
0.526315789474
0.821327134966
0.580357142857
0.4
0.530769230769
