0.780173160436
0.761465076603
0.784797935332
0.114697777726
0.717124520806
0.187607457861
0.729096113455
0.690142096012
1.0
0.189939326679
0.707151123786
0.827142382884
0.83836197918
0.827705115697
0.858490239947
0.170443619327
0.188598821634
0.23651021183
0.67701464402
0.207446184196
0.204091713595
0.586792906618
0.601035666553
0.239383210791
0.801592941698
0.681022137695
0.827470651988
0.776905376896
0.117781167273
0.108685408755
0.66104868627
0.723338291238
0.569504070018
0.729576887681
0.744424016631
0.215091369434
0.154024020056
0.649624665299
0.173960195585
0.149505297206
0.796150384831
0.763770404299
0.104531986226
0.780450432051
0.906548771477
1.0
0.127174291719
0.570899712489
0.124567952998
0.950138926758
0.830163773712
0.680531275387
0.0858034264287
0.107567064418
0.701719112188
0.828715229245
0.137917235962
0.773008134314
0.174596404714
0.197783942302
0.859688918405
0.770543084231
0.77595459957
0.141638741205
0.159176184973
0.599234327582
0.700333273924
0.893404617149
0.748511890417
0.524740218557
0.0820423033235
0.666602505656
0.839850059479
0.0813133581889
0.0391967748754
0.124989183973
0.955990593021
0.812729804955
0.196395123653
0.796492575624
0.765654477039
0.798750350007
0.156622854356
0.861368725702
0.671206372809
0.105331880899
0.13698550443
0.161452724415
0.179343596923
0.27413129995
0.135205691619
0.703945237413
0.78634320557
0.173259701003
0.233993181292
0.725265486896
0.816259619227
0.762775006558
0.592825050277
0.863174543555
0.728872757679
0.906337335242
0.813864995921
0.847527186434
0.103518268978
0.869717353317
0.736868103682
0.722630549293
0.846929712583
0.285758761141
0.680190764221
0.881635114631
0.794684182669
0.779902198907
0.804440397571
0.139415617038
0.91070248935
0.214671091765
0.809595695373
0.280085980642
0.107231447352
0.0766026924674
0.589480879038
0.229930619257
0.773996957596
0.762288211223
0.945214313235
0.810865363432
0.672626743353
0.816286966276
0.750322750636
0.761396334511
0.550237001219
0.671145051462
0.704139432629
0.740160354621
0.0882513710695
0.111576029469
0.178251659724
0.269676724431
0.756066915456
0.128460051739
0.759303187434
0.815150017502
0.833683876636
0.850603567807
0.702737890384
0.65264315299
0.826090036925
0.958441662771
0.807635194674
0.767788153561
0.233712434611
0.762815118996
0.711169723438
0.81893515673
0.120092114984
0.726961301376
0.732366352246
0.149010637585
0.711099612886
0.867495931717
0.100225888853
0.308511047175
0.183818565737
0.153537223825
0.680034147137
0.885935632088
0.191053830455
0.560244128631
0.130465150856
0.760614520185
0.750970730141
0.68129741483
0.980812891024
0.240621608081
0.850270497558
0.118510843124
0.728311205775
0.681674832839
0.168985975689
0.769666078638
0.30608246757
0.849679238325
0.699016825654
0.141163396154
0.773548084106
0.639763595457
0.199210158501
0.0700507327693
0.129692031128
0.849956592987
0.0988380586437
0.81078517755
0.134024982959
0.150490854874
0.893349401496
0.724841807546
0.637484929987
0.819545460116
0.222837935601
0.74329544571
0.817596783557
0.858109404698
0.864280496939
0.83108727213
0.716974033922
0.784359992395
1.0
0.111580191637
0.75392930617
0.802176023443
0.809592969958
0.691255486094
0.658329421177
0.0906660367406
0.67455932838
0.270286468752
0.678941493664
0.298787452545
0.214970108221
0.620869702812
0.2715564476
0.145390707521
0.75820374291
0.0694829178476
0.77852143485
0.820040399426
0.250171893219
0.75235703028
0.737412846053
0.668330506514
0.165168051042
0.867469160244
0.7784402941
0.159666419891
0.672961389205
0.581412367846
0.170686923871
0.729079263014
0.228047352476
0.6570388619
0.0942277876198
0.784143514756
0.837383036742
0.738045981051
0.696939967656
0.0977317917829
0.6036216808
0.909405650893
0.823848916269
0.818889370853
0.44403069443
0.572736305138
0.804565629625
0.861468112765
0.755587574603
0.612837170608
0.781165851163
0.240136607779
0.687038250066
0.81846377489
0.674686049685
0.899747873139
0.189840546452
0.205939458307
0.748741492093
0.658432931873
0.817572123114
0.621178612202
0.165107435411
0.727246676602
0.654839964851
0.219297482347
0.894075586285
0.121549852779
0.566566203946
0.247532062414
0.200681656481
0.723337084908
0.778831583816
0.982516482123
0.149481708044
0.857042294602
0.612596134022
0.149037400845
0.759763681945
0.667152832299
0.192111667339
0.825938730832
0.112354927539
0.379914892811
0.169386142837
0.621297931464
0.741486778661
0.778529994663
0.91238710431
0.757997317442
0.679082001802
0.553529428355
0.544250102521
0.873260080249
0.243600165996
0.123907102045
0.805383948355
0.129024031799
0.751467917965
0.743092548663
1.0
0.154112957053
0.778183678947
0.728239938529
0.829063636004
0.8299288233
0.753718494904
0.222005986848
0.188598821634
0.214671091765
0.768969480682
0.149815829798
0.748859503006
0.593222200671
0.0987829715237
0.399500444587
0.829467330926
0.806588306079
0.878349009269
0.887874327192
0.643917115662
0.746704898782
0.696882105779
0.720645272019
0.23688327857
0.677019619375
0.0957359521234
0.730582544331
0.731533130717
0.132646463729
0.150951797355
0.372542922454
0.110791469238
0.755866781477
0.150278415053
0.802530957268
0.877307585855
0.88915159781
0.815167911604
0.0977317917829
0.861464200907
0.897542868386
0.808365525424
0.702546866621
0.517701763877
0.134521487604
0.119004639037
0.778542985264
0.201144977302
0.674693037783
0.679518327686
0.0756333379323
0.722319596465
0.799683213389
0.911888423745
0.150348913391
0.140986606708
0.559181484199
0.662196173978
0.775338619709
0.806871235497
0.564004381057
0.128672933952
0.828597447823
0.799325871119
0.153190729669
0.961359235688
0.117963073539
0.906973273844
0.978832502707
0.348513612052
0.0700582540885
0.864663508397
0.856183451954
0.842177242486
0.879939520967
0.667361747755
0.113735684979
0.820412657295
0.762242661012
0.093375207972
0.853817288222
0.134477150284
0.693614423761
0.21394244959
0.944387646092
0.836406111255
0.14270157074
0.906564364667
0.805612882165
0.644456453932
0.773130033362
0.780173160436
0.848946783785
0.807850194256
0.156408813411
0.81842730448
0.921516118322
0.841385235716
0.779972461471
1.0
0.174254581735
0.171437931702
0.777852006159
0.821700321074
0.859160281221
0.867793350104
0.189651982926
0.193030198152
0.749242454628
0.703753774179
0.21351866154
0.169630732729
0.0686760612178
0.550651064742
0.221737469737
0.822485364849
0.668187799714
0.875060148066
0.0979886217616
0.917475741748
0.809587037881
0.685694805037
0.814966038156
0.167315219658
0.765726605564
0.837064352408
0.722048378516
0.844511038593
0.784278612875
0.193702490531
0.374636055697
0.783238504339
0.780372577045
0.798089062915
0.728363276147
0.821415429153
0.902459996971
0.12155288575
0.676704141742
0.844466982594
0.950138926758
0.0703199092942
0.702546866621
0.163577357835
0.263975849504
0.816857132618
0.781338196141
0.230394682292
0.719792074369
0.785235795495
0.0353132101058
0.77268050698
0.800777894397
0.867147621257
0.154598499296
0.185080279625
0.224514987028
0.6665822776
0.850188387401
0.653094902594
0.599840436421
0.149737758741
0.853857222171
0.762839665868
0.140393096008
0.982012085335
0.168260627586
0.95232314244
0.978832502707
0.694563250987
0.754606952335
0.0308770154064
0.799077688997
0.857142857143
0.96315968111
0.699478611101
0.0527024247334
0.775921831816
0.763718715508
0.160114930228
0.225664525806
0.16692667127
0.862077909829
0.131368347891
0.832255125189
0.806350410184
0.121177563628
0.906564364667
0.832273363836
0.712467878254
0.803543156693
0.728872757679
0.872317037616
0.929717215315
0.148389488614
0.862730946797
0.973011585448
0.829505154739
0.771637872907
1.0
0.183970297151
0.750079278654
0.753983778158
0.827294111078
0.843446606435
0.723234357704
0.23232229267
0.235395589483
0.214671091765
0.792397109553
0.211444678005
0.237937953414
0.218478134453
0.627213098007
0.262989447488
0.78407294187
0.701988242047
0.917866981358
0.86079444528
0.130563624628
0.795580515326
0.788262475566
0.721041236835
0.279055914456
0.762673182793
0.924224586951
0.692079259862
0.722261247165
0.673769290137
0.600056828181
0.22184465216
0.763239922123
0.728778362591
0.850662891811
0.761084872623
0.82998145667
0.810974814376
0.832875838534
0.0977317917829
0.244678241078
0.909556404952
0.830571933959
0.658643096705
0.556012521255
0.649050566731
0.702292437828
0.874993808571
0.0606368950985
0.77404272051
0.735695268559
0.616628780199
0.725472544189
0.772949740112
0.911888423745
0.242022146597
0.740449349516
0.183886529106
0.585937941982
0.804149112665
0.756498093595
0.6087174136
0.141170191361
0.889689797654
0.839850059479
0.64284555083
0.982012085335
0.179019181687
0.256892528507
0.978832502707
0.217714747612
0.182541144258
0.823433161419
0.814107915194
0.874545325165
0.833732635647
0.728624685333
0.11705511197
0.237631818029
0.704703322897
0.845569296393
0.864258185034
0.134477150284
0.678050121293
0.202455009595
0.893506682118
0.747100351108
0.186585516453
0.906564364667
0.786615480625
0.722325556287
0.822989463893
0.904043301502
0.864744289034
0.824903742744
0.165801350555
0.189330606894
0.920679077267
0.79220486098
0.819082755636
1.0
0.151463377397
0.141134333232
0.760937492164
0.75587605289
0.0995870130005
0.119624767108
0.176242941453
0.188598821634
0.229921373719
0.809595695373
0.132166609521
0.180924016676
0.155556211432
0.110918986365
0.173718872438
0.694764653087
0.637292788686
0.873829761423
0.121001643324
0.230156619558
0.800082003709
0.690159707302
0.756134095972
0.745412254232
0.763389725307
0.853801992748
0.0952707384487
0.100550825595
0.683947557187
0.175993020783
0.364313700043
0.206148941623
0.718623307749
0.169137584323
0.752628974659
0.923549517098
0.889265409204
0.934948938668
0.784117044621
0.836121179066
0.835368395901
0.830571933959
0.658643096705
0.128504170228
0.253960264122
0.801013612767
0.15514056178
0.242519954208
0.705794512918
0.781010613015
0.0461489130465
0.862637613842
0.842481931409
0.117929673697
0.253012927963
0.136958308438
0.179488237942
0.761722047863
0.836532392609
0.191319107358
0.176959686054
0.682039006578
0.831156049738
0.825290973977
0.203494248149
0.888776213211
0.0858204126501
0.178586979338
0.150374763002
0.329914237073
0.0562291905664
0.130688614636
0.886396258698
0.864894965563
0.906196250363
0.630087122802
0.0781513286427
0.0859979122803
0.672018319996
0.939326575804
0.193467935248
0.142872190323
0.821391785443
0.183625606931
0.161859797868
0.171039364212
0.126844768608
0.913751721231
0.820176579761
0.644179855929
0.819545460116
0.728872757679
0.881852895882
0.870148794414
0.833684262985
0.824102899294
0.0876108922031
0.740743101258
0.740713867839
1.0
0.201765862948
0.76358987271
0.745373060194
0.841905473976
0.85320767105
0.851566203364
0.112263919988
0.278827074248
0.221078100267
0.856948987845
0.138308033717
0.243094372461
0.060002081209
0.668034618262
0.879872019029
0.668494693764
0.123370944278
0.829356680548
0.792428316492
0.0844798484352
0.786190461973
0.734924860166
0.709662106449
0.501355055936
0.753172814697
0.961571407772
0.704314231674
0.172634176389
0.22311886421
0.186872857503
0.194365580634
0.105606199032
0.693518363493
0.834764214364
0.798311496641
0.900334769706
0.92015080973
0.905472914591
0.131888267526
0.80758973487
1.0
0.917418524523
0.658643096705
0.550375051351
0.85310689932
0.796112011199
0.201420946456
0.126234798115
0.668882928606
0.730106304965
0.62292474512
0.75627468144
0.764076620245
0.932221864419
0.0808245434845
0.741789794061
0.177780969251
0.645577666654
0.797205932096
0.186504293443
0.550505901248
0.133574298632
0.709186380878
0.839850059479
0.607670199929
0.982012085335
0.17691712318
0.955990593021
0.161886868504
0.224776134206
0.737111807631
0.758102934238
0.804239920659
0.741402204066
0.943470379086
0.680516522513
0.0767452956358
0.186955389221
0.71593174762
0.114063041036
0.138473222978
0.135015395721
0.970422153664
0.0984393178673
0.183266145363
0.150720713135
0.631148694397
0.851316723865
0.827092865154
0.682320833646
0.7955999258
0.728872757679
0.739553178343
0.775789241284
0.816315958833
0.202891349588
0.921516118322
0.808804432467
0.183904867087
0.872848611608
0.10923554812
0.696230410862
0.698323670072
0.822600036845
0.849770966635
0.266295819165
0.0688389432672
0.188598821634
0.283358438147
0.745028765329
0.149815829798
0.795220364851
0.12146770562
0.238627672461
0.360990991876
0.738442382709
0.740443522392
0.734452837244
0.107125100812
0.218137272382
0.680924596761
0.700885665462
0.679390358543
0.252305789158
0.831596416347
0.12174381212
0.139002917997
0.100537016599
0.701964405971
0.1915913363
0.255415173042
0.201327027551
0.744973816085
0.832605481516
0.713885061672
0.938066070783
0.933333333333
0.884507302323
0.219819742365
0.799288330793
0.883404941178
0.801173892649
0.927747879613
0.191150916781
0.0371605094977
0.735520372198
0.796666470435
0.0702090584104
0.806276357873
0.679454725359
0.14434389378
0.750555389525
0.123873832726
0.168061719169
0.913718910129
0.795944480153
0.15024397348
0.649625781119
0.174600479478
0.629788509955
0.580902221651
0.113266376319
0.66121135978
0.839850059479
0.640911359406
0.132814950645
0.864794665201
0.95232314244
0.114986006237
0.383494399956
0.184142560315
0.265765834093
0.757518955195
0.329691432089
0.835661121815
0.131093306825
0.160378773735
0.819690875573
0.648845839534
0.16883824702
0.168606669543
0.115446061746
0.879513062755
0.151023891387
0.666341547642
0.149991254911
0.60505166108
0.68126113958
0.926858609729
0.698674396036
0.701301274204
0.0
0.783394209658
0.936734046017
0.207807152043
0.109460932342
0.12616478841
0.817051534742
0.758896798004
0.826088753494
0.17212104789
0.163568243698
0.718843286741
0.0931914027836
0.883270234222
0.243105560797
0.198626279818
0.236093708093
0.221078100267
0.756073150349
0.149726830393
0.0783417967747
0.688138360114
0.0755551690978
0.438090627123
0.723103104434
0.629417501001
0.921641143029
0.0772609412051
0.243649163963
0.15455550632
0.688532483268
0.714228049554
0.21024798229
0.701122341927
0.188769254977
0.0952149366763
0.12867760913
0.137844853196
0.262690024174
0.216132724853
0.175688928465
0.732594560961
0.802986758795
0.821422970671
0.753538431084
0.676942975763
0.811520397476
0.587758588754
0.154551842344
0.75067959438
0.917418524523
0.113565650322
0.144069077069
0.107377222914
0.207954239508
0.16602244362
0.185498182329
0.118614356803
0.250615552917
0.183423076105
0.815214484034
0.111455674748
0.275797223511
0.202482987377
0.174651709236
0.153076722339
0.145876464177
0.66141126169
0.081013625702
0.488166817276
0.247117211112
0.843702246268
0.785154221276
0.127719133008
0.107901810345
0.848010814219
1.0
0.119046283472
0.234984346216
0.140270949762
0.118631548899
0.12774562256
0.165542383255
0.805113505558
0.607480258454
0.116619130023
0.168713301087
0.109386579901
0.127612627521
0.193467935248
0.241007639694
0.763101975292
0.146111425846
0.88294999924
0.089626460016
0.138504771793
0.852512459625
0.81820051894
0.555471207871
0.855928657697
0.780173160436
0.880715369646
0.86172623747
0.135864815404
0.841438903872
0.955879751085
0.812998877681
0.131462518761
1.0
0.197501216684
0.116934711591
0.779085199863
0.830664930569
0.901601555772
0.816661534875
0.0976405585974
0.188598821634
0.184678256658
0.809595695373
0.131335044281
0.283380189126
0.086053201782
0.589302273458
0.287927453097
0.740571960678
0.587644691235
0.830995624897
0.862244794073
0.225426956222
0.817075151854
0.658617124039
0.774921804174
0.545479672642
0.738653568503
0.881315353464
0.149642076325
0.121799119677
0.636349788908
0.185435136469
0.12185437694
0.762284873275
0.68531795174
0.852898822334
0.877386456518
0.855149167456
0.780610950567
0.857284680667
0.736570976875
0.749492157486
0.909556404952
0.917418524523
0.818889370853
0.587305929194
0.194030803201
0.747458354903
0.786931563777
0.191987857762
0.73389918682
0.769506875644
0.148691812283
0.768975200587
0.108018339738
0.1520400218
0.290207063225
0.741789794061
0.205184668673
0.644487999776
0.787655833724
0.140221001401
0.60660421758
0.129026081203
0.891120307225
0.839850059479
0.189342091763
0.982012085335
0.144241193993
0.22232023546
0.0483197393796
0.200782266201
0.740700186717
0.121912924257
0.832237105498
0.105207081401
0.947818811464
0.62966442119
0.0401959558085
0.799684689626
0.172484879768
0.160114930228
0.0940593638655
0.0665862082759
0.206952875537
0.104096914231
0.922292901835
0.150682891062
0.125690529153
0.84022183126
0.820176579761
0.648457239268
0.7955999258
0.221545165383
0.775701755437
0.171423697513
0.752331430686
0.734542254927
0.908083945624
0.129542787884
0.804087957273
0.2
0.216924190628
0.114566188782
0.73453476593
0.134475497121
0.531559525686
0.812015609279
0.188274842916
0.139792307317
0.19886699601
0.074185885931
0.152531826082
0.144215939191
0.133290805016
0.0990873515422
0.144165754807
0.76466301023
0.0955763808893
0.710055103729
0.829613216158
0.832070150071
0.721062162096
0.722024378023
0.633309897648
0.111781703896
0.799492639677
0.0904461778273
0.716910528371
0.712392859459
0.13798501481
0.220346111388
0.20025193861
0.10459585825
0.599505128624
0.823624926467
0.774552830816
0.686439725011
0.201820802486
0.77059462448
0.356869196976
0.637064869766
0.905480194693
0.903540371704
0.817775170249
0.160602746718
0.704781315922
0.164946155124
0.146895610106
0.140422279207
0.592537179086
0.720746407302
0.148161742035
0.662591670996
0.761007449936
0.761806813774
0.674451255462
0.215542212913
0.265747033483
0.179050218311
0.666236550197
0.117246681335
0.197960827342
0.0578396371725
0.717930063049
0.661351465546
0.619609297261
0.214516416242
0.133468488922
0.612487253607
0.21064667481
0.724397257753
0.142421507927
0.208967367017
0.79144680139
0.733868424495
0.967043002772
0.698716794227
0.140788626833
0.154399874856
0.136211702776
1.0
0.193467935248
0.0905480323768
0.278267379361
0.140894440533
0.516211501018
0.839007557583
0.678091943983
0.887252395631
0.788164976905
0.55168370114
0.733148650708
