0.842670483493
0.890661700386
0.902666411951
0.916016756464
0.853285034181
0.927601186069
0.940987086509
0.924422435985
1.0
0.765382736969
0.898723727383
0.915127261102
0.968488507391
0.918002609172
0.831269033091
0.846680517097
0.937390996357
0.876646498213
0.704753249773
0.880013734243
0.853395264516
0.846239465837
0.786493308758
0.945214346214
0.90364268826
0.825432199261
0.877504303922
0.914826743844
0.846194798118
0.931795249856
0.87631424039
0.879008905859
0.708685615359
0.847772187276
0.893123461663
0.914660072991
0.938655382626
0.865819822395
0.85752131449
0.782938115006
0.899013857833
0.926621142963
0.917235601953
0.848018460739
0.977353036296
1.0
0.942909669762
0.776217740606
0.970755996773
0.952903621582
0.874303174575
0.816282864398
0.870365946566
0.736586398401
0.763468533254
0.924369713167
0.835087439082
0.860165518953
0.939920784466
0.790974485316
0.908359722175
0.953576766558
0.865901308296
0.792877340628
0.887805169264
0.842541157466
0.883029021461
0.897510113604
0.819261455656
0.807186276325
0.897497083777
0.880321967729
0.919513358051
0.836152463749
0.946878831896
0.969323910038
0.98238597648
0.929895995408
0.840998343515
0.946877562591
0.881124962695
0.922041695019
0.819807149239
0.912275511177
0.870948533746
0.882714898179
0.883860498114
0.900285820144
0.978928191749
0.96802962275
0.945122784227
0.840465971534
0.910497191888
0.89035359548
0.895912814881
0.88478260486
0.918110491358
0.947006884897
0.866145814139
0.898779383867
0.786826401415
0.895451990135
0.840609543681
0.905762181012
0.876875884025
0.925535634186
0.913866293821
0.927666765697
0.939094482112
0.765382736969
0.884351907195
0.901826801457
0.969374752973
0.914862019897
0.889713873642
0.869810239646
0.907809585544
0.847117769126
0.811271480758
0.909333934538
0.865952799231
0.790343458149
0.787897829128
0.904242491456
0.888035459467
0.798126025151
0.924632911383
0.913945266365
0.853809423429
0.928601486116
0.893646462384
0.81716425771
0.723525241018
0.859933362074
0.906639949436
0.922431480593
0.949111458135
0.859663146639
0.836293874576
0.8480849919
0.902963127658
0.920338563408
0.890528590475
0.877460660793
0.860415014417
0.907781557778
0.894458627779
0.78344426566
0.926523103989
0.96267510192
0.869586748135
0.880049753531
0.732763293839
0.85624523287
0.826258474273
0.920851358931
0.847681496481
0.888746227296
0.901272358954
0.770883118346
0.910895938926
0.96414655748
0.875678307947
0.879361647216
0.914731399205
0.785121896985
0.882983226584
0.918380925157
0.843358200309
0.803895373195
0.930253629909
0.924066396856
0.854842112635
0.880241797868
0.954457158847
0.918831719299
0.857590402133
0.93484098854
0.785516942336
0.87280035121
0.926148981471
0.854794853271
0.922686788637
0.923709818371
0.866773051969
0.85136190451
0.910808784003
0.879019198041
0.918448967888
0.969825708846
0.938077562175
0.911105135891
0.958178649703
0.9234224425
0.926047770746
0.873133069398
0.896440147601
0.893605211859
0.889112445989
0.901717316261
0.845598430449
0.909245053213
0.876968100731
0.955240451398
0.937096688713
0.941731253044
0.918720554985
0.930977561886
1.0
0.791555252264
0.896238299739
0.912227268866
0.95800442365
0.819933244013
0.809828132558
0.839370909623
0.830133909528
0.811691152688
0.741156799728
0.834026788079
0.792439169982
0.865013999768
0.836802828315
0.8806294491
0.881445790399
0.77674566854
0.873101051565
0.92662743711
0.93675653946
0.873750567753
0.91663507792
0.862328490998
0.800455511431
0.948970137284
0.929487599994
0.89991252542
0.919580853362
0.821180398982
0.802430581993
0.858553158283
0.879877788885
0.902827116458
0.964294533699
0.856138657903
0.897474918123
0.876292646412
0.865811558468
0.88846240744
0.796323459975
0.914775277991
0.863906156087
0.864499511752
0.647390279692
0.776074139611
0.8748889563
0.959645626882
0.881021134788
0.802830933081
0.927383748875
0.786858720943
0.842321635786
0.97113484845
0.818396690498
0.941697349854
0.956073975386
0.823323730776
0.898536547281
0.840476265243
0.917915599059
0.851413830372
0.860158022457
0.889885057281
0.816110611094
0.839829695916
0.907295029093
0.872820824306
0.805704197566
0.885611078768
0.839013748141
0.894884015991
0.884615201369
0.957713836772
0.983782513117
0.910286380624
0.865691169925
0.907295524251
0.890722545901
0.889265924843
0.896337357608
0.925873419529
0.938964645087
0.79519641929
0.975639117765
0.803829508313
0.903188546874
0.911431787853
0.793685984584
0.94010691259
0.854273664038
0.754509026124
0.749290784985
0.936950860108
0.977772830284
0.957104307324
0.918280076777
0.952839735099
0.957253106825
0.933166055187
1.0
0.816699311456
0.922085931641
0.909627638266
0.973710229928
0.905227321147
0.879981336776
0.874280854658
0.937390996357
0.847117769126
0.808199896917
0.977094131244
0.861011148398
0.83894256851
0.770357413782
0.908834200576
0.886814992706
0.888191971564
0.879340387274
0.949450534183
0.839276430362
0.923286941346
0.902895880881
0.890381681617
0.646790100707
0.835869235279
0.934070460582
0.887444985125
0.935755414112
0.877413034945
0.843460648969
0.786822413978
0.869247896708
0.931249505885
0.959359864969
0.883910381362
0.93093160559
0.92220092666
0.931566901496
0.883597532848
0.94413002496
0.932298087815
0.869998780435
0.790964204484
0.767601682191
0.816217281035
0.865197467468
0.923805963186
0.823670538392
0.865662964021
0.887075397995
0.775571766696
0.894873547396
0.955889317956
0.902749897522
0.898659294088
0.909039831623
0.810511970368
0.901678917846
0.869340613745
0.835373953839
0.808331638019
0.909632931983
0.918780049307
0.904312600487
0.861789191234
0.984078655534
0.918781614576
0.965018220658
0.963799163473
0.809969755848
0.924841587669
0.947759766976
0.937855803745
0.881897581264
0.911700263058
0.877134213155
0.92509370873
0.94354171894
0.932856200851
0.891658977575
0.953987596763
0.949576877727
0.880590748413
0.952719742808
0.935445646917
0.917733719553
0.881972778926
0.914465227678
0.949568169927
0.87980969774
0.878905252381
0.842670483493
0.937175884361
0.926672105475
0.929062342496
0.942014081378
0.949403837667
0.937681708764
0.940807865564
0.987783697698
0.806359581192
0.926704062922
0.909191551711
0.968233009405
0.90357438061
0.940006781594
0.884550525066
0.937390996357
0.812973254331
0.674910475609
0.865682873982
0.886279078618
0.875816495923
0.764125128731
0.911074177594
0.885387674222
0.861963285453
0.89477160092
0.943712402006
0.966214968201
0.92728003237
0.843849767488
0.873238958027
0.811100664707
0.873666932557
0.931020328315
0.889599964021
0.961024598495
0.893864268035
0.839700572018
0.781728451251
0.879268503372
0.927212340916
0.923321761859
0.86564196939
0.915196060422
0.927657077258
0.953148722175
0.835178398142
0.899953588117
0.950219397855
0.852873693928
0.790964204484
0.798068871446
0.878047386679
0.889724167002
0.920608150934
0.839410082608
0.88697282562
0.918280749435
0.758025943082
0.89726113786
0.936387879881
0.930926719125
0.948400905353
0.906542230801
0.890410407975
0.888716877004
0.90447342162
0.799456824424
0.797526854827
0.884497316467
0.950734386013
0.844444807427
0.866123578296
0.964445418844
0.957504163702
0.966887717439
0.963799163473
0.761554484453
0.932775810429
0.868010931149
0.869568890767
0.926127336713
0.972312467296
0.886481603023
0.923739580398
0.869242453357
0.923406183241
0.9896987068
0.941930025438
0.931309715861
0.935293526452
0.958414809054
0.893257000383
0.878850322572
0.874800478777
0.935126727339
0.931638523704
0.896355870119
0.886061895861
0.786826401415
0.934202474524
0.942886279652
0.956898549689
0.941318515169
0.945165823934
0.952850424314
0.925084895187
1.0
0.845322095277
0.913430608282
0.902449778648
0.970211840094
0.928813183521
0.853966415925
0.892209515118
0.883116883943
0.847117769126
0.745903511056
0.859673725465
0.843150697612
0.904574548659
0.763248209303
0.941964035272
0.883083373251
0.857134449694
0.899939137882
0.938097165725
0.850330194822
0.929273998116
0.855930026679
0.853807306445
0.700460829109
0.837744369624
0.969698936106
0.883220445023
0.916581011643
0.869501377274
0.843309286635
0.76091200637
0.872213768135
0.914343005546
0.962125604648
0.879652918046
0.930868968619
0.907605406188
0.937048547269
0.883597532848
0.901374534129
0.940010053834
0.880550706609
0.787507485452
0.761854762488
0.863479198158
0.877796205929
0.937198046987
0.849873788425
0.909154471573
0.912847847778
0.786804467869
0.857953142177
0.954468497934
0.902749897522
0.861841943429
0.904628197954
0.857278663277
0.868042907923
0.893555241376
0.816588709104
0.789256200997
0.910698816148
0.932764394049
0.919513358051
0.880147996023
0.964445418844
0.940648296265
0.915378111841
0.963799163473
0.794836280107
0.926337542653
0.916143711313
0.847127646576
0.932106880614
0.946542093707
0.875298309932
0.88078517276
0.914539802847
0.896362696479
0.917148963663
0.955856612923
0.949576877727
0.852408112934
0.961222152261
0.943459069681
0.889884367118
0.887517736486
0.914465227678
0.958047336377
0.901930768778
0.906030857043
0.926953307658
0.961918938194
0.874302105553
0.933358415676
0.931300704412
0.94240531033
0.959870849451
0.952164302447
1.0
0.798844306003
0.926272596817
0.91860222296
0.953597268641
0.876233441613
0.772744827849
0.877152083259
0.937390996357
0.860132234374
0.811271480758
0.902843470752
0.858698406816
0.904815556298
0.779808028204
0.865339349116
0.87077110053
0.79719903251
0.909574011761
0.894466220887
0.955663302191
0.920408514349
0.897119741603
0.88233538722
0.850677628268
0.861649455109
0.956866014213
0.8851287134
0.953113624701
0.893339755714
0.835892299892
0.863735191344
0.864565738924
0.930105728072
0.951304540135
0.873334114149
0.929746256777
0.945408963208
0.9748845125
0.83961434475
0.906213703134
0.945918364909
0.880550706609
0.787507485452
0.812525316815
0.932018822081
0.900382612003
0.926221570255
0.819121816647
0.875676581362
0.913307080413
0.756380481221
0.912076085434
0.96829384223
0.820740609692
0.844841384924
0.84413448766
0.843056731945
0.876100604367
0.90004142981
0.853008627759
0.82702125122
0.871733389443
0.87859678811
0.90279503487
0.868636898873
0.952391089656
0.973381145566
0.942310523559
0.9440001191
0.815660337307
0.946542694187
0.906827674425
0.927961025841
0.921206768338
0.934002275077
0.84537180865
0.901997153298
0.933185064124
0.886682761202
0.982714733569
0.967060947321
0.936399160366
0.929382616528
0.95352603847
0.948421529338
0.910204626014
0.884668793112
0.949984310813
0.951640077102
0.881722069865
0.901717316261
0.786826401415
0.955987721262
0.953810012056
0.935854011331
0.913106564762
0.943442612625
0.934942676587
0.924457567684
1.0
0.858516342477
0.919362106193
0.898600478427
0.970587777435
0.909953627116
0.917397757889
0.89417031039
0.904195381345
0.797565643651
0.856973998771
0.878438207398
0.89176346555
0.753895592826
0.875582092479
0.925131412019
0.820651404839
0.826790072982
0.906624827957
0.926862217226
0.891953942096
0.912885753495
0.86100725812
0.873676004413
0.691024574582
0.86753816682
0.979809511026
0.889743561577
0.949888305422
0.884557324126
0.82460100522
0.845605820862
0.886931393434
0.917156216174
0.945910304601
0.874974954107
0.967672537986
0.954821847805
0.967273210629
0.849050297273
0.925616811196
0.971730409093
0.934690414869
0.787507485452
0.765563587641
0.879024022564
0.874351600955
0.92817762626
0.860100847504
0.856957804909
0.920252204267
0.800366675069
0.887156008892
0.952951497393
0.953821701296
0.850252938456
0.913300261896
0.853951491502
0.884324959396
0.883958709459
0.891696124271
0.804818415506
0.918496096137
0.894403853249
0.919513358051
0.860096499478
0.980666435504
0.94129596035
0.98238597648
0.952385513355
0.817011324413
0.901941638364
0.882165709856
0.921317849271
0.911161577927
0.929105774356
0.872390654472
0.941133525991
0.904963681064
0.900399786092
0.994432112669
0.934433442223
0.93535012553
0.93145566367
0.938967522661
0.948721457813
0.954845958326
0.8682007829
0.904809562144
0.954507986265
0.898478360976
0.888835507011
0.786826401415
0.894943267447
0.871284772186
0.934454320048
0.942354072481
0.949403837667
0.940917002932
0.942267045293
0.952829838935
0.862609817233
0.905814392871
0.906005261136
0.958452687018
0.868433376022
0.893662977238
0.898885377825
0.937390996357
0.879043063587
0.771377711455
0.977094131244
0.895453262161
0.875003374437
0.826346343315
0.725679435348
0.873237851644
0.83772821664
0.893658420296
0.883363041622
0.970462990203
0.882808407126
0.894527695784
0.801089959988
0.810015834675
0.914550399779
0.910358576818
0.88049918072
0.921580539126
0.886930634931
0.822649344648
0.878766161092
0.886430634561
0.924991014198
0.913790922817
0.83351702028
0.961676689312
0.963442827114
0.953851054888
0.792975173944
0.89890186836
0.908406736903
0.846477351982
0.853265141527
0.76160431767
0.831097469744
0.896525716843
0.924796446829
0.804076300143
0.915971545663
0.882378335106
0.779810338437
0.850927901469
0.95074059229
0.917022807526
0.970234007027
0.944126948725
0.852636059958
0.85238510481
0.862454921633
0.761239287723
0.792229918184
0.921061243074
0.908126407655
0.919513358051
0.883695922751
0.942214064379
0.904913011256
0.953031562685
0.915358504755
0.802389644322
0.930702339291
0.949594130995
0.833980309871
0.896939099126
0.882116786796
0.854352856319
0.893012852943
0.918826301351
0.859494259167
0.967318687957
0.923850443926
0.962653593717
0.87129519434
0.934238275203
0.853418652107
0.918422490099
0.85244391521
0.79756778047
0.966191195413
0.868233771791
0.840917829116
0.919166323085
0.918432241715
0.989085628212
0.942755143859
0.917620156426
0.937754501309
0.949296882908
0.932959828034
0.902055116716
0.841272470872
0.907093103131
0.899821162448
0.950854968205
0.938565130692
0.950693003728
0.918799220865
0.86828738474
0.797565643651
0.794908178871
0.917863799822
0.817631558459
0.885397824435
0.790598678398
0.872989288608
0.881276699804
0.824207696215
0.929477859395
0.944302286595
0.864806067295
0.919180235841
0.889292490205
0.87333449069
0.769457188711
0.811466998979
0.974821053709
0.862383840187
0.936829240809
0.860058355771
0.835404798505
0.869427086374
0.865636881353
0.928256385206
0.917626463884
0.905575684395
0.887005832105
0.856899208944
0.938093666469
0.757073915111
0.861863338474
0.906210443968
0.934690414869
0.750923746071
0.819371299702
0.810666265322
0.834137045655
0.9333308081
0.814937861124
0.821652842411
0.9077846706
0.778424058171
0.906605401172
0.959185881398
0.863711815168
0.918446841297
0.874491170939
0.824986349722
0.884819968517
0.875734082021
0.876022254509
0.782109557514
0.888472184434
0.939400381056
0.901408997672
0.865422227471
0.925601841587
0.953592071713
1.0
0.953007257011
0.832638405356
0.930361112819
0.910378582776
0.921284654459
0.927294276833
0.914870999741
0.815338298905
0.914628540176
0.87221350755
0.927739987138
0.960538942763
0.967060947321
0.938283800796
0.920797920366
0.975093087966
0.952461489255
0.915742859508
0.877941798646
0.912976648194
0.953997312481
0.827928067232
0.936252440388
0.842670483493
0.945850164087
0.921794200593
0.946591950037
0.935514366065
0.950649553299
0.950119343456
0.914191244448
0.944297310079
0.800452832242
0.90976209696
0.906300203594
0.963846629195
0.91324903472
0.923156643816
0.891253649791
0.937390996357
0.766138099631
0.811271480758
0.899567218763
0.891932647324
0.902635441919
0.785716037158
0.866680966686
0.876953226892
0.818389903655
0.927655887397
0.955325670937
0.883256974938
0.932037444801
0.873202381598
0.8801302392
0.679994133574
0.855801250762
0.961326281204
0.876495174107
0.951068275364
0.851400746024
0.849711086148
0.764773125379
0.864751108068
0.916072021847
0.964592947577
0.880829746894
0.914854830441
0.894127893862
0.953382119207
0.870447156307
0.878662294498
0.93966605296
0.934690414869
0.864499511752
0.76609295842
0.87042722884
0.854560240093
0.913643675967
0.850633607187
0.876697371612
0.919384348452
0.762490545109
0.87268850305
0.964867502676
0.835890360692
0.868984481504
0.913300261896
0.855809510853
0.887843237559
0.871502001761
0.838970174129
0.84876086113
0.917075919401
0.933634241838
0.919513358051
0.88205675296
0.964445418844
0.973381145566
0.885355329184
0.956788081099
0.817011324413
0.886017640824
0.913843865596
0.90814051801
0.944366591334
0.935336046994
0.835174347644
0.915967827628
0.939347418393
0.898306398375
0.9896987068
0.954383713754
0.934538431599
0.914674617489
0.954517941313
0.968408862088
0.943503249411
0.87046403156
0.913973427112
0.942606294064
0.880732870429
0.888835507011
0.672168697034
0.904513664355
0.870965793018
0.900694597051
0.87339922339
0.944069004576
0.930024904966
0.932149700263
0.926067606648
0.692823611369
0.908911323913
0.91557999084
0.945744234409
0.732041599986
0.909266574035
0.877783279085
0.811061376994
0.773768668082
0.830863219894
0.84954525398
0.826236416064
0.853387352521
0.860338066691
0.860271611063
0.877417163425
0.749322650043
0.851829308735
0.922130956784
0.939965312694
0.880391358222
0.864382093361
0.867048601394
0.616447058436
0.871409595189
0.919432528602
0.905060699103
0.923441895786
0.841435906115
0.779642608561
0.772037249364
0.919211856426
0.886542707347
0.891736814985
0.877183182256
0.827611911233
0.835366620663
0.927389938981
0.857888115664
0.789398155367
0.938976853196
0.938914192161
0.866445855359
0.645419497607
0.748328165991
0.780659787027
0.924478743625
0.844510650516
0.785745261187
0.906819371081
0.780088396521
0.857155203728
0.943148164844
0.875316659514
0.831108137118
0.946450770489
0.874586449497
0.848594570816
0.865679435057
0.864309363593
0.837970727429
0.86383970344
0.91308874067
0.787684373967
0.883512021512
0.969366726911
0.890453018007
0.821593841913
0.89410850019
0.815846546065
0.874550744504
0.927732035486
0.917540779398
0.868362715511
0.962899633501
0.876259109567
0.920149383909
0.838355709052
0.874281155664
1.0
0.967060947321
0.941570200156
0.877644012086
0.97341183983
0.775756939878
0.935625948322
0.898603068817
0.947142232561
0.938936244429
0.847618833435
0.840463731414
