0.140433379846
0.0681594573081
0.11911090011
0.0533316460751
0.0533293764401
0.0823506433179
0.0873726062485
0.0505078681459
0.2
0.0964514512338
0.0677867849509
0.0581258409588
0.108447453352
0.0741952446572
0.0869903542572
0.05925387196
0.0905693485604
0.109978169212
0.0853054957655
0.0920314165171
0.0808749123432
0.0600287008805
0.0710225911425
0.142030015277
0.065087850275
0.0715813790361
0.076336641923
0.0503327587235
0.124653844295
0.04727958096
0.0563616529703
0.0702540794423
0.0907561309048
0.0710035522621
0.0587118487298
0.0536160345437
0.0538721260043
0.0510662853569
0.0886701367014
0.106433263721
0.075204740601
0.0513077884386
0.0786584450332
0.0890316702834
0.0669040254404
0.0981448744005
0.0467579552126
0.0783059564168
0.115227110907
0.079284957077
0.137657316932
0.116519656337
0.082591434911
0.0778448780765
0.079372033318
0.0777527647979
0.073734362375
0.0687593832203
0.0851013863666
0.0624487135094
0.0897739756448
0.0546053904829
0.0834084763479
0.0587059262615
0.0515720275276
0.0688186607129
0.0517471818275
0.108407383206
0.0866971563765
0.0636042127305
0.0549779488071
0.0861216993946
0.120074588782
0.0776092506794
0.0729780988562
0.0551303473774
0.104103640489
0.108539102156
0.116700846111
0.0728270015874
0.139899997652
0.0831694141949
0.0752808339149
0.121934046785
0.0760591575405
0.036032567891
0.0855574008145
0.0590290684709
0.0793831330146
0.0931746102052
0.0618417293406
0.0957987528064
0.0590873328129
0.0927980452729
0.063188382035
0.066747474581
0.13548947844
0.085899486585
0.056042387363
0.150023093393
0.131883312719
0.0766260602442
0.121891688469
0.051056599358
0.059972192383
0.0846134371405
0.0811642011214
0.0473708158042
0.181717185297
0.0964514512338
0.0648336149388
0.0617130981386
0.104014537125
0.0697641863401
0.0813016156751
0.0608932074971
0.108781597535
0.109978169212
0.097458939063
0.104626337775
0.0850117595548
0.0460670025551
0.065470558429
0.149760758773
0.0612248288925
0.0757783409267
0.0741689556816
0.0536642337734
0.136952634675
0.0488689853982
0.0578216379008
0.0741837523732
0.0855622453823
0.0669535735688
0.0555927082597
0.0601723501216
0.0558441957751
0.0471646393106
0.099335988677
0.102906307864
0.0709084911894
0.0461045242945
0.066434464897
0.089915654676
0.0646485363396
0.0918138444398
0.0383915353963
0.0929514861281
0.108973393704
0.0837749444644
0.139052988468
0.126214865023
0.0620394367353
0.110889403771
0.0666191202177
0.0670051061877
0.0797364846285
0.0695010556088
0.0746968734126
0.060236132513
0.0907792032215
0.0572763296913
0.0720918580406
0.0706076967267
0.059315677689
0.0544140764532
0.06174499532
0.108912174122
0.0835084144893
0.0780152017877
0.0610820886377
0.0804815622021
0.111798564267
0.0794819282197
0.0825645206166
0.050184504243
0.0965501506421
0.105352863414
0.109369282454
0.0634154423446
0.139087801646
0.0780966290135
0.0918027388761
0.111662076669
0.0653442844695
0.0328846647178
0.080390424598
0.0551159552035
0.0789043143981
0.0955131946184
0.0595538399132
0.111737489678
0.0579597010851
0.0946336217618
0.0651175212636
0.0589138656372
0.148287484022
0.07938638432
0.061548636833
0.143745657184
0.13719515918
0.0684909589135
0.120310986208
0.0581576870462
0.0674754081759
0.0899144552619
0.082161303749
0.0471091165545
0.2
0.0893964428398
0.0730827785039
0.062608273139
0.104926841375
0.0635157321962
0.0649084284813
0.0551542468783
0.0751743116064
0.104626293612
0.0798365258844
0.100569711561
0.0733111069238
0.0600279749325
0.0676877673644
0.155541143777
0.0626734115791
0.0591436808816
0.0620536196545
0.0555031088761
0.13409877347
0.0463223920105
0.0637016285594
0.0596172079882
0.0912440438467
0.0799793435545
0.0596896197164
0.0579093302336
0.0630589936733
0.0398081641957
0.0893461645437
0.108623219548
0.0732365138639
0.0448192500785
0.0783131675352
0.0870963723944
0.0643988059122
0.0865340857149
0.0417231469428
0.112535385999
0.0860977337817
0.0783322015878
0.122957246611
0.123242615966
0.0512394877363
0.0907438577009
0.0863085884474
0.0724315918938
0.0946223449792
0.0539750620828
0.0830059597919
0.0668906764727
0.0872458628319
0.0597380877786
0.0647603344211
0.0850773684732
0.068004189937
0.0671935648766
0.0697722252681
0.0810810836037
0.0941317238719
0.089674267389
0.0542384393132
0.0864600573304
0.105897597358
0.0619236813383
0.0710584813995
0.043144758883
0.0635556708501
0.0855344467765
0.10116540391
0.070585730433
0.142140338276
0.100753416417
0.0962236601328
0.122226186591
0.0756788277852
0.0411118242064
0.0927830024613
0.0600540171271
0.0780667424972
0.0845498363139
0.0629940072226
0.0918809133554
0.0620268371737
0.0830579579065
0.0640268901814
0.0685207289271
0.107057427268
0.0868170406706
0.0547795802852
0.10343270686
0.118679189394
0.0736416168929
0.135936587381
0.0577203716451
0.0642115263722
0.093073813163
0.0926919256597
0.0490116499503
0.2
0.10019497859
0.0749045566039
0.0574414878423
0.103904279855
0.077722853316
0.07578926944
0.058806430859
0.0905693485604
0.109978169212
0.0927165742934
0.120722119963
0.0883894288508
0.0591983749709
0.062841732492
0.152097661936
0.066176797939
0.0790325259743
0.0596263519687
0.0569340026688
0.126425102467
0.0444058821738
0.0563737347522
0.0758924154024
0.0724465876336
0.0670052701131
0.0609202481138
0.0528898616889
0.0505475322203
0.0481826028714
0.0949775994249
0.109836481369
0.068762377015
0.0488835239742
0.0818179474554
0.0915367595853
0.0660514478583
0.0949121409158
0.0476628596122
0.109774841435
0.110110523485
0.0724528572316
0.137828785305
0.110315671052
0.0549027630629
0.092457316808
0.0751695756311
0.0694214460381
0.0711102128593
0.0707930980946
0.0768757530098
0.0661738348269
0.0819937137284
0.057325039373
0.089083417723
0.0770314440384
0.0584611236989
0.0671000583924
0.0586224983236
0.0896899790428
0.0920146826093
0.0737054646138
0.0570458733389
0.0857284005493
0.112558057836
0.076211995466
0.0824449126072
0.0491840002712
0.101993357012
0.120732459186
0.115325253199
0.065595442941
0.152125923371
0.0833597211524
0.0957904125746
0.128286180082
0.0703351503033
0.0389702064494
0.0897408513614
0.0612749829121
0.0769420021755
0.0910922889897
0.0666946030326
0.100493200652
0.0582383920186
0.0995093511636
0.069248825797
0.0616722813743
0.148382312746
0.0910360254476
0.0624988529442
0.140175239742
0.140433379846
0.0732373301067
0.132304767798
0.0541221240489
0.065578259451
0.0885950308497
0.0959918131793
0.0479801429705
0.2
0.107871949555
0.0720477151689
0.0592065256252
0.102415113873
0.0747843969314
0.0858261420822
0.0681474365087
0.0905693485604
0.102660756584
0.0837308363958
0.106316012558
0.0836731057824
0.0661257430064
0.0601531513185
0.145536374634
0.0640319013211
0.0698410374038
0.0722586168486
0.0528794628607
0.155846621846
0.0467357934329
0.0548105878296
0.0775436311091
0.106195207206
0.068604880311
0.0630455699968
0.05416769524
0.0642568390661
0.0586542674919
0.0944422144819
0.110786686791
0.0740963759262
0.0492743132091
0.0787330332577
0.0862645670566
0.0677612101163
0.0952761761043
0.0464520691892
0.0952115678298
0.112012086666
0.0792311829895
0.113935331912
0.110315671052
0.0623543220454
0.105767572284
0.08502654179
0.0730385461563
0.0712145057852
0.0712183955062
0.0793313724677
0.058443697494
0.0867680143111
0.0534437080338
0.0838580145268
0.0892769017473
0.0596881938343
0.0708744296876
0.0616664292725
0.0986147628336
0.0855719190907
0.068412925931
0.0589010264522
0.0918483462859
0.101347605691
0.0643834869085
0.0810807086663
0.0534932785335
0.104333891778
0.120732459186
0.104720727555
0.0714831286338
0.11787516169
0.0813220612592
0.095104946717
0.123155824278
0.0736704956517
0.0384220361776
0.0833486581332
0.0594617869405
0.0831157640894
0.0984804136322
0.0642428204979
0.118295531178
0.0574249786558
0.101992750472
0.0714143196556
0.0567121452471
0.13859483449
0.0902316120699
0.0586568407191
0.148364620979
0.131883312719
0.0769982180716
0.13256812979
0.0556236977645
0.0684804233427
0.0936145738822
0.0910033212996
0.0502553353484
0.2
0.111217540301
0.0719979370413
0.0560397093969
0.109801169752
0.0710066516855
0.0733069713895
0.0622683207985
0.0956901241587
0.109978169212
0.0971765989589
0.10472832324
0.0730134261382
0.0709358076951
0.0713401046789
0.160021137295
0.0595973042316
0.0705380189892
0.0671534299096
0.0552714010471
0.126775396666
0.0475556836467
0.0694536750362
0.0684801982103
0.075653398579
0.0710293532144
0.0670013423424
0.0543003002591
0.0506882372285
0.0501750951056
0.101630677285
0.0996956824143
0.0707527421318
0.0455513688541
0.0818444178279
0.0879006852995
0.0674891597648
0.08891482716
0.0459888245355
0.109774841435
0.111675095645
0.0769700558222
0.133873521826
0.107071303489
0.0609786658508
0.0970827485177
0.07757958457
0.0706562613449
0.0721238738113
0.0758591400374
0.0725637285346
0.0623398327534
0.0756617051151
0.058747734177
0.089083417723
0.0715291980356
0.0620598830332
0.0657639531433
0.0555971410845
0.0920076044976
0.0915658779749
0.0673177451213
0.0602171344433
0.0986379457946
0.120074588782
0.074183133005
0.0810807086663
0.0547810216885
0.0915525120785
0.120732459186
0.101848596069
0.0698126100211
0.143799708686
0.0750210260083
0.0976522969822
0.123214962224
0.0765433802604
0.0385016146139
0.0894523412503
0.0592567890864
0.0845191260647
0.0929304884428
0.0666946030326
0.107590123625
0.0612957885481
0.105269837498
0.0639097571124
0.0628438601054
0.148382312746
0.0891900213671
0.0624454466813
0.133716312486
0.150673883584
0.0797222715232
0.139382603449
0.0508283574953
0.0664410569039
0.0929417629159
0.0917434644204
0.0519156434458
0.2
0.105872421988
0.0685588920043
0.0552572296633
0.0974694359942
0.0664447958331
0.0677372247806
0.0629783543844
0.0905693485604
0.110403774307
0.097458939063
0.1133049241
0.0736053510515
0.0855495259875
0.0693088670056
0.130032929675
0.0577868227015
0.0657699972981
0.0627957223822
0.050019362991
0.146844481788
0.0444969924259
0.0546753140403
0.0719721859348
0.108056850429
0.0663283238806
0.0631803933856
0.0539614236883
0.0588083530606
0.0514662993155
0.093810380132
0.11993749147
0.0641332741103
0.0496520342216
0.0765662081078
0.0876174372915
0.0727849468188
0.0913820327195
0.0513755431996
0.113375958011
0.11440091422
0.0720523787723
0.133873521826
0.107071303489
0.0676790276146
0.11687195435
0.084541179361
0.0652510692618
0.0683278804529
0.0698577904981
0.0767184199406
0.0525581389426
0.0935581278122
0.0595513830172
0.0661244581698
0.0664515538401
0.0521403534364
0.0638515090442
0.0609624778603
0.103504825832
0.0749305548225
0.0668113839619
0.0571073147706
0.0959214018616
0.12029671169
0.0686352881647
0.0744005648344
0.0557458001962
0.100800895189
0.0991037485812
0.114453670902
0.066094955259
0.120056529469
0.084045742027
0.0927145935941
0.124116716428
0.0685734794796
0.0364362550826
0.0870299166634
0.0541547127763
0.0825604418582
0.0936182416246
0.0617459144548
0.108675010331
0.0615651103719
0.106123141218
0.068863500323
0.0623854985544
0.138181258494
0.0913248864084
0.056856584851
0.143745657184
0.131883312719
0.0795676375366
0.13011104398
0.0551171343431
0.0664235509137
0.0876318181441
0.0892443713002
0.0463966088365
0.2
0.113826131153
0.0719420981287
0.0557661900803
0.106771283967
0.072990188278
0.0832342524443
0.0630714846315
0.0997801799743
0.104626293612
0.0982644818464
0.102279192951
0.0908274001429
0.061825574523
0.0788751798904
0.165455584649
0.0501865081082
0.0693585829039
0.077025916708
0.0549255436479
0.130781695366
0.0412384410146
0.0585283521993
0.0691870350879
0.0762001526636
0.0676785996714
0.0678642088259
0.0550931246185
0.0587190600147
0.0536088956479
0.092509133297
0.0985834675019
0.0684347851432
0.0435792886093
0.0801348764257
0.0901940493972
0.0647343381763
0.0930240178143
0.0488450661883
0.0997953103951
0.112214872123
0.0834747163483
0.151582028587
0.107071303489
0.0616327523503
0.128406934878
0.0803889499557
0.0684637506467
0.0769176256936
0.0692971307064
0.0766450880666
0.0673243334375
0.0805301238854
0.055005256964
0.0905379745503
0.0773729544637
0.0620598830332
0.0670016267228
0.053571357587
0.0975684387539
0.0863651453109
0.0658880134534
0.0599462342515
0.0888630975926
0.120074588782
0.0736102237076
0.0852781841991
0.0539231029837
0.104103640489
0.105735614892
0.11491491222
0.0677576043625
0.126251811393
0.079841724126
0.0840654805542
0.127018731745
0.0706940590527
0.0419486815474
0.0957416756378
0.0553528916921
0.0836078077734
0.0959992465042
0.063999130976
0.131706079039
0.0546987260634
0.0958805853994
0.0696929622919
0.0584592940399
0.138959566776
0.0900398601294
0.0650355063074
0.131114549795
0.131883312719
0.0663717497812
0.118822971227
0.0542227837842
0.0654061777249
0.0885950308497
0.0850572678507
0.0522680576869
0.174569722322
0.115910446129
0.0719569502149
0.0552661186471
0.112473124877
0.075848454766
0.0788595661566
0.0653530082661
0.0905693485604
0.109978169212
0.0857644818464
0.120722119963
0.0832198041148
0.0615844033361
0.0691656350118
0.113799868401
0.0639469314136
0.0774625854335
0.0616826813629
0.0489594613395
0.166500152699
0.0430958619524
0.0550940861738
0.0600925434986
0.105056662484
0.0678229016013
0.0589586637182
0.0550418198617
0.055973575182
0.0513115687035
0.0991034501051
0.119536544357
0.065362575395
0.0466628986277
0.0744956493129
0.0828997721623
0.0749123493574
0.0949935867748
0.0480222734215
0.0882715720111
0.105721484205
0.0752647848614
0.129769528911
0.131522710613
0.0677460056152
0.0908046349612
0.0764879990362
0.0694324968568
0.0709107860861
0.0782452791966
0.0747222891246
0.060005607676
0.0795550947489
0.052869047902
0.0788671728154
0.0920495885818
0.0662740191477
0.0709708060586
0.0568427892244
0.0702306580252
0.0735375174474
0.068924614825
0.065546360071
0.0759309411369
0.120074588782
0.0770690391315
0.0723049952878
0.0556621670113
0.104398421372
0.0966082100383
0.102874676749
0.0690767519996
0.139196570326
0.0762044063599
0.0930027310175
0.11317176314
0.068463802896
0.0330857109461
0.0951888386012
0.0492112812012
0.0800260597941
0.0937415400114
0.0663464733726
0.115272015532
0.0617250302923
0.0751683740761
0.0662545838235
0.0639625629814
0.128511043983
0.105205207621
0.0624866151059
0.116163030035
0.138354154509
0.0686756614437
0.135686281548
0.0504171673907
0.0599033177243
0.0903400371711
0.0926537075308
0.045055179056
0.174569722322
0.102423676816
0.0601004106337
0.0538788043275
0.0915764463009
0.0775381380484
0.0795199643831
0.0625097581496
0.0814244353889
0.104626293612
0.0981458706176
0.115166564408
0.0652396055992
0.0682754386754
0.0648587027009
0.125171179666
0.0580886323807
0.0615892438319
0.0652910172448
0.0526205316327
0.110140915535
0.0468191053245
0.0534935707729
0.0660297966517
0.0996214805422
0.0621156546739
0.0629434906236
0.0530663119546
0.0504598258393
0.0505345246494
0.0955395117352
0.121729719266
0.0642161269719
0.0487854660401
0.074318490243
0.086355301298
0.0682245606919
0.0764342292336
0.0468341010968
0.0797683800813
0.10034076372
0.0655194424217
0.151582028587
0.0752689128189
0.0685303101327
0.0842773996111
0.0730250771215
0.0632091618232
0.0673699771217
0.0479930884634
0.0727245171081
0.0650938605612
0.0853784331583
0.0564531541073
0.0748982298297
0.0809115150001
0.0569010961725
0.064186011298
0.0546029290803
0.0803409803744
0.0860468821541
0.0591555159069
0.0595866606171
0.0881715071459
0.104777135642
0.0729900969043
0.0731232617905
0.0541862807972
0.107488979488
0.103586924224
0.104617239971
0.0646809280291
0.127857805949
0.0757984403859
0.0826829932932
0.116553926369
0.0683131419707
0.038464557593
0.0738098026345
0.0625138154633
0.0780459635162
0.0936182416246
0.0646388533881
0.120328186137
0.0613343672508
0.107877875664
0.059246746383
0.0626201217331
0.129583008304
0.0990733987948
0.0558450482418
0.146948736569
0.140433379846
0.0730941187499
0.124363145315
0.0519705864904
0.0665024408143
0.0927926193847
0.0889137674494
0.0474188946684
0.2
0.100679292826
0.0677965461133
0.0581290599611
0.111541224422
0.0775520750454
0.0795243825963
0.0672162322822
0.0905693485604
0.101644835878
0.097458939063
0.110165088156
0.0870660999756
0.0693428502605
0.0670163233823
0.124723216644
0.0602357467518
0.0631376320849
0.0691599222432
0.060069897726
0.116712502689
0.0466670801273
0.0495479910618
0.072579656834
0.0811415978476
0.0656141351892
0.0636895376361
0.0539645406935
0.0547868529284
0.0466855268747
0.0988869831998
0.0941824081427
0.0694074994242
0.0456998363327
0.0840090457232
0.0915061950632
0.0698717918259
0.0886721050403
0.0489476850386
0.100526979687
0.106452391079
0.0769162817348
0.151582028587
0.123242615966
0.0675938140668
0.105767572284
0.0789195643668
0.0694903647801
0.0725604346048
0.0648995534931
0.0782982943123
0.0526697588127
0.0790012321244
0.0593366407018
0.0628347602412
0.0675143097026
0.0620598830332
0.0642487786509
0.0631551699714
0.0872630441217
0.0762535325673
0.0824119635076
0.0575795566824
0.102525946351
0.120074588782
0.0730481399901
0.0810807086663
0.0557458001962
0.0925974717325
0.10937228764
0.11491491222
0.0693819438108
0.130802803953
0.0798085328259
0.092423755297
0.132274083954
0.0644350279961
0.0388111702255
0.0867268491515
0.0582771420275
0.0831157640894
0.0906093412983
0.0636530001222
0.127044391715
0.0560431749644
0.106649039203
0.0694064844789
0.0552841127194
0.12692805651
0.0894401640086
0.0566765553239
0.131114549795
0.0925172087938
0.0732059470319
0.101704288537
0.050466118647
0.05983037499
0.0899043830132
0.0860482115755
0.0486628303743
0.167461672792
0.0753239327527
0.0687681822132
0.0597558184554
0.0966938429211
0.0511076100942
0.0795243825963
0.0556485720841
0.0872449284203
0.0962929602786
0.101314585295
0.0955614749912
0.0710220587674
0.0597294291807
0.0742643144445
0.127260352449
0.0637200688573
0.0624229970303
0.052619671753
0.0562129952266
0.142556893812
0.0481541526248
0.0622438606978
0.0761461559044
0.078989963555
0.0703849235799
0.0600415185841
0.0577392056997
0.0609920533451
0.0435042160245
0.0818301498444
0.112157137661
0.0784190438814
0.0453470223885
0.074706957868
0.0851146375528
0.0611390512457
0.0863701045154
0.0445654630446
0.105670902274
0.0860548562981
0.0770767935547
0.134765471718
0.127238387591
0.04434377779
0.100578674831
0.0667778320435
0.0692111498489
0.0887001271022
0.0651081334762
0.0802760593046
0.0592483656094
0.0889760297982
0.0546675106125
0.077143122096
0.0820016616908
0.0621944610091
0.0814217847498
0.0534409100864
0.0774418830367
0.0760884077818
0.0805329881725
0.0551055285787
0.089653464201
0.0930488758455
0.0786141818539
0.0777492295829
0.0454804451833
0.0697034998355
0.0889696599076
0.108934399341
0.0674526456393
0.142813414027
0.0782776283406
0.0829889890623
0.123712748229
0.076640426307
0.0403843658737
0.0806058900665
0.0591335557388
0.0875738043742
0.0936182416246
0.0659224228962
0.0982955833574
0.065883347115
0.083412212425
0.0700955012586
0.0613788253888
0.123475012185
0.0909713137277
0.0466716463167
0.118669309703
