0.124956203327
0.0569720087105
0.104416171513
0.0494714602716
0.0505594246478
0.0668426885202
0.0702529393295
0.0381646821403
0.2
0.085727850764
0.0589300346491
0.0504178526094
0.0879726515472
0.0721877302647
0.0869903542572
0.0416670414573
0.0831334860878
0.107650995593
0.0823986287285
0.0824602652035
0.0713608954574
0.0503638015361
0.0624497611009
0.120700093304
0.0510600529218
0.0614052112998
0.0594819943745
0.0478520920978
0.114765540051
0.0380353952632
0.0466916286508
0.059136559945
0.0715998367078
0.0559917637357
0.049748943312
0.0458640988703
0.04783760634
0.0418058513617
0.0723941006492
0.0944749054494
0.0647018119105
0.045004230937
0.0652906459842
0.0796793971131
0.0578417228967
0.090670906845
0.0410888371138
0.0715205935221
0.0939995751535
0.0667845339731
0.117851322243
0.104878547517
0.0752705314381
0.0628166659244
0.0674980342807
0.074830975842
0.0669391833256
0.0599381634952
0.0720926299507
0.0624487135094
0.0763916666306
0.043586478112
0.0800614159698
0.0459813849021
0.04707604348
0.054771015696
0.0405547656037
0.103799692249
0.0610387114602
0.0499075411998
0.0455781514561
0.0725990721618
0.102700797286
0.0705091608932
0.0683378226776
0.0536278500351
0.0902334994332
0.0891234259822
0.110454798153
0.0620312453788
0.120521335971
0.0719727299081
0.0687834746165
0.0900139322082
0.0614095835829
0.0288457692939
0.0679622878196
0.0489550810657
0.0728873237522
0.088769393711
0.054499819501
0.0894373642741
0.0543413371831
0.0805601414556
0.0552054262868
0.0576740243033
0.11222508468
0.0756555365794
0.0401959579539
0.122199692462
0.1164061362
0.0665973438687
0.107564968721
0.0482860123023
0.0554849814868
0.0707082142155
0.0672356554859
0.0365611660793
0.181717185297
0.085727850764
0.0552582764588
0.0527276225423
0.0845166361435
0.0659256724517
0.0795570646419
0.0432288577883
0.101978544507
0.107650995593
0.097458939063
0.0938026440005
0.0782984130557
0.0386699160947
0.0585906725709
0.126627544144
0.051718383856
0.0663767014684
0.0592429731081
0.0513468240264
0.118570806665
0.0391494203128
0.0463698135667
0.0606611143439
0.0685344283183
0.0520104421566
0.0448274647833
0.0526736910694
0.0501569622001
0.0362671605538
0.0805853064626
0.0907688913232
0.0622864337981
0.0387663977798
0.0537396879207
0.0768915870339
0.0532937693848
0.0846792828544
0.0336572143432
0.0853179528715
0.0892517517679
0.0735768997694
0.1272700566
0.118767436406
0.0578163915239
0.0878099769879
0.0588973463746
0.0656093855345
0.0706265083085
0.0577653003313
0.0628535348707
0.0587530652924
0.0716300200088
0.0474370599628
0.0671370159162
0.0619941306161
0.0520175056951
0.046544650836
0.0466851054928
0.101217378109
0.061493469546
0.0584782902276
0.0512924059962
0.0706887396416
0.0966192239191
0.0686145648414
0.0791242376749
0.0445824266358
0.0791425238912
0.088783282372
0.0989168184809
0.0521441977754
0.116549689036
0.0653506271507
0.083776701915
0.0823851605724
0.0494722859744
0.0264959545937
0.0662995274762
0.0458009542174
0.0704447371827
0.0923696231966
0.052394307397
0.0951553196389
0.0531413844122
0.0869732053242
0.0563785228333
0.048559077213
0.130968895718
0.0675096045696
0.0446007412042
0.116342139348
0.129871554326
0.05822085745
0.105458903505
0.0528884914878
0.0653993751358
0.0737270580152
0.0673482073786
0.0392293693267
0.2
0.0773197570899
0.0639487919042
0.0517336498668
0.0842069504262
0.0596147616539
0.0649084284813
0.0400040617222
0.0633001732073
0.102299119993
0.0798365258844
0.0819413767191
0.064483904638
0.0505384361223
0.0544177397653
0.14248801135
0.0507004503294
0.047254367273
0.0481546431908
0.052447003389
0.111426696066
0.0370428990962
0.0508177188286
0.0508276703779
0.0729326275645
0.0693657834764
0.0490647359794
0.0502295122323
0.0533744031288
0.0303655482509
0.0702410448584
0.105061333091
0.0640612872199
0.0369667748852
0.0677234155464
0.0730672776921
0.0522711733004
0.0777858124529
0.0360055754453
0.103229769801
0.0670872127942
0.06783575249
0.106692925884
0.113312711145
0.0419801213424
0.0690669265483
0.0775012672442
0.0712476793924
0.0842399749928
0.0404989603275
0.0698097390188
0.0668906764727
0.071700322165
0.0491531706597
0.0628643171629
0.0753426096091
0.0618226280458
0.0540353032387
0.0532300038553
0.0736296358101
0.0684596252057
0.0713890019829
0.0443285306909
0.0721967684691
0.0927234558643
0.0521907130176
0.0683787391093
0.0382814023974
0.0615938440575
0.0758951990037
0.0721762381468
0.0592446232115
0.125212979124
0.0874055276978
0.089650760424
0.0906063060268
0.0586267214787
0.0336257933722
0.0777651842435
0.05263728967
0.0678495717751
0.0827108156881
0.0562790391113
0.0762188418688
0.0574312685354
0.0718530254719
0.0556671935393
0.0566964721946
0.103889517681
0.0751033438884
0.0399074629021
0.0838864473224
0.101603243266
0.0646087684615
0.119419329702
0.0540440042132
0.060491241442
0.076742731491
0.0780374761413
0.0394656309597
0.2
0.0874338032658
0.0650009128822
0.0491934694364
0.0827757302375
0.0746647930412
0.0739778632819
0.0444785696836
0.0831334860878
0.107650995593
0.0927165742934
0.107733687434
0.0781558121146
0.0520478563813
0.0529124121936
0.129754024002
0.0549783133365
0.0632807626046
0.0478382894721
0.0537050089963
0.118873316709
0.0365096676604
0.0447604174709
0.0640083741379
0.049499404697
0.0537369698044
0.0506622405077
0.0450074701645
0.04357307182
0.0403009657558
0.0757071494332
0.101075670112
0.0596363736182
0.0409523273891
0.0678047178789
0.0769382432561
0.0557799389014
0.0862149601619
0.0420095202797
0.103668014829
0.0903888815493
0.0589061834023
0.124362577455
0.0947941926262
0.0499723653643
0.0724272595269
0.065018149663
0.0656935162624
0.0608511392529
0.0596952119144
0.0628265084321
0.0661738348269
0.0674728301408
0.0460344896773
0.089083417723
0.0698560480229
0.0539239598687
0.0561503807043
0.0433347992194
0.0850822880851
0.0661148188818
0.0569521187519
0.0470367643931
0.078918907286
0.0965207118395
0.0709462798213
0.0783464832223
0.0451812414666
0.0869673708683
0.106402177137
0.105918035623
0.0561754619655
0.127935545244
0.070755060079
0.0908154199809
0.0938539837284
0.0543457157328
0.0337715419841
0.07647619936
0.0538504917643
0.0666597513777
0.0877069043816
0.0586018952662
0.0884007119826
0.0538549707535
0.0906469390583
0.0594738347596
0.0513273345102
0.126262087798
0.0793615329223
0.0446682699726
0.112771721906
0.124956203327
0.063088845722
0.111316733698
0.0493014805047
0.0620396294018
0.0701932077259
0.0805967084928
0.0391764834759
0.2
0.095956837922
0.0641116183273
0.0501337053787
0.082713556244
0.0738276713899
0.0841391977121
0.0540831745909
0.0831334860878
0.102660756584
0.0837308363958
0.0925516677447
0.0703142909453
0.0579461837744
0.0481400554619
0.125223976513
0.0531134947199
0.0590362011748
0.0573920990827
0.0496284286464
0.139283370082
0.039564425661
0.044948840199
0.0641935487218
0.0815934070556
0.0527380276029
0.0530338467442
0.0469656624106
0.0587839851073
0.0487898794812
0.073714103995
0.0962800165141
0.0660813450551
0.0410782469925
0.0674872601903
0.0762105445179
0.0564638389708
0.0858828285606
0.0416379330453
0.088426204935
0.0889179255593
0.0667307598856
0.0995610441232
0.0947941926262
0.0514227428078
0.0837846360781
0.0751308358064
0.0705938181578
0.0637149947797
0.0624668252534
0.0663521901224
0.058443697494
0.0666259054816
0.0433605082539
0.082018993901
0.0782117952751
0.0546172460241
0.0586734774622
0.0464435322711
0.0940070718759
0.0616441018887
0.0572420343876
0.0469092930831
0.0805354224616
0.0879798577825
0.0563134055433
0.0778554434085
0.0512624507252
0.0893079056343
0.106402177137
0.0929617055849
0.0607282873627
0.100990151689
0.0686411137378
0.0892201271554
0.0949399124441
0.0550473749515
0.0321186124603
0.0674931228423
0.0502991796647
0.0762005168654
0.0920770857432
0.0547966566333
0.101304475903
0.0525195020774
0.093258352751
0.0596843304108
0.0428042237345
0.119601647576
0.0810736405776
0.0478379399626
0.120284045591
0.1164061362
0.0651369422767
0.121352344453
0.0508030542202
0.0647601384125
0.0751602793903
0.0764626244731
0.0390733711688
0.2
0.0993024286677
0.0631303547995
0.0468568063137
0.0887844114808
0.0687471245162
0.0717497919709
0.045508435718
0.0863824944603
0.107650995593
0.0971765989589
0.0925516677447
0.064636106227
0.0615484648958
0.063477377984
0.140865135113
0.0485103461036
0.0547248406066
0.057233913049
0.0533494800243
0.101212533587
0.0393488655999
0.0598685329156
0.0568868925527
0.059042582025
0.0531531289402
0.0569283159972
0.0464434131495
0.0452896957329
0.0429795125855
0.0820067750868
0.089176588079
0.0621850016643
0.0381071245505
0.0678656158112
0.0730275483885
0.0562265396582
0.0802514126213
0.0406089142479
0.103668014829
0.0892212495242
0.0633756445789
0.117851322243
0.0937671791243
0.0555552283824
0.0759023132841
0.0668242272046
0.0706562613449
0.066503421367
0.0654940924264
0.0596166817895
0.0623398327534
0.0601918560918
0.0466750564692
0.089083417723
0.064866330307
0.0566720009847
0.0550767123499
0.0394353226048
0.0850822880851
0.0635344597852
0.0545954839521
0.0493633606556
0.0857088899955
0.102700797286
0.0640402605186
0.0778554434085
0.0495392606224
0.0795827009284
0.106402177137
0.0903586899778
0.058487757544
0.122633127825
0.0616364196147
0.0876978032175
0.0898028147782
0.0584759633304
0.0314238168375
0.0719630481303
0.050107990919
0.0742613708631
0.0895451038347
0.0586018952662
0.0912537951927
0.0552764254596
0.0923275964692
0.0525406681363
0.0524989132412
0.126262087798
0.0763955040462
0.0476801281034
0.104592880304
0.150673883584
0.066921390878
0.113979448678
0.0469441425492
0.0614371750995
0.0742098334141
0.0761093752889
0.0427125748595
0.2
0.0939573103544
0.0585475597611
0.0473699344928
0.0769045020767
0.0638068102536
0.0677372247806
0.048106493463
0.0831334860878
0.10786503945
0.097458939063
0.0990286149864
0.0660657631314
0.0710667092978
0.0558475945527
0.116497119753
0.0481160106544
0.0569893318239
0.0532742427906
0.0463260293674
0.133251267425
0.0360412804244
0.0436008316626
0.0622713390165
0.0944703252215
0.052226390934
0.052064535033
0.0437831308979
0.0518961013711
0.0419481634546
0.0736159176557
0.111176680213
0.0539595702019
0.0390952502903
0.062550618563
0.0776237084946
0.0614976188376
0.0827024105253
0.04640374988
0.104651920003
0.0916198419353
0.0617470879164
0.117851322243
0.0937671791243
0.0590794690408
0.0907776430712
0.0756117866715
0.060527191585
0.063003241295
0.0594970800758
0.064222052221
0.0525581389426
0.0756043352029
0.0497748706962
0.0587200613466
0.0514837491671
0.0484892844294
0.0546249533478
0.0477946626855
0.0943242418967
0.0544581083873
0.0478833588984
0.0472840449056
0.0879546494676
0.103112730413
0.0569889718664
0.0713650210623
0.0542433028539
0.0896102779919
0.0862113497769
0.105046453326
0.0580663876978
0.106491466293
0.0713088626289
0.0835056555951
0.0924485613616
0.0506491804035
0.0296302774902
0.0770109263506
0.0449286214391
0.0765413701109
0.0904746702028
0.0546659961756
0.0898134272147
0.0573132232775
0.0924963120176
0.0591327799085
0.0520405516903
0.119153802023
0.0800366575453
0.044200432186
0.116342139348
0.1164061362
0.0687565005935
0.114239187352
0.0510537808658
0.0626767661558
0.0702614880033
0.0734734572828
0.0360932335313
0.2
0.0977791609718
0.0632283575618
0.0466361456098
0.0867345473008
0.0720897407096
0.0832342524443
0.0490830394849
0.0915420505938
0.102299119993
0.0982644818464
0.0875972251511
0.0762718576446
0.0536147789421
0.0683505322879
0.14417113778
0.040289813576
0.0587160515871
0.0604528481983
0.0520236646284
0.121116915719
0.034549747168
0.0501413528438
0.060160098471
0.0626182436728
0.0527817461096
0.0573300619618
0.0462560513407
0.0509381681851
0.0437363176215
0.0732553491976
0.0826155775967
0.0589158963294
0.0364921173825
0.0653499585216
0.0800860962675
0.055869259857
0.0836945853429
0.0440938664775
0.0942436498448
0.0905479948241
0.0732766716534
0.131740211131
0.0937671791243
0.0545087967456
0.0998291178107
0.0715447873068
0.0672424950752
0.0671542448545
0.0564324270223
0.0627799741335
0.0673243334375
0.0631027707079
0.0438617634881
0.0905379745503
0.0609867738676
0.0566720009847
0.0561450992669
0.0401538188612
0.0913293855899
0.064217829569
0.0488362176831
0.0481902631491
0.0819260766379
0.102700797286
0.064237132945
0.0809236029777
0.0503854209111
0.0902334994332
0.0905541214946
0.105507694644
0.0582027462164
0.111649039255
0.0699330812442
0.0796816546232
0.0940817668063
0.0523769791908
0.0353082310165
0.0783217147666
0.0488709820073
0.0780727738895
0.0900228071411
0.0559330626461
0.113481828445
0.0485046548516
0.0885495383458
0.0610893957251
0.0472194991679
0.118660122138
0.0787852714319
0.0477426995287
0.105698811628
0.1164061362
0.0579339147562
0.101363928936
0.0493572431448
0.0630653638608
0.0701932077259
0.0724939703537
0.0422518776526
0.174569722322
0.107965618927
0.062558373519
0.0470657140359
0.0913081810355
0.0748279475218
0.0788595661566
0.0514115722644
0.0831334860878
0.107650995593
0.0857644818464
0.107733687434
0.077456182705
0.054624517659
0.0596205894682
0.0904034870641
0.0513077296253
0.0689415965999
0.0492305659816
0.0457397301838
0.146428593305
0.0343823891375
0.0429303615835
0.0494722842974
0.0836051606699
0.0577431261447
0.0471612628924
0.0485497075781
0.0491972377403
0.0437961896471
0.0792864384702
0.107930713629
0.0554594581434
0.0392235403908
0.0618989481663
0.0641093351957
0.0624918119706
0.0862264624006
0.0430648077586
0.0791704516844
0.0866953908949
0.0634095888748
0.109904336016
0.125708976539
0.0549504413676
0.0748188246267
0.0629377957319
0.0655643758961
0.0654260559735
0.0692834364569
0.061102366396
0.0584700393187
0.0637201043869
0.04091458954
0.0773774449697
0.0838957652128
0.0607509219857
0.0592398801338
0.0420381947113
0.0652726125544
0.0532178515422
0.0525347177873
0.0554944305335
0.0665316637551
0.102700797286
0.0719545607094
0.0687715222378
0.0525915416473
0.0913427013091
0.083715811234
0.0934674591726
0.0577562807085
0.12563150715
0.0619312179148
0.0823468536709
0.0842967326506
0.0552517213288
0.0278834702545
0.0793584116362
0.0396612884263
0.0730531926978
0.0858573129332
0.0578683985697
0.10131182285
0.0553327851002
0.0660691172976
0.0582413523822
0.0508286270267
0.103993593302
0.0927015976436
0.0458141806607
0.0894665505347
0.132886090771
0.0597897589866
0.121840233809
0.0441987378885
0.0561968869704
0.0747756242953
0.0767531393488
0.0363965179949
0.174569722322
0.0952733323343
0.0507810267074
0.0466341794535
0.0730384400849
0.0756773509678
0.0795199643831
0.046475777673
0.0711562526102
0.102299119993
0.0981458706176
0.102178131879
0.0581241196462
0.0563775551395
0.0525183683172
0.103203513235
0.0466760801553
0.0558141150918
0.0543357815396
0.0487482349551
0.099098747693
0.0374105553829
0.042987952157
0.0549737035352
0.0799893716415
0.0496784586931
0.0521304493864
0.0451273665118
0.0451563307091
0.0415639338856
0.0750438311798
0.113698975614
0.0560665827297
0.0404977741686
0.0613080605628
0.0769528566238
0.0535181763008
0.0695495419095
0.0412345189509
0.0764401619295
0.0799564855056
0.0514733843071
0.131740211131
0.062909067047
0.0605922560646
0.0635563889679
0.0619666143158
0.0607788960927
0.059551358071
0.0389288128243
0.0599245154826
0.0650938605612
0.0694281562025
0.0465091266676
0.0706385403001
0.0724251901062
0.0528665207423
0.0541675685726
0.0406899741953
0.0765012379096
0.0622211833032
0.0422458121682
0.0473322700308
0.078831965412
0.0909434827581
0.0604231524048
0.0689318291838
0.0518380409989
0.0936188384316
0.0889154349136
0.0951414280169
0.0546852892987
0.109043067406
0.0603798619199
0.0764352487729
0.0807867723607
0.0521384475297
0.0320131078482
0.0602819670795
0.0522265987563
0.0684195642936
0.0904746702028
0.0565727850583
0.098757102056
0.0569509459857
0.0959606545346
0.05136256468
0.0498456643281
0.110555551832
0.0870367052161
0.040375315134
0.123762569127
0.124956203327
0.0637494291402
0.109668416717
0.0466678785917
0.0627556560564
0.0777849476975
0.0746072213483
0.0385248355998
0.2
0.0899556923559
0.0592846455079
0.0484870117238
0.0900914320557
0.0765953495039
0.0795243825963
0.0514709630259
0.0831334860878
0.0993176622596
0.097458939063
0.0972104106849
0.0787208283148
0.0603406275046
0.0556415084172
0.107535802849
0.0494831042216
0.0503462948122
0.0544969447673
0.0559872549209
0.0992724431479
0.0389865043261
0.0390161513189
0.0609738313746
0.0658619502329
0.0498409961237
0.0530856479781
0.0450515061441
0.0497765247864
0.0389480754489
0.0803785555409
0.0828414316192
0.0620136928666
0.0372726707213
0.0692173033925
0.0796216660351
0.0580095521233
0.0779067190211
0.0440161006082
0.0937416167925
0.0847596679955
0.0633218704915
0.131740211131
0.113312711145
0.0615677724352
0.0837846360781
0.0691409769243
0.0654520365162
0.0639275625207
0.056587911966
0.0658316607001
0.0508374568625
0.0642487952559
0.0481427669735
0.0554303634179
0.0594645406721
0.0566720009847
0.0554835507392
0.0466327583808
0.0830742341601
0.0568121810906
0.0637535381819
0.0476794578321
0.0902563819967
0.102700797286
0.0613447780369
0.0778554434085
0.0542433028539
0.0797726740716
0.0964798888362
0.105507694644
0.0586563635512
0.111988065409
0.0686445163268
0.0844637671471
0.0964580599264
0.0454352655773
0.0325011773045
0.0708896570173
0.0487736984864
0.0762005168654
0.085889466483
0.0539964210408
0.103605992686
0.0509350688119
0.0970551751292
0.0597123592357
0.0428042237345
0.107925286777
0.0781173630577
0.0425658131451
0.105698811628
0.0876567076931
0.0653890804393
0.0935988698616
0.0441405962706
0.0573637446618
0.0759909764774
0.0712457996666
0.0407056600246
0.167461672792
0.0718978204618
0.0597404908166
0.0468049762113
0.0769220621377
0.044891991933
0.0795243825963
0.0440623544479
0.0789514955677
0.0939657866597
0.101314585295
0.0811983644955
0.0616351861687
0.050808698073
0.0644622705612
0.111643574933
0.0493768863983
0.0517425566396
0.0423401515849
0.053663844505
0.127834003356
0.0385434771344
0.0498809587589
0.0635683226334
0.0636943377459
0.0595117164663
0.0481889211732
0.0495391364157
0.0531524496368
0.0358990558841
0.0634788540954
0.100763539357
0.0677009126224
0.0369708319143
0.0638294176272
0.0706938434296
0.0492394809232
0.0732493797236
0.0393763074714
0.0995640756688
0.0658374269061
0.0665650323493
0.123824065804
0.112531003815
0.0349632710696
0.0826762258938
0.0563739263735
0.0603906028277
0.0737482979934
0.0524777922634
0.0638760633819
0.0575444610032
0.0703724235426
0.045225321773
0.0755913498263
0.0681977928315
0.0540350073226
0.0662332317906
0.0387952862001
0.0732530730751
0.052522146722
0.065624467616
0.0461170786578
0.0750273610171
0.080719017619
0.0731551877526
0.0738784907194
0.0399313159172
0.0604523828814
0.0779221156535
0.0984819353674
0.0551779716872
0.124052291804
0.0674508650636
0.0759465965172
0.0916806653208
0.062955789585
0.0345201214843
0.0614534618077
0.0508035458674
0.0816434109272
0.0904746702028
0.0564737249977
0.074584832289
0.0595145832029
0.0728146275515
0.0604322647353
0.049678861355
0.111473870895
0.0779999553903
0.0345885357959
0.0969784873988
