0.793005055468
0.788764469396
0.779579320167
0.83862783154
0.729988985805
0.824731544144
0.743048723918
0.723844794695
1.0
0.647032278711
0.760690719446
0.769842391676
0.840808280674
0.82127460013
0.793353637219
0.644277306373
0.871618504645
0.791066696881
0.664368534554
0.797088576178
0.734562908953
0.565010336862
0.62805797006
0.910674477693
0.807493329525
0.653877795107
0.755034201773
0.776115314684
0.650655384351
0.808015577279
0.645806761166
0.724571944063
0.583078608367
0.695985116971
0.730546259173
0.749063297392
0.771139746393
0.679813568761
0.643657835903
0.674957398447
0.765673177384
0.730669541429
0.809681503831
0.749821642705
0.926789363683
1.0
0.815606621804
0.575412852241
0.944258802085
0.879587826991
0.811388422584
0.677145231615
0.808232306871
0.553446745261
0.660766052214
0.806244847433
0.778925502908
0.766417584972
0.814801529126
0.622655624249
0.822744567949
0.794180024381
0.806908012915
0.618300147028
0.681061735514
0.638726303316
0.697805924086
0.844732577278
0.760716370229
0.566270564826
0.744162998372
0.673758191797
0.817961019235
0.639261619735
0.921882682313
0.902346576669
0.955990593021
0.783722723054
0.734332929202
0.809719851706
0.777511515184
0.760992773242
0.715695812435
0.836324043206
0.679916127428
0.716482264106
0.757823029657
0.711665148159
0.95679237931
0.917127455654
0.845413315258
0.665966852679
0.791347495486
0.745654924647
0.870543934401
0.718059217311
0.803579922932
0.7934828765
0.605133529022
0.813173062396
0.741704652711
0.809575972458
0.770025464698
0.8253591801
0.781982356474
0.871120753038
0.700443212912
0.727547184589
0.877757819533
0.647032278711
0.720697175571
0.811457130079
0.830162159669
0.800998404298
0.824451141813
0.685530305329
0.876377321051
0.761660629792
0.8
0.820980522292
0.751213171988
0.526306371573
0.598713074154
0.837602601392
0.782444752097
0.661485401921
0.827085900642
0.81354720366
0.708697757865
0.798693114745
0.69472930731
0.647806162017
0.591776924745
0.71688504363
0.728386217655
0.773247137974
0.848722473929
0.635447374909
0.589748598269
0.687738841971
0.771416054067
0.726665996542
0.780636174493
0.777623844575
0.733346211566
0.83282555054
0.710669522869
0.630443250467
0.825495581403
0.885937010387
0.815280989117
0.759554505446
0.572114418739
0.760099146476
0.689227904052
0.817294138884
0.73187352577
0.765690305641
0.733339035626
0.625743528952
0.742764965375
0.845834104472
0.742158155362
0.695980576398
0.800969346056
0.557947634669
0.676778061663
0.815641681887
0.731990196646
0.559317644258
0.767772809792
0.799909153517
0.709475135284
0.689966734698
0.947663291635
0.790422318373
0.762640895701
0.831259973722
0.730323393837
0.745163207792
0.829202667899
0.744951056575
0.803266492998
0.835669564406
0.647392898263
0.689218396979
0.800339415526
0.653914017305
0.877835238911
0.924121323783
0.804473326183
0.844073120859
0.84127645368
0.815111814467
0.839510149778
0.650373129299
0.857743550332
0.730784714624
0.673108502942
0.791714322542
0.814587614917
0.77960178123
0.808611832789
0.825876239767
0.840601915909
0.852047094599
0.73104546214
0.786382000552
1.0
0.647415544565
0.77724100913
0.784167529903
0.806203352635
0.745568215698
0.63935360508
0.618503290354
0.689378083358
0.71171377285
0.629262535165
0.631919224433
0.620693605572
0.628500093108
0.658942303335
0.846814354211
0.720449594067
0.584108234687
0.727058137687
0.806121808301
0.840946901068
0.716428475025
0.708708154585
0.642862976482
0.683422619487
0.869639826442
0.773134919275
0.774080280039
0.704739143187
0.590725320143
0.556524821978
0.748477261314
0.734652194641
0.65721021359
0.89988539137
0.741756116336
0.752548690176
0.767112445812
0.689023055465
0.788406747545
0.593429791636
0.809363533541
0.797448726908
0.751968800982
0.452326430126
0.604704988109
0.783174873281
0.873815756407
0.782387617213
0.542775808885
0.762173312407
0.65531734351
0.657719230065
0.834532237162
0.666121175581
0.838519605408
0.872724993936
0.585334939299
0.735354063465
0.698103113469
0.831453495924
0.654776643797
0.669780743355
0.710557831483
0.645628404016
0.567758190618
0.843399171161
0.71511939276
0.581512417759
0.771259940787
0.635819739853
0.71519318804
0.840117129693
0.911259006961
0.943598210891
0.81462799609
0.651057269913
0.770154382001
0.771878907093
0.71485947923
0.799415616198
0.827275345309
0.861287242605
0.730288976159
0.907176690489
0.630614564279
0.789106874943
0.752927689719
0.718518975065
0.758494941483
0.685427630138
0.564720945028
0.696340375701
0.838643918568
0.97633238244
0.892338567189
0.800980098797
0.919134279308
0.766541443078
0.782164769334
1.0
0.717768148125
0.806765797417
0.724583704914
0.844719555805
0.817061212788
0.782753490061
0.674270168569
0.871618504645
0.761660629792
0.759373785308
0.944003656659
0.764865645073
0.603378539843
0.587787241912
0.850222778959
0.799286276737
0.744709242072
0.760058565196
0.86056590545
0.664833539276
0.772196782601
0.713660054858
0.728397346553
0.468859022501
0.676841000567
0.837036424983
0.748055136069
0.777585940682
0.712918046025
0.606716186341
0.662539231068
0.718437234764
0.739460704533
0.865006495539
0.781218678312
0.84942554801
0.852430871558
0.799282101124
0.790378850173
0.857889562847
0.834369384433
0.76732032802
0.655016714122
0.581622946139
0.700141632719
0.70557610124
0.796168978904
0.709224068609
0.664147130165
0.689435006647
0.646410447501
0.731113631431
0.799171112713
0.86527574092
0.810955845672
0.778838682048
0.60635544851
0.693729984405
0.760424135221
0.793947234689
0.575515424016
0.769408152574
0.793319583189
0.797321463483
0.676786141781
0.961359235688
0.794703174019
0.893081118254
0.916704251414
0.723276984606
0.799915293651
0.825394774216
0.820443376252
0.815430739821
0.844643323364
0.682822145836
0.773160770267
0.846783112416
0.796860446704
0.830418165653
0.895679889874
0.862654858192
0.708370913091
0.852955305212
0.894477441848
0.857203675439
0.69410313844
0.870525010892
0.818748220955
0.664699306526
0.748869313232
0.793005055468
0.829997556052
0.828023772163
0.840043875282
0.839126129364
0.902176465605
0.788885128972
0.807139983757
0.9
0.663959337874
0.801421375016
0.737038577836
0.817736406222
0.856477625235
0.85420958117
0.705017141595
0.871618504645
0.755438763092
0.608124296611
0.807498264871
0.782628073563
0.694475597769
0.577357810116
0.870215261158
0.770006238171
0.676049510445
0.777051308582
0.833490092759
0.904556120522
0.806058842146
0.618826219811
0.732703468281
0.689159546161
0.755134404681
0.821334517849
0.751273228641
0.840642104884
0.780291516313
0.610937495458
0.609070735473
0.775761617732
0.743115794771
0.823415725148
0.750134984244
0.795957346931
0.882769435794
0.854737599336
0.693433654824
0.838468269072
0.879964245603
0.758536448631
0.655016714122
0.584362917024
0.827992877772
0.769299244024
0.808969358017
0.737272371712
0.755154542527
0.772333628867
0.621483365038
0.761159809048
0.782550907376
0.885765969935
0.848685475149
0.752148802574
0.719972904885
0.709039098509
0.801778972512
0.683105891179
0.588930410271
0.751736517015
0.84550572894
0.736106319816
0.590876012321
0.977674653496
0.870423734214
0.927904103318
0.916704251414
0.669340346915
0.774969608631
0.771363804106
0.74590702379
0.921878899775
0.92430119945
0.691253333757
0.758236544479
0.763289124189
0.757659353466
0.976328160048
0.885613060265
0.831857396632
0.876779060574
0.851322327577
0.806688428488
0.78367075453
0.636603489525
0.864846194345
0.800852947212
0.715803193603
0.758197556814
0.741704652711
0.837795180198
0.876331431157
0.870826136451
0.866226708581
0.925187665669
0.79418866863
0.775165216052
1.0
0.713549964351
0.795240340701
0.7358299715
0.835403507598
0.813233642135
0.731304199588
0.730170911694
0.847693686066
0.761660629792
0.738888888889
0.797972128969
0.694591109066
0.730553796153
0.599250317709
0.926067524309
0.763273828089
0.6517430629
0.785825512808
0.836732521773
0.721003663306
0.77799762751
0.67817601455
0.680427392962
0.529336130807
0.717977560859
0.902789122118
0.738064893268
0.75448462194
0.703703469934
0.633637577265
0.633776728592
0.737281297198
0.701155575272
0.875765708871
0.764487824832
0.818343045047
0.792216790873
0.799879775365
0.790378850173
0.841489050456
0.844985903075
0.811592502708
0.623002232992
0.557875553883
0.675429611527
0.711232772648
0.837712673062
0.773276981233
0.791134374077
0.738762311287
0.630049198464
0.702374334048
0.791586721159
0.86527574092
0.764723374358
0.76461731102
0.651160228437
0.614528647819
0.775268309216
0.745620927851
0.601570441212
0.761161062938
0.839095936175
0.817961019235
0.672989723278
0.977674653496
0.85989382587
0.868864472005
0.916704251414
0.642640550701
0.775699353756
0.844374857266
0.779209240606
0.874545325165
0.848238522219
0.695830315068
0.730162537731
0.803915113707
0.706361444029
0.865453513679
0.895804894032
0.862654858192
0.689542193048
0.872204822253
0.906460685021
0.780004204225
0.704862546483
0.870525010892
0.818693972051
0.719747358095
0.788974479502
0.904043301502
0.879895813399
0.772466830197
0.827803504754
0.82183048133
0.891907856102
0.808452824647
0.821359534116
1.0
0.662599235521
0.77194190217
0.761792882577
0.784522061789
0.777987463368
0.6398598804
0.70589415672
0.871618504645
0.786704059404
0.8
0.842678946418
0.725437845699
0.736208059697
0.626691639558
0.824488116194
0.746708724686
0.613275248802
0.786738489543
0.753689263555
0.885929974335
0.772385641265
0.691951094942
0.739264215998
0.76369785918
0.726630471524
0.859773134161
0.722833905622
0.807771172815
0.704016369396
0.604212201772
0.763549332078
0.703190457836
0.732168365684
0.851038265251
0.780045615401
0.84961300187
0.865957309185
0.917660991465
0.7172853665
0.852749093682
0.838306373911
0.811592502708
0.623002232992
0.630607589924
0.900905837822
0.802997337841
0.783114564271
0.760569260908
0.721575657249
0.766143139462
0.551782992394
0.822954307782
0.843922524762
0.643518811804
0.703782280915
0.694800926227
0.647507296232
0.738209429302
0.822345453097
0.714985376323
0.5884438553
0.697931658208
0.752911457827
0.779618441338
0.575821528014
0.929780937099
0.914347906636
0.896101812055
0.838400437564
0.714996952786
0.826714956552
0.777179888476
0.845206189833
0.855210782974
0.858674966456
0.635609631748
0.731687661378
0.865162458938
0.702576073163
0.948653880572
0.925312694137
0.853050707659
0.8335835284
0.89492451282
0.884343948436
0.833091433755
0.695924496239
0.888619489379
0.831231332194
0.678349585834
0.791714322542
0.741704652711
0.897231368641
0.889551812715
0.850734528635
0.817162895527
0.879775806665
0.74387207398
0.773388632444
1.0
0.769781704176
0.763273056874
0.718635649495
0.858972498265
0.873208894355
0.852467311401
0.726180468403
0.879736119573
0.702789998193
0.815714085726
0.781105501576
0.816393472053
0.642447498108
0.697102459509
0.879872019029
0.686379332609
0.675182434938
0.763025826032
0.812550147182
0.693049240281
0.7873673114
0.662723020722
0.686702042988
0.552182449143
0.758040886119
0.932633034823
0.752950118312
0.827272862177
0.697830466708
0.590013170417
0.639834032315
0.712049254016
0.707224744506
0.84056296412
0.773257967082
0.903215669022
0.897607775274
0.909940575306
0.75633876239
0.818818798827
0.923254173202
0.893570569277
0.623002232992
0.581126537882
0.835755234604
0.76405078196
0.793777226579
0.753184407913
0.712441516129
0.762277240339
0.6464298071
0.736020806684
0.777471786623
0.960644127039
0.714472519325
0.757259149868
0.674627751004
0.672026386128
0.804238470805
0.779474688619
0.566459575505
0.773985266995
0.707495362955
0.817961019235
0.6179460376
0.953129376943
0.869664168608
0.955990593021
0.859262277923
0.719378745305
0.754007701069
0.741748776448
0.775047260971
0.775927105376
0.872161122107
0.681588794672
0.81154224243
0.796776827613
0.711774554041
0.979772465836
0.871332694525
0.839992838302
0.919401703102
0.802740886089
0.889034818398
0.899830712352
0.628508538546
0.849268964508
0.846025150193
0.669027377537
0.763175695353
0.741704652711
0.755665877227
0.784801660755
0.841472360151
0.831455557838
0.902176465605
0.779616543352
0.809129265093
0.872848611608
0.789502046868
0.740113192398
0.691335080745
0.81743985128
0.822381409937
0.828549073495
0.661801899964
0.871618504645
0.770584404449
0.704343533971
0.944003656659
0.791057923805
0.71740872533
0.659027491737
0.676104531762
0.72061888689
0.727694942416
0.720624529215
0.730470771391
0.911579783902
0.667529579904
0.694121651377
0.625066651285
0.732531941962
0.812019358862
0.748773987257
0.760428408182
0.747980317566
0.715724529393
0.548271167869
0.735759208456
0.740521766448
0.734041033117
0.805059251748
0.698735113242
0.881511176646
0.943032009474
0.879931606133
0.656826941407
0.794347549058
0.783542183433
0.783827685915
0.790782586152
0.585292566965
0.676636874956
0.752670165744
0.794768830154
0.730804711556
0.815401270686
0.6678558558
0.622530784365
0.696031866635
0.724994291816
0.816175081102
0.915985859264
0.811063536412
0.637699645944
0.671334303688
0.714875582082
0.627807848932
0.588387218698
0.747390931154
0.687147585556
0.817961019235
0.68833527522
0.846579663313
0.799006848945
0.927516925755
0.741072103108
0.713993015861
0.795785762891
0.934335515976
0.72299929387
0.868113577808
0.802741539907
0.651924607161
0.718463025102
0.829619951236
0.660442280986
0.927001124302
0.886034487626
0.891507511685
0.861514034517
0.827504888035
0.691874077893
0.82195161968
0.618864253732
0.665493456749
0.862448016339
0.659968336838
0.69530958071
0.868786179604
0.78592808187
0.944839040971
0.806156336333
0.790832415188
0.891373481771
0.791976240515
0.778827351972
0.836424305804
0.698887881545
0.729770968948
0.717768174005
0.773509045893
0.897397241326
0.891158652905
0.764603946862
0.810076633412
0.702789998193
0.750085410848
0.869003656659
0.689472081419
0.668103284377
0.634362686275
0.794711323128
0.749315430967
0.605883758736
0.830237380845
0.830303364447
0.779309666203
0.776359060319
0.698034873427
0.707903495474
0.682491165922
0.689767831642
0.888235259672
0.732665676108
0.781565323012
0.68174059474
0.580115309937
0.766594466937
0.68832690462
0.734126739484
0.814143558946
0.813457747831
0.733475090383
0.682403403905
0.796715548149
0.606681190419
0.701099140813
0.76055615625
0.893570569277
0.535407634735
0.638754355383
0.643591982497
0.688334444338
0.801307440926
0.717664691813
0.629111589583
0.718983560935
0.63972535608
0.782288225713
0.793754403935
0.781555275951
0.862988551748
0.766706026159
0.670958411341
0.683498428926
0.679064171523
0.821083749854
0.511093192855
0.69303547612
0.838196103413
0.78869117794
0.606726421049
0.912222300534
0.862283457299
1.0
0.852058561418
0.74672432793
0.796169012572
0.773379500283
0.777695937486
0.814384961619
0.834037613276
0.600337944563
0.732860357812
0.740244158965
0.738494089191
0.933082645936
0.925312694137
0.851219700746
0.773729234069
0.902346191723
0.900919468399
0.753031026486
0.671205248369
0.839379910486
0.822112308348
0.580035447937
0.845402455895
0.793005055468
0.859828865056
0.850735402433
0.81719839342
0.844342648685
0.926008508864
0.777694706691
0.748757147067
0.9
0.651029121739
0.759453980536
0.746300341778
0.820394382423
0.899277765236
0.814135564826
0.766582336445
0.871618504645
0.669993963125
0.8
0.840735495577
0.810570061498
0.723017946622
0.626235691802
0.806815638565
0.752951132593
0.607755250702
0.8032210799
0.872764252151
0.767620456953
0.799424932772
0.686179199739
0.733759240664
0.566292055135
0.734090498261
0.885609641177
0.713257272015
0.809141130359
0.661495320581
0.63138256564
0.630047818291
0.736385938902
0.710510249488
0.877608961666
0.802706107073
0.801574425122
0.773884801038
0.844093076464
0.741272361542
0.783308051863
0.845362321687
0.893570569277
0.751968800982
0.575096201808
0.81814365004
0.738105062385
0.800694536285
0.799307992814
0.732548454476
0.761735140671
0.540448523897
0.735370643891
0.849430373908
0.672751279413
0.744694587524
0.757259149868
0.666558035112
0.700673725094
0.779795631028
0.706348323111
0.620326798155
0.759779368345
0.819645382731
0.817961019235
0.661662623849
0.977674653496
0.914347906636
0.825053072841
0.862952832087
0.719378745305
0.783119758762
0.779251616383
0.80241391932
0.888996264096
0.888618787282
0.612274379101
0.765003979338
0.843715466927
0.688674927211
0.976328160048
0.888132830126
0.823007171046
0.869849652344
0.853205248128
0.932080283193
0.881118610503
0.636313283871
0.799508043012
0.838027638807
0.714977364794
0.763175695353
0.627252178441
0.774864793708
0.783112009666
0.760074074091
0.747870514429
0.882402635666
0.735897840005
0.81461817022
0.859275645579
0.572759961945
0.721300737367
0.73445110773
0.797474670178
0.54404176033
0.805028738606
0.681985582932
0.706198988064
0.628865549999
0.800244568393
0.675203504652
0.674314527285
0.617770734589
0.697395482212
0.813228658878
0.751375624994
0.581931682345
0.659065191644
0.797161142999
0.871562085729
0.705401067889
0.661116539702
0.65053567462
0.558110324856
0.783563060823
0.747961594461
0.764073557411
0.743249218276
0.6447705477
0.509294150912
0.649998009026
0.788204686327
0.607833072799
0.807640465211
0.735466420893
0.666359331779
0.706068447455
0.760342619188
0.771911123951
0.649389736106
0.862806799719
0.904123646967
0.748451117999
0.44667615185
0.708816383023
0.599738983689
0.791974456124
0.705337270145
0.619799719387
0.712150498785
0.616832716329
0.66335762214
0.771562616252
0.808120253058
0.695068750181
0.808898036224
0.668454917675
0.70327302008
0.682433726742
0.716412979271
0.603528755763
0.668487875865
0.734382926291
0.630882102007
0.61435448923
0.90549166629
0.722730614269
0.624266071601
0.79116225625
0.726409445815
0.695619973844
0.837695373843
0.787238536955
0.762608579534
0.933884248152
0.69348872822
0.790511541218
0.675488457746
0.704100542808
1.0
0.925312694137
0.87314606885
0.745217957785
0.906270904696
0.550091277234
0.864221002661
0.687205556121
0.890551304776
0.781047846469
0.598788486072
0.701309590281
