0.197151125333
0.120336983806
0.165072747194
0.102736349572
0.109080661241
0.146854499754
0.146008983792
0.108567536329
0.236835317659
0.15398391036
0.137197013366
0.133093169698
0.170970142094
0.126111574883
0.130895391301
0.120700385831
0.149536547471
0.161271939757
0.130192463998
0.16202712234
0.154536566541
0.11156971946
0.127563694571
0.178225025316
0.120019656301
0.119252736983
0.141447010363
0.107359371602
0.177962577394
0.106100672565
0.102733535243
0.135599712872
0.189813050751
0.123201387044
0.117831462089
0.102788660791
0.115245093728
0.105730776276
0.167411543601
0.168942065042
0.145991768597
0.117764989404
0.149797028482
0.147740163419
0.129667413294
0.138780732289
0.104089169448
0.160901299851
0.188998509576
0.143618436563
0.175176585369
0.175961421664
0.14578133311
0.131952699952
0.128467445827
0.152550543769
0.112942568948
0.126983971265
0.146036870305
0.113496029153
0.171311496054
0.114360234633
0.136157384507
0.110601095674
0.101298608149
0.126639716524
0.126300452428
0.159354770176
0.150974497214
0.130754379151
0.111364117001
0.150804021009
0.164555895115
0.132644248361
0.116790948101
0.107375324601
0.189194602305
0.155323531493
0.180825689882
0.136116225013
0.198534535052
0.125921850031
0.134153320304
0.173340632814
0.1451472738
0.0849410631265
0.148431532077
0.120665395213
0.134911632711
0.145144872969
0.125073858668
0.169607805725
0.12843060946
0.151380385961
0.117150123924
0.129502315089
0.201333298397
0.121711011854
0.132604565449
0.239681219013
0.187447508893
0.125785553916
0.17026357434
0.101156182114
0.115610586692
0.145532155336
0.140358128078
0.104042454432
0.232368334062
0.15398391036
0.132636302452
0.132240269788
0.164733659102
0.126977242148
0.12622207277
0.130236195939
0.164513504537
0.155265092796
0.143023093628
0.173501780708
0.157295642172
0.0918700785495
0.128119863081
0.186820174626
0.119260738478
0.115841710832
0.142419252923
0.110987335956
0.191326194683
0.107723576149
0.103186768139
0.136840713045
0.177449802683
0.117813026851
0.1167569884
0.109689177679
0.113675327397
0.09972978497
0.175572192533
0.168960875824
0.137537975048
0.106722162264
0.14116711775
0.146957426281
0.127308496057
0.133670446211
0.0924134121051
0.175157907142
0.186827771705
0.147098493179
0.175377766186
0.184275494407
0.130969180827
0.162897611841
0.114982943623
0.13971307066
0.127387134313
0.137192709495
0.131505637969
0.108192671469
0.173900730589
0.118936014897
0.120865029726
0.120865595915
0.107141399197
0.110816983331
0.136540991244
0.158574648929
0.149816660985
0.1522559753
0.118644413086
0.149268169773
0.155068748179
0.138061399661
0.127409802526
0.107097743896
0.177598024316
0.146890845705
0.173655638379
0.130897174594
0.206521895928
0.124322328
0.159081888856
0.167550665706
0.135429495243
0.0813511051934
0.137892523654
0.120651028984
0.126022228599
0.148860346264
0.119073808318
0.179473777834
0.129830295118
0.151809732492
0.121950882071
0.1245984609
0.218054195623
0.118379761237
0.133129053832
0.231785345198
0.181240832255
0.125771987892
0.163391029843
0.111512391201
0.121020293725
0.155250696014
0.134752407232
0.105845103151
0.236835317659
0.153591101379
0.1383245362
0.132008739625
0.166426928945
0.119493328754
0.10992819904
0.118282855398
0.127834373829
0.151661535562
0.123255470125
0.172103829432
0.144033377889
0.108075284454
0.126123730202
0.192991738111
0.121378736595
0.112460895564
0.13090881272
0.115923990204
0.18552533303
0.100288347217
0.109167366052
0.124488275746
0.181235151323
0.129764371052
0.117747778899
0.115575704159
0.117986481554
0.0903906318781
0.164896800729
0.165328570571
0.14022500656
0.111890393914
0.154545477194
0.149091352637
0.131408005128
0.126481943047
0.0975628471702
0.189150268806
0.170210030981
0.143533755027
0.16403041505
0.191685459807
0.105988955743
0.13733814133
0.135347113569
0.151324268541
0.146216625695
0.122812309907
0.144059190753
0.116482817141
0.16236182586
0.122592138778
0.115452209192
0.130356850283
0.118756341821
0.129908483306
0.143614283683
0.134693497034
0.155571972332
0.156278386926
0.112447427485
0.149030125421
0.158254975753
0.120570306757
0.115559359381
0.0982706612987
0.146126079539
0.128488119091
0.186198011016
0.132664709687
0.205624992355
0.143548329598
0.158737570771
0.182759557813
0.142349060548
0.0960522962181
0.144099203077
0.121185676134
0.131485210448
0.142239361031
0.123650292809
0.15835772527
0.136351352563
0.147343641556
0.118985933545
0.126556590288
0.183621351639
0.12337744178
0.125179679142
0.185114074643
0.17250615033
0.12681727292
0.182520410983
0.108673877291
0.120837381291
0.159601239559
0.158094628919
0.104542365873
0.236835317659
0.157325024918
0.144734870458
0.127124790016
0.164011122635
0.124713182965
0.118508979916
0.126078480298
0.149536547471
0.155265092796
0.134542979141
0.193532346618
0.166489119869
0.105875500393
0.123586334206
0.186571202072
0.127106100668
0.125543357991
0.125210881988
0.115261823475
0.180677099008
0.103731185806
0.102665637791
0.142250221931
0.14710536938
0.117185803582
0.121559938689
0.10205578838
0.110297597209
0.102358232631
0.166540025921
0.165922257797
0.135382560761
0.114335932782
0.160257034425
0.153346460949
0.129301463617
0.133255897168
0.101470473487
0.189320568832
0.186358127166
0.136619124424
0.177897111443
0.180600029484
0.14074354055
0.1391697816
0.127171141692
0.150873244314
0.116215065933
0.138207273798
0.133257857934
0.113523203657
0.164339140311
0.119065219387
0.138982481092
0.125171888646
0.106603952571
0.124676517345
0.134362207635
0.144213637203
0.154701127864
0.136480129196
0.110500798628
0.145370581863
0.156499835182
0.130400238603
0.125347703062
0.102153787051
0.181361702176
0.164265793136
0.172367929456
0.136434595549
0.204111211483
0.12591859352
0.164451968556
0.187797641116
0.139620536628
0.0958528889338
0.148750781518
0.12370610764
0.12395599164
0.151703409683
0.128371842239
0.172005711619
0.129818732921
0.159176530441
0.122126131078
0.127591147964
0.221626027751
0.127320053115
0.130747821432
0.224687642793
0.197151125333
0.126560672081
0.171475985755
0.10263704392
0.124324146299
0.150602041522
0.152018096801
0.10341156155
0.223022073537
0.16158083568
0.143149159732
0.128690922394
0.166809678266
0.123334547444
0.129318844099
0.13400261464
0.149536547471
0.146881491148
0.134863442656
0.171926789819
0.159624288627
0.115049100525
0.122714139768
0.179669688175
0.119032154502
0.123103774651
0.140900558206
0.113126881093
0.202233243914
0.101668309599
0.100860215943
0.143189325903
0.185942558935
0.118844651875
0.125320923559
0.101181148923
0.125563265713
0.10942201865
0.171620814179
0.163506162693
0.143173919176
0.111995647448
0.153159162374
0.146049342166
0.133349650246
0.136461830387
0.0990594293406
0.171953876872
0.192104086108
0.142291149268
0.157603457702
0.180600029484
0.147953566566
0.156755717583
0.134454661405
0.154388066461
0.119539621002
0.136704990453
0.140218968583
0.10730263189
0.169393952003
0.116901184731
0.130864108283
0.131053324301
0.108439895082
0.126695631271
0.13369415536
0.14733586087
0.154112245593
0.135149511365
0.114602090042
0.153635956239
0.147058293075
0.124788268237
0.126041911106
0.108480087098
0.188199800449
0.164265793136
0.159821611107
0.135935292801
0.175588446154
0.131448823787
0.159994731744
0.181904383586
0.144010639568
0.0943185820017
0.141235786082
0.118840819171
0.133353565282
0.148079033642
0.122379995366
0.196747195081
0.127550530763
0.156560082498
0.12498861065
0.120322065635
0.206251954547
0.127860739242
0.137196606681
0.231292389655
0.187447508893
0.127341710897
0.176443917856
0.105617123448
0.125204285152
0.15556564663
0.147297024727
0.104274877224
0.236835317659
0.169807735214
0.14228422849
0.127743788449
0.170405875717
0.128167351165
0.116877087759
0.129101177347
0.155712388083
0.155265092796
0.144825569889
0.172429523647
0.156535618324
0.119658310473
0.128725334896
0.191262705129
0.117519475124
0.116977585098
0.136322630285
0.11273216087
0.179730897296
0.106416076352
0.113847771495
0.137164694298
0.164848775686
0.1173552608
0.127604375496
0.103924422215
0.10841142745
0.102343315699
0.175396157783
0.160184672024
0.141323272794
0.106809711432
0.161172316629
0.150809754419
0.130234968989
0.128230931462
0.103407229544
0.189320568832
0.186851081195
0.141195050805
0.177540061012
0.169394027826
0.142359624773
0.14542090468
0.130813728819
0.147869136302
0.119514705383
0.146037455915
0.133296504074
0.110424463023
0.162527370081
0.120917623573
0.138982481092
0.113445280994
0.111967970323
0.1230967321
0.126082158591
0.146746405409
0.156076809761
0.133794710533
0.112567658118
0.16002941293
0.164555895115
0.13342710116
0.126041911106
0.112930285659
0.178001343164
0.164265793136
0.162488284563
0.135055874516
0.201661866672
0.121243465966
0.160602085272
0.18109938221
0.145684168393
0.0882460605445
0.15070992474
0.120459640958
0.132938743629
0.148849577765
0.128371842239
0.175875546826
0.132959229375
0.153061294458
0.120336748288
0.126788428589
0.221626027751
0.12468756794
0.132790121454
0.225055129853
0.19886618362
0.132491794697
0.176114067763
0.101605651471
0.128517479272
0.155104401206
0.151052570127
0.107144628285
0.236835317659
0.161630270731
0.141820328276
0.124315855382
0.159574560513
0.124487458107
0.110065031444
0.129919933506
0.149536547471
0.159427217706
0.143023093628
0.182893421512
0.148666636845
0.133884053073
0.12706494807
0.170832686243
0.116729813298
0.109550467424
0.129270371338
0.106962270482
0.195837075483
0.102326690474
0.102499449157
0.138278169691
0.195253343209
0.115019417442
0.12278638678
0.103792821534
0.121094427736
0.105128378738
0.167495108773
0.17763327975
0.13679698182
0.114684594226
0.155646843181
0.149742106377
0.133365212226
0.128249889166
0.104478427805
0.191426347706
0.188539944811
0.135305086048
0.177540061012
0.169394027826
0.148940340837
0.168068273352
0.134237438889
0.137447928911
0.116038741486
0.138362599064
0.13715808694
0.0978961754616
0.175765547599
0.120385936232
0.115149795789
0.115237887124
0.0998546843638
0.121327611497
0.138360623432
0.156506260026
0.132575121314
0.137128837209
0.110943889273
0.158764245401
0.162878296352
0.131763756111
0.119917932851
0.109176391346
0.183621861808
0.142142508322
0.176137687583
0.137613706283
0.18339701759
0.131119072531
0.156161638801
0.186134247316
0.139811357777
0.0845316612692
0.140327129422
0.115561756366
0.133571631364
0.150585863498
0.122595576338
0.179258640006
0.137610228751
0.154248802064
0.124843861811
0.125174341228
0.206453838132
0.126402708898
0.128850515618
0.231785345198
0.187447508893
0.131708369969
0.174500551763
0.105534206831
0.11709976248
0.153044800144
0.151597363181
0.105577047223
0.236835317659
0.171833893576
0.140690572415
0.127846679273
0.16726490407
0.125596010896
0.12549993313
0.131772400964
0.160676110347
0.149171003855
0.1426037155
0.169620614616
0.168186142415
0.112395942398
0.136848111384
0.198244101172
0.108835627529
0.116821613264
0.146002856062
0.115153679419
0.19317004852
0.0975375046731
0.104024236628
0.133978694722
0.150407084532
0.11223202263
0.125392070682
0.102240825506
0.122500979047
0.107237479201
0.164950802301
0.164402030626
0.140416319192
0.108341614901
0.160670176864
0.151884394456
0.131364948185
0.132524190514
0.100901463033
0.176996709637
0.189891735454
0.146916095522
0.189029460573
0.169394027826
0.142541795607
0.179907882004
0.132535573213
0.138331363597
0.126201537494
0.133689467603
0.135758806004
0.120337048913
0.1636169708
0.119678609473
0.141705967656
0.115616992399
0.11145821515
0.126161706429
0.126378562615
0.150875690113
0.144839010656
0.137854804377
0.115362248721
0.150047997902
0.164555895115
0.133969472276
0.129211719057
0.109088924925
0.189194602305
0.151815043302
0.176998972342
0.135937794718
0.195019111677
0.123452046639
0.147757120366
0.190529846334
0.141871980764
0.0955547533454
0.152829576922
0.117989392522
0.136493317263
0.14285234825
0.121382284819
0.202278826072
0.126172691711
0.150748283131
0.125957740186
0.122743812719
0.213388334832
0.124226201112
0.137484178007
0.220685976576
0.187447508893
0.11880747027
0.16390453246
0.101877479262
0.118271084083
0.150602041522
0.144548769983
0.110273017239
0.19820513185
0.177543644476
0.140331133594
0.125323117417
0.171844025121
0.124672558145
0.12318045203
0.131657608292
0.149536547471
0.155961845746
0.142719468854
0.193532346618
0.16020607385
0.111827940779
0.128187058651
0.155639567861
0.121268121324
0.116910530034
0.127680429487
0.104763646931
0.215296347521
0.0983219886962
0.102959113333
0.122020714382
0.191263034823
0.11695150148
0.117888219614
0.104430551169
0.114991150157
0.102757696206
0.175155080538
0.178707572155
0.134270046425
0.112032219876
0.152445549484
0.143697121229
0.139143648528
0.136266595083
0.0996259676553
0.159072916752
0.182548936868
0.143738478334
0.171146383194
0.199330055733
0.132575342858
0.150186575751
0.127944090387
0.145158221123
0.124574390175
0.146752243986
0.134993486675
0.108559555817
0.163582536406
0.116121144504
0.127911613645
0.139766856895
0.116122497277
0.129437977375
0.125703755837
0.12344714218
0.135573117851
0.130848143216
0.122585671669
0.144230166979
0.164555895115
0.138190295306
0.113064634159
0.108954951877
0.193588837346
0.144593735081
0.164690202104
0.134253314176
0.203284634156
0.120453409313
0.15589108071
0.168789750709
0.137916141196
0.0861576515726
0.148250059091
0.103328332743
0.131298948601
0.144074296458
0.12595562801
0.184999463053
0.131159513677
0.139582631466
0.122870794946
0.123933451928
0.194567762359
0.140150900459
0.129457129486
0.20332267574
0.186070509659
0.123878923311
0.180301866258
0.100448753396
0.120048371596
0.154443014772
0.152594561668
0.100376840468
0.210408536699
0.162917231343
0.131357973988
0.12326487527
0.150217293797
0.13304682215
0.125625129905
0.129396100796
0.141303927924
0.149171003855
0.146464604303
0.185774298863
0.134698261341
0.11294898963
0.125698227505
0.162042480756
0.117205455574
0.107690031298
0.136464309873
0.111588418935
0.159851150564
0.104008774547
0.100957324566
0.133975953745
0.179100449374
0.107739050444
0.123120140523
0.101709294706
0.10631964106
0.102342860218
0.170255619744
0.175573630444
0.134084258464
0.114751760667
0.153629176318
0.146608028811
0.134309902904
0.11748828975
0.10123818915
0.158030408991
0.18113061786
0.124453067999
0.189029460573
0.13758779341
0.14614081103
0.1352437859
0.126157887669
0.133399567729
0.113935622562
0.110853633005
0.132616911223
0.114683168843
0.175218420916
0.121393576955
0.126436194852
0.122298869473
0.108134503948
0.117347229824
0.12912811493
0.13024024399
0.14734423545
0.126438244285
0.1206658266
0.154213973699
0.156811884037
0.130992714897
0.116475156048
0.110472665916
0.191542094312
0.147001664991
0.178919754733
0.133608874509
0.182683257668
0.118999047388
0.14772594825
0.178722640242
0.137140412028
0.0922865587986
0.128918017778
0.124433621008
0.128472027658
0.150585863498
0.125776441783
0.19003097611
0.134071465647
0.156854286553
0.120146087153
0.125189704291
0.201041266053
0.132767542783
0.121271631739
0.235834156587
0.197151125333
0.126395969121
0.170131891504
0.102104162972
0.120436395025
0.156541345765
0.146309995285
0.107650453811
0.238276329598
0.155725788285
0.138184960488
0.12973000268
0.174655196338
0.129789201243
0.123951923037
0.127807227895
0.149536547471
0.145255801631
0.143023093628
0.178946324051
0.162810421803
0.115908958642
0.126234302429
0.165511859295
0.117604363579
0.111482353858
0.139552681204
0.119830982688
0.165720294472
0.101913963037
0.0972906604607
0.139476278073
0.153092849351
0.110682713447
0.124992839128
0.103334327223
0.112733630962
0.0994244498581
0.173961719323
0.152656610378
0.136894553377
0.109220069912
0.16062890241
0.149528554024
0.133149175852
0.126847646547
0.102114806499
0.178564262031
0.180373015956
0.13986776351
0.189029460573
0.191685459807
0.149607268343
0.159791298004
0.13005050943
0.139390998445
0.120172766076
0.132742114822
0.13990332407
0.100267728336
0.16623982338
0.120720251975
0.114668339579
0.114582570384
0.11145821515
0.122564230881
0.138107257476
0.141368251072
0.137438068746
0.148038384051
0.112189731098
0.156128986718
0.164555895115
0.130270416651
0.126041911106
0.109176391346
0.176315720632
0.153889938236
0.176998972342
0.136974212447
0.189468418614
0.126080936173
0.153651043338
0.196817447317
0.134843235218
0.0901780567502
0.142711301606
0.121438156245
0.133353565282
0.144869482698
0.124692127392
0.197316935111
0.13138091763
0.157639338644
0.123050721306
0.120204945968
0.193775104467
0.123115787906
0.127155072032
0.220685976576
0.143640545217
0.121209144282
0.150748663186
0.099899225948
0.115308907449
0.155596187864
0.146690825948
0.103036064389
0.207238541997
0.130559308629
0.14145380255
0.126758013065
0.156108436124
0.110271408369
0.130833400036
0.115068847448
0.136598987663
0.14823262912
0.151543901357
0.176497965293
0.136929486627
0.106964072301
0.133328770744
0.166694802254
0.120746609982
0.121136412706
0.114379014592
0.116382091653
0.195163551659
0.104845574703
0.105960703107
0.136635877929
0.157606781726
0.117214968065
0.121941417851
0.114102196064
0.122864669107
0.0980529888771
0.159117446664
0.16218724139
0.14546365711
0.107824953453
0.147917839136
0.143713037732
0.126219711064
0.127727495793
0.0997618515484
0.179799171305
0.165073107095
0.13925146256
0.177139435167
0.194370918041
0.105746530176
0.142150677984
0.111981862708
0.144255872539
0.140848694375
0.130976505774
0.138949211191
0.110005365395
0.167581535244
0.116968439503
0.129653923649
0.122983507893
0.112003848491
0.140256208973
0.122893719754
0.131528387217
0.142002411299
0.145797488215
0.11307869929
0.154479894153
0.151262443356
0.139366833255
0.121789514886
0.101159447428
0.151382919921
0.133118892838
0.173169243899
0.134743516497
0.197632793353
0.127143436378
0.142440615355
0.178615168623
0.150363654265
0.0951516178718
0.141152975731
0.116053787327
0.139252913911
0.150585863498
0.126263449928
0.177398501054
0.142578091295
0.151583412659
0.123781166885
0.120416734025
0.200510986259
0.127433688538
0.117124489302
0.194833639557
