0.168134749307
0.0777747333171
0.130218538539
0.0630952167256
0.0588638958034
0.092123515705
0.101123384136
0.0548464002338
0.2
0.102638452127
0.0737725139518
0.0683086394202
0.126750786616
0.0786375657229
0.0903572160914
0.0696498096919
0.0988751054179
0.118030658363
0.0880083180482
0.0988987581444
0.0909497332115
0.0686241766741
0.0776364775259
0.148834486121
0.0730516405993
0.0778793618765
0.084698363479
0.0583758799096
0.138134473599
0.0539452374887
0.0592263529922
0.0762537240579
0.111097284284
0.0734517576576
0.0673218718987
0.0588691955118
0.0622150839752
0.0559645950746
0.0972149240621
0.110683898433
0.0831948310416
0.0607732843768
0.0866676993499
0.0972377690948
0.0750779821605
0.102663011594
0.0518757001889
0.0873036747571
0.127201994099
0.0880607084691
0.137657316932
0.119822782238
0.0950054494751
0.0871231396309
0.0845628504248
0.0891702802873
0.0772161378149
0.0734780599489
0.0926684369294
0.0670220672804
0.100626303637
0.0647908958279
0.0862299178481
0.0656660168163
0.0575707263808
0.0725307311572
0.062649011652
0.11231974861
0.0967556215006
0.074737887937
0.0625958191011
0.0967507792451
0.125804760588
0.0848298227687
0.0754108773877
0.0570237510312
0.109698726199
0.108539102156
0.127340853421
0.0796787466655
0.144120779107
0.0880495794211
0.0817909045421
0.131804427166
0.0878114456486
0.0416859292197
0.0976769542518
0.0678660066701
0.0816931420534
0.10037891166
0.0693730898945
0.109119774476
0.0648787582623
0.107910591939
0.0719359134023
0.0795508544515
0.14037386646
0.0915039864103
0.0662111898401
0.166791323712
0.15265014951
0.086974015763
0.134301794329
0.0580248671951
0.0644665459153
0.0975897425662
0.0900968100259
0.0506362178707
0.191103127813
0.102638452127
0.0723601108588
0.0709097070488
0.121008886953
0.0730837422253
0.087114990045
0.0782434284003
0.117003467924
0.118030658363
0.102324019172
0.112613058768
0.0944267841644
0.0547192882647
0.0737953596574
0.154725802313
0.0694240548112
0.0774000342963
0.083510179296
0.0622967380158
0.151750885223
0.0558747729497
0.0596466173774
0.0801912942914
0.103643270608
0.0718282725677
0.0634668413347
0.0648325151638
0.0639970300964
0.0527461390015
0.105722379917
0.109220976278
0.0765381533632
0.0528666151526
0.0731199148934
0.0976030391447
0.0732427604638
0.0969705509043
0.0431747175057
0.103073919261
0.122336042157
0.0936401735372
0.139052988468
0.126214865023
0.081986479115
0.115287810119
0.0695229272887
0.0776437692687
0.0830006491034
0.0753082981682
0.0826032710972
0.0651741103839
0.105850273452
0.0651685665323
0.0760300394344
0.074841013769
0.0644119425718
0.0570267168226
0.0713961957385
0.113259246794
0.0916774623082
0.0921249847032
0.0679407807003
0.0905729459944
0.116482283661
0.0866742070813
0.0854838548544
0.0538013990632
0.104654291549
0.106949037579
0.121191512799
0.0716833512548
0.152313862507
0.0830430954437
0.102249959213
0.122511019513
0.0761035618594
0.0391887590003
0.0899071210535
0.0643863245529
0.0810179256213
0.103232089034
0.0655618214015
0.119680263983
0.0635924112901
0.105279623717
0.0746406666964
0.071773842848
0.152525304399
0.08602333496
0.0699302455592
0.158989502929
0.143139044326
0.0789454502389
0.129067238582
0.0651257286725
0.0737198959539
0.103079965694
0.092053614944
0.0521775960812
0.2
0.0994933155083
0.0798388987354
0.0696331070907
0.120515319556
0.0693557547768
0.0695031258281
0.0679851131416
0.077647815608
0.112678782763
0.0827696329209
0.113846643228
0.0808179820651
0.0709295131824
0.0728341396925
0.16100269167
0.0709429944906
0.0672711072647
0.0716229228393
0.0655921436457
0.147606100007
0.0519518492309
0.066399847152
0.0657007767341
0.115661465176
0.0825345083822
0.06885523529
0.0639581872339
0.070616927259
0.0445314961294
0.0987810283117
0.108623219548
0.0785831422744
0.0525502679494
0.0889375438963
0.0954243722354
0.0728884521043
0.0909168309725
0.0481729768985
0.120580333691
0.103409987852
0.0897071714882
0.122957246611
0.123242615966
0.0669231661253
0.0947564748373
0.0920670898507
0.0844508391559
0.0995614830188
0.0616293327579
0.0922477316919
0.0725340797537
0.100269384612
0.0671385925894
0.0697725652859
0.087110074094
0.0707834585196
0.0733042259382
0.0810900712418
0.0894725258792
0.104184950108
0.101919041998
0.0615316170565
0.0957390067764
0.11544949318
0.070602191235
0.0744269439815
0.0461208156437
0.0712930565937
0.0878980238563
0.113441610666
0.0765581298125
0.149439991259
0.105344495585
0.100777083772
0.132775189339
0.0806068565366
0.048300049974
0.104030167118
0.0676402824112
0.0824795290407
0.0921740964436
0.0693436695074
0.0997449125351
0.0674491804754
0.0926047427237
0.0728243401559
0.0798143581731
0.112233960695
0.0917751628715
0.0605021557142
0.118956113211
0.134254316987
0.0836343754387
0.145035838924
0.0670190103598
0.0689038359101
0.106327086522
0.106376911642
0.0526703568081
0.2
0.105689976981
0.0822469021076
0.0666647609577
0.12024848468
0.0803340401662
0.0800150535943
0.0755195040709
0.0988751054179
0.118030658363
0.0975816544024
0.13157366089
0.0990743018231
0.0680881536374
0.0663314883694
0.157559209829
0.0758100606666
0.0816989162827
0.0673381022858
0.0653883401484
0.141403579471
0.0514459540307
0.0587244012025
0.0821070739033
0.0860073565528
0.0724620199849
0.0677876536816
0.0573040041437
0.0574392169209
0.0518377610061
0.102011157912
0.112275793926
0.0740729704944
0.0566217086687
0.0895925735957
0.100482944257
0.0740779954373
0.100046194184
0.052050303005
0.115107805232
0.123510346354
0.0811874675874
0.137828785305
0.114719838921
0.072465752387
0.0976433769095
0.0800418296216
0.0837767528491
0.0746407804945
0.0793137692169
0.0853046762736
0.0714410112225
0.0930843534518
0.0649208582201
0.0927745777252
0.0802787255095
0.0625302541278
0.0709323380276
0.0700280496117
0.0937591890302
0.102915916185
0.0847643342127
0.0626868626911
0.092772968656
0.119133291519
0.0826833909264
0.0850207957582
0.053817873484
0.109555118112
0.120732459186
0.12596526051
0.0744687326437
0.156346704827
0.0880321588839
0.104281564214
0.138125120467
0.0810326375614
0.044901572719
0.102414036638
0.0693846704815
0.0791877141001
0.0994049445145
0.0742186190576
0.110740140398
0.0641208391446
0.109557961896
0.0763647038589
0.0738541702635
0.153558846173
0.096719090335
0.0672778912866
0.151965217346
0.168134749307
0.0819398412494
0.140264997229
0.060704415295
0.0715616178257
0.100630831994
0.108387033745
0.051648159761
0.2
0.111159027397
0.0806863727449
0.0679196132447
0.120540283514
0.0774113954258
0.0905181982065
0.0819610882817
0.0988751054179
0.109977257936
0.0870829587232
0.113910464368
0.0966446072103
0.0754852793415
0.0657234821729
0.150501418174
0.0719882225969
0.0778688678205
0.0816463895156
0.0626126020686
0.172730780018
0.0526608296209
0.0581539024333
0.083035735831
0.125307334148
0.0743757925967
0.0702800813342
0.0590190393459
0.0738439078967
0.0632287444597
0.102130542307
0.113225999348
0.0801080030773
0.05693703116
0.0862193597583
0.0950639575422
0.0775084923024
0.100117037383
0.0509286491164
0.0981612649182
0.125341575964
0.0880069343817
0.116344545446
0.114719838921
0.0805190889461
0.107558340962
0.0898396967566
0.0862525617698
0.0744241127263
0.077892158544
0.0890258129674
0.0637108738895
0.100033586836
0.063341821989
0.0884525594862
0.0908362222951
0.0641779754735
0.0752864047776
0.0716077478582
0.102527128238
0.097164952711
0.0786046573932
0.065428207198
0.0998060334517
0.107550959285
0.0757050330017
0.0838175845142
0.0559796462298
0.110395234631
0.120732459186
0.114679750892
0.0801702849841
0.126669431095
0.0871727229458
0.100000259234
0.131909029865
0.0816719067706
0.0452373265786
0.0951205953329
0.0664020943974
0.0831157640894
0.10363746791
0.0716852889587
0.131409711955
0.0623050876273
0.110677208494
0.0773714565269
0.0676413279272
0.142474965951
0.0948907534049
0.0651482012339
0.165132851298
0.15265014951
0.0869558413575
0.139774040646
0.0622059890105
0.0731727328806
0.107538323613
0.102791540603
0.0537898355303
0.2
0.114504618143
0.0810237921044
0.0657263840115
0.126617001108
0.0750448688071
0.0790774729329
0.0775607982136
0.103239818606
0.118030658363
0.102582243524
0.112322775051
0.0882121914803
0.0815370207553
0.075077174174
0.165482685189
0.06850868321
0.0746187100007
0.0756963848141
0.0648010208266
0.137507951532
0.0550409785717
0.0710037518059
0.0733418948182
0.0904469646726
0.0751185302631
0.074811569395
0.0593804172807
0.0580532164112
0.0539741991095
0.108408196494
0.106747384365
0.0772037461854
0.0525808673397
0.0900509676426
0.0962078567807
0.0767933836697
0.092722242036
0.0514465945689
0.115107805232
0.123487231905
0.0857097821358
0.133873521826
0.11084630452
0.0806285390143
0.103105729335
0.0818714306391
0.0821132831244
0.0769867990147
0.0829309713025
0.0805361415657
0.0689238032479
0.0894656782376
0.0671640377804
0.0927745777252
0.0745445308302
0.0668302760247
0.0691704239301
0.0648317454102
0.0960768144849
0.104034404799
0.078227648769
0.0657177723083
0.106701909553
0.125804760588
0.0808959266092
0.0838175845142
0.057989423558
0.0988017336321
0.120732459186
0.111657888352
0.07636258162
0.14749289246
0.0795750331344
0.105069289869
0.133713124941
0.0860773547152
0.0442400398343
0.104349061419
0.0658549680114
0.0857602179293
0.101243143968
0.0742186190576
0.118766124751
0.0671578950979
0.113827086191
0.0717184846162
0.0743708860179
0.153558846173
0.095100473416
0.0682949469804
0.14896015823
0.157608416254
0.088943255811
0.147626374984
0.058068877866
0.0735239742304
0.107028482964
0.104274879476
0.055408250117
0.2
0.10915949983
0.0788095561621
0.0628116370527
0.114509881045
0.0703316904007
0.0703826162218
0.0791313899232
0.0988751054179
0.119188307927
0.102324019172
0.124110058021
0.0841007278431
0.0958499309607
0.0759225189837
0.134584219587
0.0655879163586
0.0696614753504
0.0715723138422
0.0612349703188
0.162943103896
0.05154182444
0.0566659417309
0.0788659847178
0.131966938596
0.0696077949167
0.0718796163769
0.0584928569581
0.0677864237137
0.0555115047205
0.102223528795
0.122376804027
0.0704213063074
0.0570974446394
0.0829189359133
0.0964168277771
0.0820533213712
0.0939094683765
0.0564206654693
0.117168425696
0.126907882024
0.0825451272996
0.133873521826
0.11084630452
0.0821454388215
0.11687195435
0.0904990203621
0.0797012607174
0.0738093315622
0.0778459196752
0.0850132820762
0.0571314927136
0.105441987099
0.0671904483828
0.0671497803927
0.0719217146275
0.0553829832027
0.0670786918949
0.0711115605016
0.107417191236
0.0828646492878
0.080914694006
0.0647314369795
0.111298170437
0.124980431084
0.0803827817909
0.0769764479853
0.05763920385
0.107282404703
0.0991037485812
0.122391901008
0.0749740572247
0.132033060225
0.0881830866608
0.100702124395
0.135821372218
0.0776987063794
0.0407336106797
0.0984124266626
0.0622886092181
0.0825604418582
0.101337136041
0.0683761497877
0.118880050788
0.0667110063284
0.114974533571
0.0774226549944
0.0726460604274
0.141762918305
0.0970079512959
0.0646316170521
0.158989502929
0.15265014951
0.0906642383095
0.14003750021
0.0653945771331
0.0711158604516
0.099154572733
0.102543155934
0.0517305134769
0.2
0.117113208995
0.0809202765408
0.0644936002239
0.123797903454
0.07627921599
0.0860831355348
0.080790658245
0.10866237038
0.112678782763
0.101197588883
0.110476613989
0.103169661373
0.0706142232689
0.0847784188299
0.171523971198
0.0587453508791
0.0733425298324
0.085964712416
0.0646212998736
0.152589170642
0.0476532158631
0.0598854113145
0.0743654764329
0.0850586543742
0.071086247212
0.0760746857947
0.0598123880378
0.0673180866777
0.059400965223
0.100875254324
0.105424358284
0.0751010814419
0.0510822489394
0.0880299317032
0.100347192265
0.0731487684769
0.0978123881028
0.0532845169407
0.104643459302
0.123050385185
0.0932626773113
0.151582028587
0.11084630452
0.0832984662489
0.128406934878
0.0861674402487
0.0787220364642
0.0825187295714
0.0751112625357
0.0847564126545
0.0722788000228
0.0928396495428
0.0644468805798
0.0961808575506
0.0786399024087
0.0659105058807
0.0728579114438
0.0624284440445
0.101125134576
0.0925772217998
0.0792359616876
0.0678828737866
0.101234286833
0.125804760588
0.0806912437682
0.088015060047
0.0575372230227
0.109698726199
0.107264998181
0.12555491953
0.0744990774945
0.134762105901
0.0835193638005
0.0938586080548
0.138431827573
0.0785036138166
0.0476776856335
0.109334250295
0.0614373538377
0.0836078077734
0.100812497164
0.0697646297346
0.143851548025
0.0600470237331
0.104693872132
0.0784595309809
0.0690243265503
0.143831251322
0.0955043455981
0.0707555692598
0.146358395539
0.15265014951
0.0753265287576
0.127580837933
0.061165588639
0.070781278008
0.100630831994
0.0961935776855
0.057379823441
0.174569722322
0.122737967591
0.080533871239
0.0648781646656
0.128288329067
0.0786505864934
0.0842046848646
0.0758885060351
0.0988751054179
0.118030658363
0.0886975888828
0.13157366089
0.0906358353903
0.0705107119786
0.0774165262149
0.116282390171
0.0701314041604
0.0799439054546
0.0708009572605
0.0592351948133
0.185204254903
0.0511847774947
0.0575419322982
0.0645211229702
0.121220543249
0.0698144770092
0.0682996538623
0.060464228261
0.063584331456
0.0555407853981
0.10791226313
0.121975856914
0.0716459154586
0.0534605692098
0.0834425683297
0.0942989380523
0.0850818909148
0.0995117239683
0.05189997752
0.0962872474385
0.122784413652
0.0867221936696
0.129769528911
0.131522710613
0.0802682868252
0.100941365436
0.0815381209928
0.0782291469823
0.074392561526
0.0858074906152
0.0821903921433
0.063721457615
0.0914504602028
0.0607339176425
0.0828053542091
0.0955642212873
0.0720258816761
0.0746052344862
0.0635293415677
0.0731372365877
0.0797382878639
0.0775271591179
0.0717367224977
0.0865983409974
0.125804760588
0.0870842265007
0.0745417559488
0.0573563420141
0.110459764224
0.0982614887376
0.116298753027
0.0760629292004
0.148170441945
0.0844458807388
0.0986739869924
0.123832015098
0.0786424067065
0.039244942136
0.107815990148
0.0555786264852
0.0800260597941
0.0988985942895
0.0736305980881
0.129095382883
0.0648145400249
0.0868113626096
0.0752951503521
0.0754946810563
0.134971647415
0.110746099176
0.06553021744
0.130223706356
0.143555054012
0.0775286486696
0.143548253593
0.056413226129
0.0668352138086
0.102198229124
0.104076437846
0.0479297496633
0.174569722322
0.108340416932
0.0680338406785
0.0626932570958
0.107684871252
0.0808520246925
0.0858056786085
0.0722182363188
0.0903024160377
0.112678782763
0.100578410672
0.126018105334
0.0759328944957
0.0787682715274
0.0711740914553
0.131442678751
0.0648671675437
0.064139624659
0.074092890371
0.0609718710505
0.123668016675
0.0536115939947
0.0549867357992
0.0718202920835
0.111865467936
0.0642336666035
0.0715061543668
0.059445120594
0.0583499795541
0.0538176624366
0.104095473593
0.123965755776
0.0706057702685
0.0559127788914
0.0830434564359
0.0933891002792
0.0774539587643
0.0787508680958
0.051241081523
0.0888495653951
0.113713617279
0.0735598667147
0.151582028587
0.0806142358231
0.0836713473393
0.0915519512336
0.0785804390586
0.0766466210141
0.0715621796251
0.055116010061
0.0813209902
0.067699559996
0.0978925337501
0.0652610054371
0.0785738657972
0.0824430745886
0.0614489478283
0.0681335679574
0.0647072698757
0.0836012848778
0.0953868854836
0.0712835971877
0.0662832157093
0.0979034854961
0.111903491151
0.080351188109
0.0767872718743
0.056834142865
0.113084065197
0.103586924224
0.119207054036
0.071252546357
0.134545944393
0.0810171034707
0.091191650055
0.127015763613
0.0801329690521
0.0435572193764
0.0834441064863
0.0718104876301
0.0807992865271
0.101337136041
0.072038186567
0.135023576428
0.0664713240629
0.11586464111
0.0708942311256
0.0743148726209
0.133164668115
0.103875727452
0.061972191313
0.163913295581
0.168134749307
0.0824990679695
0.133121012021
0.059211106861
0.0720369601776
0.106887164135
0.0995786322513
0.0533260710771
0.2
0.103637662884
0.0755177277258
0.0673125672598
0.130716144985
0.0801790735398
0.0852324123903
0.0793536058236
0.0988751054179
0.10969732503
0.102324019172
0.119739977209
0.0961550941833
0.0789247609037
0.0736560293442
0.128924407331
0.0682856941593
0.0674672204238
0.0792563780966
0.0692864288678
0.129287386703
0.0530963426647
0.051898657512
0.0790939641949
0.0911074122719
0.0692222325851
0.0715264069367
0.0590294321806
0.0626468311515
0.0497034308694
0.106552979134
0.096099010866
0.0758338503454
0.0515018975999
0.0914314280817
0.0959374852781
0.0801064381214
0.0933966964073
0.0531716071141
0.103476676776
0.117254850507
0.0856560080483
0.151582028587
0.123242615966
0.0844511943129
0.105767572284
0.0840334769052
0.0800687034914
0.0780551733808
0.0719488738658
0.0861981630129
0.0569164444573
0.0933762711531
0.0679686543222
0.0658855058272
0.0730715726684
0.0659105058807
0.067314602359
0.0752855473863
0.0890459052857
0.0856728723838
0.0929928693006
0.0637657143115
0.108988852772
0.125804760588
0.0803634663084
0.0838175845142
0.05763920385
0.0978071743176
0.10937228764
0.12555491953
0.0775679542892
0.140704751924
0.0843859321636
0.100421095112
0.144046588077
0.0729953121489
0.044010715432
0.0964350059584
0.0665873053202
0.0831157640894
0.0983282357143
0.0713285283192
0.141872651683
0.0627185819806
0.115675003677
0.0779953682405
0.066805385836
0.129516323224
0.095123228896
0.0634870900128
0.146358395539
0.0925172087938
0.0829722506931
0.112739919181
0.0580621502719
0.0664657885435
0.105014288936
0.0986154986364
0.0526165892645
0.174165917446
0.0809484790189
0.0769520960945
0.0665178052887
0.111769797242
0.0555786559916
0.0837656416857
0.065523708904
0.0962868189425
0.10434544943
0.105737385394
0.109333017961
0.0781425697533
0.0693013987754
0.0819473043642
0.134143567139
0.0747959557411
0.0724908627795
0.0583031631569
0.066312553916
0.160593028665
0.0553783228502
0.0654235964172
0.081600981248
0.092458349688
0.0724442211058
0.0685946881983
0.0630215957446
0.0688917834218
0.048669203073
0.09169945464
0.114596450218
0.0825651080098
0.0530772986379
0.0822125060579
0.0928020220215
0.0703093090788
0.0915423834767
0.0498293480213
0.111003866072
0.10219383445
0.0861506614593
0.134765471718
0.131970167595
0.0645168380878
0.102680196318
0.0728659066107
0.0808099582773
0.092079744171
0.0721671001026
0.0885890118494
0.0638217193805
0.102241036865
0.0609412841201
0.085853802367
0.0837810249892
0.0670235318845
0.0904117388766
0.0626690649469
0.0810452662449
0.0841952889126
0.0911041349292
0.0614080187673
0.103885338752
0.0999563568061
0.0880838498966
0.0801560417393
0.04889760991
0.0789746028926
0.0903572554115
0.120756629686
0.0742991870897
0.152584824477
0.0835940111635
0.0902466492354
0.132421081387
0.0889329690181
0.0464931963922
0.0935290315016
0.066087641829
0.0875738043742
0.101337136041
0.0733843157193
0.114647063292
0.0728957318115
0.0935333230646
0.0779204739778
0.0736262076234
0.127912040837
0.0961668644197
0.0516092201379
0.131563058116
