0.124956203327
0.0420988975
0.0859215417894
0.0432375776474
0.0440298993122
0.0605685004683
0.0576964225155
0.0328061402541
0.2
0.0772916256213
0.0539267415898
0.0427358814959
0.0714781131245
0.0587290939588
0.080292249697
0.0361865495516
0.075
0.091407479587
0.0787317696093
0.0701116849576
0.0659338062652
0.0423907533438
0.0498923773453
0.114897375213
0.0452444202371
0.0514147924094
0.0503300504065
0.0385157748709
0.0917947577128
0.0325035278563
0.0397435653486
0.0506176621162
0.0574191860357
0.0436522044691
0.0464793795601
0.0406622139341
0.0358965403582
0.0337445637791
0.0548499689114
0.068238412842
0.0551551209055
0.0343905950683
0.0559521832636
0.066487689156
0.0520442457228
0.0784061271234
0.0341526247752
0.0673052301588
0.0795921250204
0.0574210419227
0.0897785603007
0.0868529277319
0.0662302608174
0.0527622802936
0.0545754006739
0.0680067740328
0.0605988200359
0.0560352349548
0.0581604508764
0.0558836732012
0.0568160783328
0.0363188821526
0.0723407656455
0.0402425005919
0.0416056654724
0.0457527504954
0.0324800378255
0.0954740247502
0.0532544378698
0.0418716981826
0.0344172035094
0.065201076549
0.0807251922056
0.0675436336863
0.0594064100793
0.0509248208263
0.0783005615594
0.0766540980459
0.0960182168112
0.0532557745992
0.0892857142857
0.0651210732148
0.064448533055
0.0813649274464
0.050418126592
0.024437059963
0.0567756578671
0.0372292980316
0.0625
0.0720002168272
0.0482677608428
0.0713817151451
0.0497239632786
0.0671763880338
0.050253513962
0.0498604140227
0.0866893769046
0.0595929453204
0.0308600845081
0.104523429522
0.1164061362
0.0524407001326
0.0935411830769
0.0430813369019
0.0492420626066
0.0650207854919
0.0561267492061
0.0326652065729
0.181717185297
0.0772916256213
0.0483212608151
0.0462209234412
0.0676214637451
0.0509008505385
0.0738567556608
0.0363734706124
0.091070248935
0.091407479587
0.0908585926484
0.0768137038462
0.0718281862846
0.0320629912358
0.0539549455346
0.117112103423
0.0444987423089
0.057722752174
0.0517216006444
0.0423923583323
0.101926626696
0.0320572642661
0.0414654114882
0.0508746102182
0.0559294054987
0.0445112483103
0.0418703085334
0.0462606959611
0.0391848013847
0.0296439900396
0.0639462822866
0.0732989489894
0.0522485607276
0.0305212013657
0.0443422216689
0.0681961274623
0.0474298933629
0.0688374496436
0.0290921916638
0.0805756690878
0.0720417875185
0.0590804993783
0.0948374916624
0.100741816621
0.0421469437025
0.0729806613734
0.0535422179199
0.0592726267117
0.0615908328453
0.0532333217048
0.0514061704487
0.0533821409172
0.0530292245759
0.0410603311235
0.0615254411784
0.0538809371841
0.0480812903712
0.0350631854804
0.0385999072478
0.0918161458867
0.0551937919114
0.0486643346787
0.0414854986866
0.0636482488734
0.0726458365591
0.0653529116074
0.0684065425569
0.0420650109706
0.0703657684063
0.0737920919736
0.0871524691507
0.0431050459897
0.0972477269182
0.0526782732073
0.0805330719133
0.075118977018
0.04213509503
0.0232697876676
0.0607847900212
0.0354599545783
0.0593794603617
0.074402647964
0.047168064699
0.0799629244531
0.0492166165934
0.0781748365902
0.050931419276
0.0433182050455
0.102780236922
0.0549474129892
0.034787994051
0.0977776408601
0.121420843411
0.0456287347193
0.0899174447267
0.0445934439015
0.0566696161785
0.0669977976435
0.0561939126984
0.0371647575857
0.2
0.0725297474971
0.0559393689161
0.043940271317
0.0669400878049
0.0503485884231
0.0607807160684
0.0314731536721
0.06
0.0830741462536
0.0755081471233
0.0660636111656
0.0567441219906
0.0435033935996
0.0437155311904
0.135524749642
0.0441429608101
0.0362915050617
0.041320482593
0.0430661345665
0.0929107324139
0.0306724345559
0.045578917783
0.0439195498186
0.0615881070269
0.0596782034861
0.047797304596
0.0400042932431
0.0380779767058
0.0252246701749
0.0506254208016
0.0795743816637
0.0533960864894
0.0288887509214
0.0597953651765
0.0637307017108
0.0488718334964
0.0671883199181
0.0311111268043
0.0957702486419
0.0473935339791
0.058391042455
0.0833333333333
0.101203053957
0.0336521380587
0.0553710899864
0.0654747464395
0.0640148351609
0.0705828977688
0.0387347225099
0.0550894144883
0.0609328127057
0.050975535887
0.0419629656861
0.0582173763214
0.0725924652696
0.0594260069628
0.0435647024185
0.0450297440558
0.0666414070438
0.0626848393674
0.0623128813145
0.0322393054616
0.0636441300488
0.0645563743273
0.0438608242894
0.0606219634216
0.0366487927002
0.0491023410494
0.0676654569367
0.0654008241509
0.0516735396349
0.10940169089
0.0755772600299
0.0849693273033
0.0778562871992
0.0448919610465
0.028272742692
0.0643829630494
0.0374293432828
0.0542961625753
0.065829495619
0.0515871282944
0.0624768353195
0.0574312685354
0.0584684220746
0.051032443799
0.0556108889027
0.0852628140959
0.0588063180186
0.0349958826729
0.0652544932936
0.0873046021503
0.0489794010811
0.0985171608406
0.0472941902873
0.0527794004723
0.0691326905137
0.0623239169016
0.0354265731088
0.2
0.075934987658
0.059087072032
0.0414429793604
0.0676377695189
0.0587009197585
0.0701676672084
0.0367541328361
0.075
0.091407479587
0.0894164010861
0.0890884641053
0.0723533582925
0.044481533489
0.0480629996204
0.122790762294
0.0473778127078
0.057858438546
0.0423157992061
0.0453512411541
0.09754536021
0.0301517640274
0.0409221897573
0.0551386329698
0.0370952507081
0.0427046419394
0.0490090080759
0.0408124788055
0.033488654661
0.0348205096397
0.0597987458172
0.0802350113179
0.0488624480215
0.0320189255472
0.059876667509
0.0682427836846
0.0497124719746
0.0720632912524
0.0365224291886
0.0998741878024
0.0731789172999
0.0534527879545
0.0924509580762
0.0826845354384
0.0442194658784
0.0608384747437
0.0560427012024
0.0597792080278
0.0511763589568
0.0481408491385
0.0488129682428
0.056870625192
0.0517475667046
0.0387620281331
0.0839961622707
0.0633498653314
0.0495404393315
0.0458528037903
0.036042079308
0.0794465579048
0.0576923076923
0.048983357648
0.0360640038057
0.0703242732994
0.074515562036
0.065890897213
0.0688896934124
0.0419291392924
0.0783500085798
0.0954360607467
0.0953301212259
0.0489828851188
0.115368123619
0.0642640168959
0.0908154199809
0.0821709683476
0.0448583508842
0.0308982621939
0.0681616820543
0.040801189491
0.0563368179752
0.0720534844462
0.0508063378415
0.0685419208944
0.0518614006718
0.083723732254
0.0555062925647
0.0460864623427
0.0967310024613
0.0630645070525
0.0360990455788
0.0942072234175
0.124956203327
0.0474510070186
0.0862462336688
0.0429512129356
0.0547872033749
0.0630153299961
0.0676171416177
0.0369484083243
0.2
0.0865832544301
0.0601185986768
0.0435464354591
0.0683199259815
0.0591385396273
0.0800114852992
0.0435444521409
0.075
0.0895070150892
0.0740695846583
0.0750717708738
0.0637553281441
0.0499186840449
0.0437986117386
0.118893738597
0.0461883633504
0.0513243335976
0.0509398805388
0.041064080137
0.116138415517
0.0329087522419
0.0386107272846
0.0544207563405
0.0739157456372
0.0429480416572
0.0504700305596
0.0424974113948
0.0446418609611
0.040723763374
0.0577694108486
0.0787728660104
0.0579769786891
0.0323842038518
0.0591187625776
0.06708089879
0.0488632654161
0.0727419931446
0.0350656676694
0.0842108415717
0.0729815054531
0.0559756329623
0.0791444899837
0.0826845354384
0.0461492516123
0.074733279102
0.0644477083921
0.0616986889838
0.0505669211561
0.0544541447493
0.0511180766587
0.0546865440405
0.0499847619126
0.0362287746469
0.0735736493091
0.0717056125836
0.0484391250323
0.0490175833377
0.0381359338451
0.0856814043776
0.0536791804169
0.0492162169404
0.0351288496908
0.0729968492536
0.0640025063196
0.0507338959432
0.0678076042354
0.0485594215164
0.0784153519457
0.0954360607467
0.0841813216267
0.0519036260428
0.075
0.0577911743627
0.0875584734714
0.0862275983847
0.04724544892
0.0294148075143
0.0581303895919
0.0368648085548
0.0666666666667
0.0742102290961
0.0500883645156
0.0855283949871
0.0506256104997
0.0779204660553
0.0560812352881
0.0384318182005
0.0936208296662
0.0655924263333
0.0378711398992
0.0998630972538
0.1164061362
0.0515376792689
0.100401444346
0.0444527866512
0.0570482974428
0.0675164249958
0.0628045611963
0.035193466318
0.2
0.085231243407
0.0589558342558
0.0405513881046
0.0723208642551
0.0560924024726
0.0679395958975
0.0413838390348
0.0740029291732
0.091407479587
0.0898428807204
0.0750717708738
0.0597635891236
0.0531755937801
0.0594764200583
0.133901873405
0.0419505895051
0.049302516548
0.0473933334147
0.0442505130129
0.0826965699355
0.0326024742275
0.0535224699514
0.0479963596912
0.045506010829
0.0431578692708
0.0551273713887
0.0411285594511
0.0353168775016
0.0353363206855
0.0645000956088
0.0690533286759
0.0521170551232
0.0297309352227
0.0594971181986
0.0633682991357
0.0484029228841
0.0679198968318
0.0360418952213
0.0998741878024
0.0750555427632
0.0565997005116
0.0897785603007
0.0833874729634
0.0462268814867
0.0650263970961
0.0562034323716
0.0638320595356
0.0584227392036
0.058193050938
0.047502849925
0.0576433909366
0.0438835457166
0.0391543662372
0.0839961622707
0.0588248749506
0.0514665703468
0.0448047859982
0.0336815448553
0.0794465579048
0.0550880631608
0.0470470851498
0.0379836922276
0.0770933777577
0.0807251922056
0.0609960508335
0.0678076042354
0.046895974174
0.067597526486
0.0954360607467
0.0769722622767
0.0499286400656
0.100920417276
0.0543817242924
0.0876978032175
0.077174165795
0.0504907974415
0.0286436003504
0.0607627576332
0.0394683848291
0.0624637326888
0.0720534844462
0.0508063378415
0.0739368271114
0.0532828553778
0.0835227979585
0.0485731259413
0.0472580410738
0.0967310024613
0.0599515333209
0.0368088779156
0.0932534137116
0.150673883584
0.0527625025844
0.0909575594428
0.0408131024355
0.0535707623161
0.0655306704157
0.0628992244661
0.0390035103099
0.2
0.0798861250937
0.0544204530513
0.0410751851003
0.0605023947215
0.0538593437254
0.0659239427986
0.0404149673472
0.075
0.0962929094588
0.0908585926484
0.0809988234151
0.0594934125429
0.0610687771776
0.0456372329707
0.10763868573
0.0404296141923
0.0486452233856
0.0438604766632
0.0368727831502
0.110798521838
0.029834715744
0.0382738171394
0.0524389307614
0.0860403067975
0.0443720127976
0.0507947036596
0.0391428766591
0.0397228670351
0.0355194838934
0.0556462502193
0.0903360214189
0.0453716769493
0.0323913982954
0.0518085828366
0.0684940627668
0.0538361019675
0.0720632912524
0.0395591161351
0.0992321671074
0.0766208583059
0.0528842201751
0.0897785603007
0.0833874729634
0.0511492203604
0.081726286095
0.0649696178189
0.0578184050183
0.0553478581929
0.0510179615957
0.0515246488014
0.0459930986344
0.0564045543037
0.0419394246563
0.0531225252787
0.0455056066382
0.042961491963
0.0438211716592
0.0396542440647
0.0887487187378
0.0472183398521
0.0386888844158
0.0373391458091
0.081303569772
0.0791393430526
0.0505482856391
0.0619082312523
0.0515402736452
0.0767608066622
0.0734123544205
0.0944585389291
0.0520151232296
0.0891103921614
0.0636007488489
0.0835056555951
0.0831773554308
0.0413538922827
0.0251987736016
0.0671926087939
0.0331396112091
0.0663265306122
0.0724013124803
0.0501712490354
0.0760834576348
0.0553196531957
0.0827148336951
0.0531524676845
0.0467996795228
0.0934791120507
0.0637396316755
0.0354034190082
0.0977776408601
0.1164061362
0.0554225891218
0.0945106964787
0.044491799156
0.0550366566047
0.063928066477
0.0616119104315
0.0320359803553
0.2
0.0884055774799
0.0574782784181
0.0413578422906
0.0710069615853
0.0593117130748
0.0775666255088
0.0425180179748
0.0797445024976
0.0830741462536
0.089810886576
0.0707957880681
0.069842763126
0.0446953347982
0.0589864361232
0.136434180327
0.0360344001193
0.0476319902027
0.0512660751639
0.0431109083775
0.0913616592404
0.029631073847
0.0446062953752
0.0527527851553
0.0460735455443
0.0425810946589
0.0560204694192
0.0408795237017
0.0393709141094
0.0356888995346
0.0554246126418
0.0698839457184
0.046391307487
0.0277348492715
0.055426796426
0.071390636696
0.0506986706103
0.0705537499269
0.0380208425037
0.090794716184
0.0744308866462
0.0599438869305
0.10366744919
0.0833874729634
0.045857616367
0.0880623537416
0.0621391589451
0.0616978311052
0.0557432057606
0.0495891423185
0.0488393289138
0.060373492376
0.0463384931841
0.0372988916553
0.084690689355
0.0538877296147
0.0514665703468
0.0443428065415
0.0339031098424
0.0837605969551
0.0590672005331
0.0420823871758
0.0373052458605
0.0683973780339
0.0807251922056
0.0594446135989
0.0708757638046
0.0469215588616
0.0783005615594
0.080699705901
0.0910711133025
0.0502700762234
0.0990113901675
0.062253425474
0.0761870261582
0.0857568005934
0.0426049130708
0.0320805506171
0.0626177543424
0.0378354617463
0.0685389236908
0.0733470742705
0.0509245800605
0.0971230194548
0.0467009485871
0.0800585026703
0.0562678993239
0.0420754926573
0.0912057432939
0.0626617337539
0.0358527639395
0.0918641764939
0.1164061362
0.0421375448439
0.0857799479447
0.0437869181167
0.0555731213405
0.0630153299961
0.0609924906618
0.038273541432
0.174569722322
0.103175609334
0.0556939201992
0.0380706982006
0.073360348962
0.0591595403083
0.0736700227013
0.039721188182
0.075
0.091407479587
0.077310886576
0.0890884641053
0.0724418055624
0.0479734811053
0.0507185792128
0.0840825586214
0.0418603105118
0.0587961945124
0.0406987416746
0.0375757061423
0.117058684943
0.0275830067523
0.0389047616101
0.0410372257334
0.0722606401323
0.050341450209
0.0430853876926
0.0431349039115
0.0385623830613
0.0354710480482
0.0588507009221
0.0838604368436
0.045819629978
0.0311588546061
0.0531481940474
0.0571977662214
0.0562057915549
0.073961682679
0.0367568629541
0.0714677072209
0.0737015076798
0.0539295793468
0.0865121112663
0.111177387913
0.0418365089779
0.0587087627016
0.0558695973855
0.0581094232764
0.0574193795604
0.0627243358245
0.0508961408903
0.0531359440682
0.0482824421631
0.0311679122329
0.0737682949151
0.0743826099469
0.0568346215068
0.0473235478822
0.0332983095312
0.0613438349266
0.0467615905851
0.0441149540933
0.0430889453855
0.0591141949198
0.0807251922056
0.0687996286346
0.0608138167958
0.0489875027024
0.0784153519457
0.070987868026
0.0828795447754
0.0503769469545
0.1
0.0512328865636
0.0823468536709
0.076571894744
0.0415661685478
0.0247765475189
0.0689267692194
0.0292730437942
0.0619047619048
0.0716485839632
0.052166686293
0.0873805441047
0.053228461125
0.0519038829322
0.0538383401289
0.0469348140113
0.0796761029486
0.0721498547165
0.0373352480937
0.079072039492
0.118587449655
0.0458969879818
0.0992050999616
0.0385526225276
0.0499539680902
0.0658054138535
0.0621310233971
0.0330026646919
0.174569722322
0.0826092655997
0.0469317411049
0.0406045908202
0.0590845250882
0.0617121645697
0.0762177944527
0.0392240567386
0.0641846931063
0.0830741462536
0.0948456974103
0.0835329085498
0.0526534629157
0.0469931262237
0.0456605698013
0.0978301640511
0.039927604975
0.0474127353176
0.0482116044342
0.0415249528932
0.0774256103449
0.0303683184826
0.0382738171394
0.0468264488588
0.0696761711527
0.0448352065875
0.0499734350328
0.0387394105009
0.0354212289319
0.0348259606656
0.0572630006367
0.0883179658101
0.0443381714549
0.0314694133829
0.0513925383704
0.0704500123585
0.0454456707478
0.0564749955791
0.0358036680122
0.0764401619295
0.0626126249768
0.044875416574
0.10366744919
0.0556432727344
0.0509642130819
0.0555807170967
0.0518087865785
0.058070109526
0.0504343290215
0.0341893870657
0.0460629078976
0.061538454566
0.0508865513441
0.0374591822412
0.0655546401487
0.0663837347498
0.0466957964085
0.0444556013163
0.0334448091604
0.0672704122454
0.0549450549451
0.0349759692045
0.0366777426538
0.0712933922039
0.0688658983727
0.0567245031777
0.0598915869819
0.048992747095
0.0816859005577
0.0760781740715
0.0869968784806
0.046690784048
0.0897307628146
0.0538893631436
0.0764352487729
0.0719992205857
0.0434281540153
0.027798547197
0.0523272671189
0.0414955942797
0.0597265677441
0.0724013124803
0.0515331284225
0.0829447636344
0.054957375904
0.0836022917834
0.0478280190602
0.0418192541855
0.0848808618606
0.0681180632812
0.0292046084162
0.102798273243
0.124956203327
0.0490394363116
0.090947865736
0.0405360062637
0.0561566488749
0.0677307125293
0.0618186942205
0.0351980645992
0.2
0.0772916256213
0.0540345732463
0.0425789575099
0.0728114394223
0.0630186951419
0.0738567556608
0.0459904711202
0.075
0.0830741462536
0.0908585926484
0.0791806191137
0.0732715747167
0.0525810848587
0.0473057810052
0.0993587868281
0.04191267202
0.0431193720566
0.046011431815
0.0470692749582
0.082208733324
0.0323084902736
0.0351779236053
0.0526797549662
0.0518327387373
0.0410216493566
0.0524606151737
0.0396467435506
0.0384688904727
0.0331186799588
0.062642587951
0.0664666282812
0.0519432031774
0.0300348868833
0.0608488057798
0.0713453187883
0.0500289498907
0.0647437416813
0.0382358692363
0.0895262534292
0.0687076004541
0.0551542915511
0.10366744919
0.101203053957
0.0512396713075
0.074733279102
0.0584988080717
0.0591152776933
0.0589490329848
0.0530277948691
0.0524630163572
0.0447244829957
0.0463345261088
0.0411817297243
0.0496554748581
0.0538258490061
0.0514665703468
0.0441179347293
0.0386820331363
0.0780739717248
0.0503406823948
0.0558185455709
0.038271185695
0.0839675228466
0.0807251922056
0.0571837976564
0.0678076042354
0.0515402736452
0.0669314157405
0.0837519456282
0.0910711133025
0.049903998091
0.0972714521538
0.0577945769517
0.0844637671471
0.0887734757299
0.0394024635168
0.0279128668963
0.0636902316025
0.0377335814752
0.0666666666667
0.0696472484794
0.0487376488991
0.0890015612324
0.0509350688119
0.0874472721668
0.0555190142325
0.0384318182005
0.0838608545388
0.0627244738311
0.0358263465234
0.0918641764939
0.0683740293233
0.0485689137797
0.0754166093496
0.0367289294184
0.049104443201
0.0673662633697
0.0586944963573
0.0388057590301
0.148139169317
0.0605829293388
0.0504829902795
0.0381788945746
0.0624332264475
0.0363182633511
0.0738567556608
0.0359947883473
0.0612472301132
0.0747408129203
0.095314270373
0.0644072840988
0.0518908520684
0.0430658768526
0.0565773239921
0.105840856843
0.0401734186025
0.0434954942433
0.0342993186691
0.0438139322414
0.103234147127
0.0300938896739
0.0429141799791
0.0530452059813
0.0484915895338
0.0502656033628
0.0450709605869
0.0429067589024
0.0400278055066
0.0297587131591
0.0459656793531
0.0764086733166
0.0563695943229
0.0263459544852
0.0520986454927
0.0637268568641
0.0450862600659
0.0604296708052
0.0328026154959
0.0957702486419
0.050111227409
0.0553468443775
0.0987654320988
0.100421346627
0.0300584880206
0.0677032767254
0.0470476908487
0.0565489529405
0.0624853825681
0.0440369531259
0.0491802520384
0.0532092839415
0.0488746279633
0.0378960731832
0.0697253111901
0.0589633576948
0.0507370700773
0.0537679523476
0.0340549284454
0.0681296820022
0.0461237396783
0.0542694257191
0.0320194315134
0.0680810889378
0.0565284461614
0.0650928685314
0.0649470781211
0.0376078029428
0.0519699424634
0.0688003555115
0.0824412894323
0.0457902918038
0.105110482742
0.0586186563777
0.0741367369872
0.0829068547157
0.049970497337
0.0312002455487
0.0520934419093
0.0385274318105
0.0714285714286
0.0724013124803
0.0525641862906
0.0644694159169
0.0562304354052
0.0601773948213
0.0555062925647
0.0422453177187
0.0893488308274
0.0610238867759
0.0269981314893
0.0843626883303
