0.780173160436
0.761465076603
0.784797935332
0.0821853530966
0.717124520806
0.194293697287
0.729096113455
0.690142096012
1.0
0.214100076344
0.707927202965
0.827142382884
0.83836197918
0.827705115697
0.858490239947
0.20198950239
0.206081383919
0.246788963453
0.693406202772
0.214875062771
0.212648172002
0.586792906618
0.601035666553
0.249675926444
0.801592941698
0.681022137695
0.827470651988
0.776905376896
0.134517847246
0.121059322498
0.66104868627
0.723338291238
0.569504070018
0.729576887681
0.744424016631
0.223880986016
0.175745731883
0.652508356564
0.195088900535
0.166793091315
0.796150384831
0.763770404299
0.123918061419
0.780450432051
0.909668171685
1.0
0.145311613426
0.570899712489
0.139799454239
0.950138926758
0.830163773712
0.680531275387
0.108437485869
0.124351111331
0.701719112188
0.828715229245
0.153767503404
0.775742103986
0.19213946989
0.200683724389
0.859688918405
0.7730822628
0.77595459957
0.204580031131
0.189001909797
0.599234327582
0.700333273924
0.893404617149
0.75279397714
0.527542464676
0.102912857256
0.666602505656
0.839850059479
0.111448147378
0.0595561964994
0.137188825385
0.955990593021
0.812729804955
0.209984700623
0.796492575624
0.773354081018
0.798750350007
0.168308425586
0.861368725702
0.671206372809
0.131262832458
0.145819649237
0.177001451763
0.207060594503
0.291786800648
0.145470324215
0.703945237413
0.78634320557
0.239132941163
0.24340271127
0.725265486896
0.816259619227
0.765881410874
0.592825050277
0.863174543555
0.728872757679
0.906337335242
0.813864995921
0.847527186434
0.120709903983
0.873062073696
0.736868103682
0.722630549293
0.846929712583
0.285758761141
0.680283903617
0.881635114631
0.796936216947
0.779902198907
0.804440397571
0.17045628648
0.91070248935
0.242143420053
0.816538357709
0.280085980642
0.14269310457
0.0925811527465
0.589480879038
0.233937459018
0.773996957596
0.762288211223
0.945214313235
0.810865363432
0.672626743353
0.816286966276
0.750322750636
0.761396334511
0.550237001219
0.67171010432
0.704139432629
0.740160354621
0.103530532838
0.143673141609
0.18701339272
0.282003592695
0.757155317343
0.156872174586
0.763248479826
0.815150017502
0.833683876636
0.850603567807
0.702737890384
0.65264315299
0.826090036925
0.958441662771
0.807635194674
0.767788153561
0.246452240472
0.762815118996
0.711169723438
0.81893515673
0.141546708383
0.726961301376
0.732366352246
0.167082693206
0.711099612886
0.867495931717
0.121496955078
0.32167220269
0.193187031756
0.159707330646
0.680034147137
0.885935632088
0.205872453181
0.560244128631
0.146395393179
0.760614520185
0.750970730141
0.685453547923
0.980812891024
0.242233808047
0.850270497558
0.135671277318
0.728311205775
0.682551873015
0.198187753674
0.769666078638
0.315301871566
0.849679238325
0.699016825654
0.149899691855
0.773548084106
0.639763595457
0.220508208308
0.0917086491295
0.166758187263
0.849956592987
0.103694771462
0.81078517755
0.153440016637
0.170901909648
0.893349401496
0.724841807546
0.638917939184
0.819545460116
0.247942156375
0.74329544571
0.817596783557
0.858109404698
0.864280496939
0.83108727213
0.716974033922
0.784359992395
1.0
0.0738367531123
0.756304206491
0.802176023443
0.809592969958
0.692070345284
0.658329421177
0.109195912848
0.67455932838
0.296665045272
0.684255814548
0.30518844226
0.224664784953
0.620869702812
0.28255253274
0.185999413518
0.75820374291
0.0996558658394
0.77852143485
0.820040399426
0.133455221331
0.75235703028
0.737412846053
0.668330506514
0.165168051042
0.867469160244
0.7784402941
0.17442035731
0.673178493001
0.581412367846
0.18333928349
0.729079263014
0.240593978334
0.6570388619
0.115790333419
0.784143514756
0.837383036742
0.738045981051
0.696939967656
0.116674148999
0.6036216808
0.909405650893
0.823848916269
0.818889370853
0.450756448839
0.572736305138
0.804565629625
0.861468112765
0.758917572618
0.612837170608
0.781165851163
0.265479660944
0.687038250066
0.81846377489
0.674686049685
0.899747873139
0.20607175922
0.220437970201
0.748741492093
0.662347975266
0.817572123114
0.621512073128
0.17194902203
0.727246676602
0.654839964851
0.226697919636
0.894075586285
0.13705259553
0.566566203946
0.255075194486
0.205703813301
0.723337084908
0.778831583816
0.982516482123
0.152703843647
0.857042294602
0.612596134022
0.162021492936
0.759763681945
0.669769223032
0.220898017191
0.825938730832
0.123159759044
0.383122793651
0.178061924402
0.622323764463
0.741486778661
0.778529994663
0.91238710431
0.757997317442
0.681861168345
0.553529428355
0.544250102521
0.873260080249
0.266338922575
0.133060962565
0.805383948355
0.14324257373
0.751467917965
0.743092548663
1.0
0.165816683263
0.778183678947
0.728239938529
0.829063636004
0.8299288233
0.753718494904
0.238060277237
0.206081383919
0.242143420053
0.775912143018
0.170675201813
0.748859503006
0.595906847902
0.108479664827
0.324418555491
0.829467330926
0.806588306079
0.878349009269
0.887874327192
0.648036010971
0.746704898782
0.697639516865
0.720645272019
0.242894739186
0.677019619375
0.119754023343
0.730582544331
0.733392296214
0.145170275559
0.163725006671
0.378289665101
0.13318482836
0.755866781477
0.166994147055
0.802530957268
0.877307585855
0.88915159781
0.815167911604
0.121281681035
0.861464200907
0.897542868386
0.808365525424
0.702546866621
0.517701763877
0.144871749321
0.130713869461
0.778542985264
0.224321943224
0.674693037783
0.679518327686
0.126211194473
0.722319596465
0.799683213389
0.911888423745
0.164662688961
0.164507127387
0.559181484199
0.664976360838
0.775338619709
0.812812943843
0.567635821433
0.143206979768
0.828597447823
0.799325871119
0.184143769889
0.961359235688
0.128471381935
0.906973273844
0.978832502707
0.353818738455
0.0948442467093
0.864663508397
0.856183451954
0.842177242486
0.879939520967
0.667361747755
0.127286038487
0.82317885741
0.762242661012
0.0997449309192
0.858124770676
0.141584647293
0.693614423761
0.222554841611
0.944387646092
0.836406111255
0.162393030191
0.906564364667
0.806272303641
0.644456453932
0.773130033362
0.780173160436
0.848946783785
0.807850194256
0.16425192751
0.81842730448
0.921516118322
0.841385235716
0.779972461471
1.0
0.184103349576
0.152325318802
0.777852006159
0.821700321074
0.859160281221
0.867793350104
0.197426689528
0.210512760436
0.756185116963
0.703753774179
0.229024561077
0.18447648386
0.0848535334175
0.550651064742
0.259030687893
0.822485364849
0.668187799714
0.875060148066
0.115422914212
0.917475741748
0.809587037881
0.685694805037
0.814966038156
0.175836364377
0.765726605564
0.837064352408
0.725398347366
0.844511038593
0.784278612875
0.203260833865
0.389464676033
0.786912351009
0.780372577045
0.798089062915
0.728363276147
0.821415429153
0.902459996971
0.143847157144
0.676704141742
0.844466982594
0.950138926758
0.1032813798
0.702546866621
0.181285908384
0.276162559089
0.816857132618
0.781338196141
0.248568461208
0.719792074369
0.785235795495
0.0756390825217
0.77268050698
0.800777894397
0.867147621257
0.175022285516
0.200939414948
0.236538732688
0.667356846231
0.850188387401
0.657376989317
0.599840436421
0.163640892731
0.853857222171
0.762839665868
0.159387211761
0.982012085335
0.199592274231
0.95232314244
0.978832502707
0.694563250987
0.754606952335
0.0501977830892
0.799077688997
0.861497061419
0.96315968111
0.699478611101
0.083171258406
0.775921831816
0.763718715508
0.172509443188
0.237803379068
0.189174106538
0.862077909829
0.152770470003
0.832255125189
0.806350410184
0.145321591162
0.906564364667
0.832273363836
0.712467878254
0.803543156693
0.728872757679
0.872317037616
0.929717215315
0.173644600938
0.862730946797
0.973011585448
0.829505154739
0.771637872907
1.0
0.199734197552
0.750079278654
0.753983778158
0.827294111078
0.843446606435
0.726220826368
0.247960747714
0.25126870601
0.242143420053
0.800111178815
0.223513438321
0.256776682272
0.236494744475
0.627213098007
0.281316985849
0.78407294187
0.701988242047
0.917866981358
0.86079444528
0.142688876083
0.795580515326
0.788262475566
0.721041236835
0.279055914456
0.762673182793
0.924224586951
0.692079259862
0.723860472957
0.675221100948
0.600056828181
0.243909103416
0.765838140753
0.728778362591
0.850662891811
0.761084872623
0.82998145667
0.810974814376
0.832875838534
0.121281681035
0.256924919585
0.909556404952
0.830571933959
0.658643096705
0.564996726884
0.649050566731
0.702292437828
0.874993808571
0.0779260118496
0.77404272051
0.735695268559
0.619898518684
0.725472544189
0.774714969784
0.911888423745
0.246697950117
0.743846722576
0.185787415746
0.586160916101
0.804149112665
0.756498093595
0.6087174136
0.167012868647
0.889689797654
0.839850059479
0.646724608383
0.982012085335
0.190603944881
0.275456333263
0.978832502707
0.224258730288
0.19817484769
0.823433161419
0.817846523235
0.874545325165
0.833732635647
0.728624685333
0.12946635131
0.246497573023
0.704703322897
0.84859343969
0.868565667488
0.141584647293
0.678050121293
0.218718551145
0.893506682118
0.747100351108
0.198694947214
0.906564364667
0.78854230657
0.724256518695
0.822989463893
0.904043301502
0.864744289034
0.824903742744
0.181503557912
0.210910322678
0.920679077267
0.79220486098
0.819082755636
1.0
0.163347398562
0.158222834484
0.760937492164
0.75587605289
0.117366180269
0.140968665475
0.189261282078
0.206081383919
0.241663280201
0.816538357709
0.14758800573
0.193531788001
0.162569516663
0.129065359206
0.191815496326
0.698532864878
0.642377044072
0.873829761423
0.131676904235
0.252904757117
0.800082003709
0.690640985417
0.756134095972
0.745412254232
0.763389725307
0.853801992748
0.110078125203
0.120345855979
0.683947557187
0.184275189676
0.378483685111
0.209918745315
0.718623307749
0.180243930579
0.752628974659
0.923549517098
0.889265409204
0.934948938668
0.784117044621
0.836121179066
0.835368395901
0.830571933959
0.658643096705
0.143574177023
0.26977899699
0.801013612767
0.17076111434
0.267809846615
0.705794512918
0.781010613015
0.0647155830097
0.862637613842
0.842481931409
0.126137687477
0.260311582568
0.158086017888
0.200453309774
0.761722047863
0.841204665829
0.196432031999
0.187437805147
0.682039006578
0.831156049738
0.825290973977
0.215837971338
0.888776213211
0.112490280227
0.181926495602
0.167747406671
0.335219363477
0.0891467272925
0.152405483638
0.886396258698
0.864894965563
0.906196250363
0.630087122802
0.1023638821
0.155575836718
0.672018319996
0.939326575804
0.213164749315
0.152034581965
0.821391785443
0.200125276846
0.181102170004
0.178863623407
0.142092007909
0.913751721231
0.820176579761
0.644179855929
0.819545460116
0.728872757679
0.881852895882
0.870148794414
0.833684262985
0.824102899294
0.106624792155
0.740743101258
0.740713867839
1.0
0.209397747631
0.76358987271
0.745373060194
0.841905473976
0.85320767105
0.851566203364
0.118844026332
0.296306903285
0.233923152861
0.856948987845
0.160291050044
0.243094372461
0.089207071945
0.668034618262
0.879872019029
0.668494693764
0.127603043958
0.829356680548
0.795490070664
0.117328043804
0.786190461973
0.734924860166
0.709662106449
0.501355055936
0.753172814697
0.961571407772
0.706306484432
0.189310498508
0.235485473155
0.20409679202
0.202089762407
0.128868909174
0.693518363493
0.834764214364
0.798311496641
0.900334769706
0.92015080973
0.906827436307
0.150821180455
0.80758973487
1.0
0.917418524523
0.658643096705
0.55815303198
0.85310689932
0.796112011199
0.209577688678
0.132960794836
0.668882928606
0.730106304965
0.62292474512
0.75627468144
0.764385272127
0.932221864419
0.126187192529
0.743095224086
0.202135897904
0.646026421558
0.801690837076
0.200916232695
0.550505901248
0.147557664364
0.709186380878
0.839850059479
0.608551079161
0.982012085335
0.190156422476
0.955990593021
0.185048025974
0.224776134206
0.737111807631
0.758102934238
0.804239920659
0.746419625841
0.943470379086
0.680516522513
0.0881837194421
0.20373093669
0.71593174762
0.123804035896
0.172711329546
0.143798584202
0.970422153664
0.119780659932
0.185527555874
0.157452430424
0.631148694397
0.851316723865
0.827092865154
0.682320833646
0.7955999258
0.728872757679
0.739553178343
0.775789241284
0.816315958833
0.210624694098
0.921516118322
0.808804432467
0.19376320089
0.872848611608
0.117015805802
0.696230410862
0.698323670072
0.822600036845
0.849770966635
0.278969004359
0.0899425415404
0.206081383919
0.29332497928
0.745028765329
0.170675201813
0.795220364851
0.149725168325
0.253826988363
0.364435294199
0.738442382709
0.740443522392
0.734452837244
0.13139358779
0.22687219447
0.680924596761
0.700885665462
0.679390358543
0.256156191893
0.831596416347
0.142399342187
0.150145319805
0.117901132739
0.701964405971
0.208053981176
0.265148286589
0.219701878149
0.744973816085
0.832605481516
0.713885061672
0.938066070783
0.933333333333
0.884507302323
0.219819742365
0.799288330793
0.883404941178
0.801173892649
0.927747879613
0.200398837391
0.0620076014079
0.735520372198
0.796666470435
0.0845260600428
0.806276357873
0.679454725359
0.162377129399
0.750555389525
0.145335779025
0.170516594903
0.913718910129
0.795944480153
0.159468581451
0.649625781119
0.193278154187
0.633550294327
0.580978502843
0.13344224937
0.66121135978
0.839850059479
0.65017660115
0.156496317692
0.864794665201
0.95232314244
0.132296307151
0.39648466139
0.201688628648
0.271372786847
0.757518955195
0.338797017967
0.835661121815
0.144056527263
0.171498915352
0.819690875573
0.648845839534
0.181188299507
0.181750006589
0.133348983166
0.884174031448
0.171933636195
0.666341547642
0.167366903999
0.60505166108
0.68126113958
0.926858609729
0.698674396036
0.701301274204
0.0482033695244
0.783394209658
0.936734046017
0.219830612953
0.137075694966
0.153173160578
0.817051534742
0.758896798004
0.826088753494
0.179129863567
0.186229362275
0.718843286741
0.113997184906
0.883270234222
0.249166757653
0.209725227316
0.257727329694
0.233923152861
0.764633773351
0.164560152104
0.0963696855799
0.688624409351
0.102706682617
0.326523317448
0.723103104434
0.634783655101
0.921641143029
0.0915723334081
0.257780960062
0.169543423951
0.690162408249
0.714228049554
0.221577071879
0.701122341927
0.202425696111
0.109153832446
0.143095298374
0.161536333561
0.271628446144
0.225726444808
0.191628711983
0.735300077896
0.802986758795
0.821422970671
0.753538431084
0.681217325788
0.811520397476
0.593952152347
0.170200752682
0.75067959438
0.917418524523
0.119246387056
0.157465517431
0.152838383435
0.224280921028
0.17214690936
0.200437846452
0.14374726834
0.255529989814
0.196532560588
0.815214484034
0.126162286986
0.2926861617
0.225252338398
0.187608045213
0.160224392456
0.157867498216
0.66141126169
0.0960629995901
0.488166817276
0.254696429641
0.843702246268
0.785154221276
0.137567462961
0.127503299734
0.848010814219
1.0
0.152146232745
0.234984346216
0.156735465141
0.125951051557
0.130526606714
0.178088572471
0.807776689314
0.607480258454
0.129177154543
0.176751103035
0.121141924588
0.158361782424
0.213164749315
0.250360477387
0.763101975292
0.159687585286
0.88294999924
0.116101619235
0.161389057247
0.852512459625
0.820775026115
0.555471207871
0.855928657697
0.780173160436
0.880715369646
0.86172623747
0.152524246345
0.841438903872
0.955879751085
0.812998877681
0.15288863467
1.0
0.205633232402
0.131495494147
0.779085199863
0.830664930569
0.901601555772
0.816661534875
0.134563312688
0.206081383919
0.217653894398
0.816538357709
0.14675644049
0.29641339475
0.0892100117651
0.590787895673
0.298876995465
0.740571960678
0.595038270543
0.830995624897
0.862244794073
0.239627581691
0.817075151854
0.662932309631
0.774921804174
0.548933049811
0.738653568503
0.881315353464
0.166230003279
0.158582766959
0.639165868235
0.194994795622
0.136944290398
0.764883091904
0.686198408465
0.852898822334
0.877386456518
0.855149167456
0.780610950567
0.857284680667
0.736570976875
0.749492157486
0.909556404952
0.917418524523
0.818889370853
0.587305929194
0.2097439556
0.747458354903
0.786931563777
0.206249792358
0.73389918682
0.769506875644
0.161666332069
0.768975200587
0.131498210184
0.1547943794
0.300679909021
0.743095224086
0.21496703447
0.646005822779
0.787655833724
0.159238448398
0.609728505746
0.149671456554
0.891120307225
0.839850059479
0.208620493077
0.982012085335
0.156384420694
0.227435850599
0.0661977249143
0.214371843171
0.740700186717
0.146453562268
0.832237105498
0.127155313368
0.947818811464
0.62966442119
0.0699999727952
0.799684689626
0.206320280166
0.172509443188
0.120801939496
0.087450194172
0.216010649522
0.119620383719
0.922292901835
0.163423856339
0.14137784393
0.84022183126
0.820176579761
0.653909779762
0.7955999258
0.245669814849
0.775701755437
0.188707572387
0.752331430686
0.734542254927
0.908083945624
0.145510368358
0.807401440529
0.234941452331
0.237774893423
0.127857526408
0.736644457582
0.153358814857
0.534025680083
0.812015609279
0.200616485728
0.14349292823
0.202787431173
0.196864281022
0.16524289438
0.16000527915
0.149729254767
0.128529766228
0.155933899716
0.76466301023
0.118460231299
0.710055103729
0.829613216158
0.832070150071
0.721062162096
0.722024378023
0.633309897648
0.117099332869
0.799492639677
0.110964550513
0.716910528371
0.712956206529
0.16589872048
0.228506430223
0.21704945119
0.119634844249
0.599505128624
0.823624926467
0.774552830816
0.686439725011
0.215731636057
0.77059462448
0.356869196976
0.637064869766
0.905480194693
0.903540371704
0.817775170249
0.189093570175
0.713582357933
0.182053715665
0.175200871548
0.159106535183
0.592537179086
0.720746407302
0.15517416177
0.662591670996
0.761007449936
0.767554742536
0.674451255462
0.179384444515
0.274137030004
0.174352509356
0.666236550197
0.114436989481
0.206299813537
0.0784346814814
0.717930063049
0.661351465546
0.619609297261
0.236242206197
0.137833598739
0.612487253607
0.222007213682
0.724397257753
0.156306034924
0.226283660828
0.79144680139
0.733868424495
0.967043002772
0.698716794227
0.164978302952
0.178842878906
0.159112566578
1.0
0.213164749315
0.110310179196
0.289930717635
0.150416052137
0.516211501018
0.839007557583
0.678091943983
0.887252395631
0.788164976905
0.557075639049
0.733148650708
