0.793005055468
0.788764469396
0.779579320167
0.83862783154
0.723668924678
0.824731544144
0.739078822908
0.719641643137
1.0
0.647032278711
0.760690719446
0.769842391676
0.840808280674
0.82127460013
0.774429164605
0.637635149513
0.862669974946
0.761660629792
0.664368534554
0.797088576178
0.734562908953
0.54353914221
0.62805797006
0.910674477693
0.807493329525
0.644683197663
0.745638078346
0.770885136415
0.650655384351
0.805141711077
0.634046233322
0.696901995177
0.569913918506
0.695985116971
0.725599190913
0.749063297392
0.761630453109
0.679813568761
0.637796638573
0.674957398447
0.765673177384
0.721646571517
0.809681503831
0.749821642705
0.922462009579
1.0
0.807165612348
0.575412852241
0.944258802085
0.873653039865
0.811388422584
0.677145231615
0.791393581035
0.553446745261
0.660766052214
0.806244847433
0.778925502908
0.766417584972
0.814801529126
0.604571424909
0.816096707523
0.790444354943
0.806908012915
0.600837092297
0.675943014713
0.631839411531
0.693464906165
0.844732577278
0.752541530651
0.555563900136
0.744162998372
0.667256182857
0.817961019235
0.624304879704
0.91572422382
0.896430238853
0.955990593021
0.783722723054
0.734332929202
0.809719851706
0.763842907868
0.760992773242
0.715695812435
0.836324043206
0.679916127428
0.713432932448
0.757823029657
0.704399519837
0.95679237931
0.909282242139
0.845413315258
0.665966852679
0.791347495486
0.738761147168
0.865394437578
0.712194038376
0.803579922932
0.784817647772
0.605133529022
0.802309245862
0.741704652711
0.803607775926
0.770025464698
0.8253591801
0.781982356474
0.871120753038
0.696473311902
0.723344033031
0.854292963242
0.647032278711
0.715835317815
0.811457130079
0.825329103065
0.786948697049
0.824451141813
0.685530305329
0.865167364882
0.761660629792
0.8
0.820980522292
0.743309234287
0.50106126534
0.598713074154
0.837602601392
0.77682761701
0.661485401921
0.827085900642
0.81354720366
0.708697757865
0.792008173164
0.677909945973
0.637910800055
0.578612234883
0.711446968307
0.718492551518
0.773247137974
0.845624258547
0.635447374909
0.583887400939
0.687738841971
0.771416054067
0.711575493642
0.773780935885
0.777623844575
0.726352986814
0.83282555054
0.688353067111
0.630443250467
0.819105101089
0.880002223261
0.815280989117
0.759554505446
0.521914428469
0.760099146476
0.689227904052
0.809817838884
0.724171452093
0.765690305641
0.733339035626
0.611050116988
0.742764965375
0.845834104472
0.734077290632
0.670639919745
0.795363128035
0.545865707213
0.676778061663
0.815641681887
0.716529377674
0.559317644258
0.767772809792
0.799909153517
0.701630346884
0.682615440962
0.947663291635
0.784787710929
0.723820221827
0.831259973722
0.730323393837
0.745163207792
0.829202667899
0.739798250086
0.803266492998
0.835669564406
0.642578499092
0.685992875466
0.800339415526
0.642163658404
0.877835238911
0.915715737875
0.799539757732
0.844073120859
0.84127645368
0.806740798957
0.839510149778
0.644507950364
0.857743550332
0.721036332305
0.661640514434
0.781838125693
0.814587614917
0.774161531261
0.808611832789
0.825876239767
0.826413981042
0.852047094599
0.723148794941
0.781974672466
1.0
0.619947901494
0.771856958826
0.779326373447
0.806203352635
0.738602861645
0.593225230722
0.612496902641
0.657625339413
0.702789998193
0.629262535165
0.631919224433
0.599288462005
0.61539280468
0.658942303335
0.846814354211
0.720449594067
0.576637624263
0.727058137687
0.806121808301
0.840946901068
0.705604817185
0.698170110405
0.62013539645
0.683422619487
0.869639826442
0.752755168993
0.765538473022
0.689951687162
0.582753307553
0.550663624648
0.748477261314
0.734652194641
0.648306930802
0.89988539137
0.741756116336
0.752548690176
0.767112445812
0.674601643371
0.788406747545
0.571217611371
0.797592175712
0.797448726908
0.739332595983
0.410929228746
0.604704988109
0.783174873281
0.873815756407
0.782387617213
0.522346159196
0.762173312407
0.638524872694
0.657719230065
0.834532237162
0.657888590981
0.838519605408
0.872724993936
0.562059289049
0.730788451173
0.68891208054
0.822667903092
0.654776643797
0.666161146797
0.710557831483
0.645628404016
0.547498708745
0.843399171161
0.71511939276
0.572428516893
0.771259940787
0.635819739853
0.710729257252
0.825701337786
0.911259006961
0.935638474321
0.81462799609
0.651057269913
0.770154382001
0.771878907093
0.71485947923
0.799415616198
0.817834601134
0.856460995721
0.730288976159
0.907176690489
0.630614564279
0.789106874943
0.752927689719
0.710767786578
0.744422882421
0.668321716944
0.556082630766
0.696340375701
0.838643918568
0.97633238244
0.892338567189
0.800980098797
0.919134279308
0.762571542067
0.77357914532
1.0
0.717768148125
0.806765797417
0.724583704914
0.844719555805
0.81001071175
0.764641816345
0.668292227395
0.862669974946
0.761660629792
0.759373785308
0.944003656659
0.757009625012
0.582442852742
0.587787241912
0.850222778959
0.799286276737
0.737231329305
0.755471913006
0.86056590545
0.664833539276
0.769006459403
0.699086615564
0.707014604305
0.468859022501
0.670546711938
0.837036424983
0.738746722572
0.774022736282
0.708932542043
0.600854989012
0.662539231068
0.718437234764
0.72293418828
0.865006495539
0.781218678312
0.844339566372
0.852430871558
0.790620931907
0.790378850173
0.857889562847
0.828434597307
0.76732032802
0.642380509123
0.498092595989
0.700141632719
0.70557610124
0.788692678904
0.709224068609
0.657697898657
0.689435006647
0.630737474739
0.725976648375
0.799171112713
0.86527574092
0.802594233762
0.772054236005
0.599468556725
0.693729984405
0.749779532455
0.785846922249
0.570485560938
0.769408152574
0.793319583189
0.797321463483
0.648843392838
0.961359235688
0.794703174019
0.893081118254
0.916704251414
0.723276984606
0.799915293651
0.810622039122
0.820443376252
0.815430739821
0.844643323364
0.682822145836
0.759906395832
0.846783112416
0.781904934424
0.830418165653
0.886627720434
0.862654858192
0.708370913091
0.852955305212
0.894477441848
0.857203675439
0.688237959505
0.870525010892
0.809389773929
0.664699306526
0.738993116383
0.793005055468
0.829997556052
0.828023772163
0.840043875282
0.839126129364
0.902176465605
0.784915227961
0.802936832199
0.9
0.663959337874
0.801421375016
0.731165208827
0.812029642804
0.856477625235
0.85420958117
0.705017141595
0.862669974946
0.755438763092
0.608124296611
0.807498264871
0.782628073563
0.683121874003
0.577357810116
0.870215261158
0.770006238171
0.667491189224
0.777051308582
0.828674208082
0.904556120522
0.802569426149
0.602338991407
0.732703468281
0.689159546161
0.749712944754
0.815983756327
0.742380060321
0.840642104884
0.780291516313
0.610937495458
0.609070735473
0.775761617732
0.725847338286
0.823415725148
0.750134984244
0.795957346931
0.882769435794
0.846076430119
0.693433654824
0.825055251046
0.874029458477
0.758536448631
0.642380509123
0.544685070524
0.827992877772
0.769299244024
0.801493058016
0.737272371712
0.748705311019
0.772333628867
0.605810392277
0.755297208353
0.778261805429
0.885765969935
0.848685475149
0.738439028388
0.713491124381
0.709039098509
0.801778972512
0.658473934693
0.583893886315
0.751736517015
0.83900372
0.736106319816
0.569357937608
0.977674653496
0.864507396398
0.927904103318
0.916704251414
0.669340346915
0.774969608631
0.746523715135
0.740754217301
0.921878899775
0.92430119945
0.691253333757
0.758236544479
0.763289124189
0.753928304475
0.976328160048
0.885613060265
0.831857396632
0.867647251221
0.851322327577
0.806688428488
0.78367075453
0.625195694615
0.864846194345
0.789711938848
0.703449122339
0.74733374028
0.741704652711
0.837795180198
0.876331431157
0.870826136451
0.866226708581
0.925187665669
0.78621995821
0.766579592038
1.0
0.713549964351
0.795240340701
0.725916764743
0.830570450995
0.813233642135
0.722777103213
0.723878342037
0.847693686066
0.761660629792
0.738888888889
0.797972128969
0.680140487981
0.724859909175
0.599250317709
0.926067524309
0.763273828089
0.6517430629
0.781369302459
0.836732521773
0.721003663306
0.774275583779
0.665842352394
0.663141577636
0.529336130807
0.712556100932
0.902789122118
0.729354432826
0.750846316133
0.703703469934
0.633637577265
0.633776728592
0.737281297198
0.688234045702
0.875765708871
0.764487824832
0.818343045047
0.792216790873
0.781708187549
0.790378850173
0.835098570142
0.844985903075
0.811592502708
0.623002232992
0.5126485896
0.675429611527
0.711232772648
0.830236373062
0.773276981233
0.791134374077
0.738762311287
0.610457982512
0.695726473623
0.791586721159
0.86527574092
0.764723374358
0.750474703825
0.64503854685
0.614528647819
0.76462370645
0.745620927851
0.601570441212
0.761161062938
0.839095936175
0.817961019235
0.658635836495
0.977674653496
0.85989382587
0.861063683111
0.916704251414
0.642640550701
0.775699353756
0.829602122172
0.774056434118
0.874545325165
0.848238522219
0.695830315068
0.726059219097
0.803915113707
0.698362558507
0.865453513679
0.886752724592
0.862654858192
0.689542193048
0.872204822253
0.906460685021
0.773927392017
0.704862546483
0.870525010892
0.810028743324
0.719747358095
0.78015245035
0.904043301502
0.879895813399
0.772466830197
0.827803504754
0.82183048133
0.891907856102
0.804482923637
0.817156382558
1.0
0.662599235521
0.76782802253
0.756685605178
0.784522061789
0.765483863002
0.615109387398
0.69925199986
0.862669974946
0.776969032505
0.8
0.842678946418
0.725437845699
0.723592811069
0.626691639558
0.824488116194
0.746708724686
0.604953413987
0.786738489543
0.748873378879
0.885929974335
0.772385641265
0.677583641525
0.716607154144
0.76369785918
0.721209011598
0.854826065901
0.714292098605
0.807771172815
0.700218920633
0.598351004443
0.763549332078
0.689918366568
0.715915838027
0.851038265251
0.780045615401
0.84961300187
0.865957309185
0.908999822248
0.7172853665
0.846358613368
0.838306373911
0.811592502708
0.623002232992
0.580407599654
0.900905837822
0.802997337841
0.775638264271
0.754447975544
0.715126425741
0.766143139462
0.533698793054
0.81644030701
0.843922524762
0.637683652601
0.692223639607
0.682346489606
0.641707808412
0.738209429302
0.822345453097
0.699294141418
0.583407331343
0.688356719116
0.73663431725
0.771773652938
0.561537113703
0.923399812325
0.90843156882
0.896101812055
0.829943166823
0.714996952786
0.826714956552
0.777179888476
0.845206189833
0.855210782974
0.858674966456
0.635609631748
0.731687661378
0.865162458938
0.698916709295
0.948653880572
0.916907108228
0.848434297595
0.8335835284
0.89492451282
0.884343948436
0.833091433755
0.695924496239
0.888619489379
0.821872885168
0.667631512106
0.781838125693
0.741704652711
0.897231368641
0.889551812715
0.850734528635
0.817162895527
0.879775806665
0.73990217297
0.769185480886
1.0
0.769781704176
0.763273056874
0.708442758499
0.858972498265
0.866268146759
0.835044785835
0.726180468403
0.879736119573
0.702789998193
0.791678392203
0.781105501576
0.816393472053
0.62983224948
0.697102459509
0.879872019029
0.686379332609
0.659981779582
0.763025826032
0.807734262505
0.693049240281
0.7873673114
0.644522959036
0.665609757872
0.552182449143
0.746325137564
0.926957381485
0.74423965787
0.827272862177
0.697830466708
0.584151973087
0.639834032315
0.712049254016
0.691488857702
0.84056296412
0.773257967082
0.903215669022
0.897607775274
0.901011397072
0.75633876239
0.812428318513
0.917319386076
0.893570569277
0.623002232992
0.539115627378
0.835755234604
0.757822777283
0.793777226579
0.753184407913
0.705992284621
0.762277240339
0.626838591148
0.73007272104
0.777471786623
0.960644127039
0.714472519325
0.750474703825
0.669380595358
0.672026386128
0.804238470805
0.764289515212
0.566459575505
0.773985266995
0.693662005287
0.817961019235
0.595307427112
0.953129376943
0.869664168608
0.955990593021
0.859262277923
0.719378745305
0.754007701069
0.727166121011
0.775047260971
0.759417678634
0.872161122107
0.681588794672
0.81154224243
0.796776827613
0.711774554041
0.979772465836
0.871332694525
0.839992838302
0.919401703102
0.802740886089
0.882141040919
0.899830712352
0.628508538546
0.849268964508
0.837026643438
0.66323100676
0.744477469352
0.741704652711
0.755665877227
0.774063635842
0.841472360151
0.819336120544
0.902176465605
0.775646642341
0.809129265093
0.872848611608
0.789502046868
0.740113192398
0.681768852357
0.81743985128
0.822381409937
0.820238492074
0.661801899964
0.862669974946
0.761660629792
0.679178392203
0.944003656659
0.783161316692
0.712257113302
0.659027491737
0.665935601069
0.72061888689
0.720467252549
0.714644768587
0.725654886715
0.911579783902
0.660621918112
0.684608070926
0.602198511453
0.732531941962
0.799536437864
0.739412521957
0.756368233119
0.741903602723
0.711950027491
0.536787913221
0.735759208456
0.727249675179
0.725975255279
0.805059251748
0.698735113242
0.881511176646
0.943032009474
0.871227386759
0.656826941407
0.787957068743
0.777607396307
0.783827685915
0.778146381154
0.557584716547
0.658304135458
0.745842791363
0.787292530154
0.730804711556
0.815401270686
0.663611117206
0.598312563068
0.69160908122
0.721438453887
0.80821391942
0.915985859264
0.803705375259
0.627343708124
0.667120440587
0.707272294392
0.610189810924
0.588387218698
0.747390931154
0.673334662701
0.817961019235
0.666179535591
0.828358705174
0.793389313091
0.927516925755
0.741072103108
0.713993015861
0.791321832103
0.934335515976
0.712938614964
0.868113577808
0.802741539907
0.651924607161
0.714359706467
0.823005411956
0.652505628117
0.919704860873
0.886034487626
0.885799827333
0.85060769515
0.820633548047
0.68276474496
0.82195161968
0.618864253732
0.657888045214
0.862448016339
0.659968336838
0.686487551559
0.868786179604
0.78592808187
0.944839040971
0.806156336333
0.78526490123
0.891373481771
0.788006339505
0.774624200414
0.836424305804
0.698887881545
0.725811959918
0.712428747633
0.759104567382
0.891200190324
0.883768502714
0.764603946862
0.810076633412
0.702789998193
0.750085410848
0.869003656659
0.684562068881
0.668103284377
0.634362686275
0.794711323128
0.749315430967
0.59157191723
0.830237380845
0.820559734161
0.779309666203
0.773341187024
0.683304150756
0.691774138172
0.682491165922
0.6772272375
0.888235259672
0.724560041744
0.778375983648
0.68174059474
0.574254112607
0.766594466937
0.68832690462
0.717929974445
0.814143558946
0.813457747831
0.733475090383
0.682403403905
0.78303924422
0.606681190419
0.68784742397
0.76055615625
0.893570569277
0.522771429736
0.590822095342
0.635618692493
0.688334444338
0.801307440926
0.712633230776
0.616409648984
0.718983560935
0.631912778235
0.782288225713
0.793754403935
0.774553084908
0.862988551748
0.759921580117
0.665158923522
0.680034296024
0.670018243467
0.812925699367
0.511093192855
0.69303547612
0.838196103413
0.78869117794
0.585970001227
0.906679687891
0.856055733282
1.0
0.843124474382
0.74672432793
0.796169012572
0.773379500283
0.777695937486
0.806922708585
0.827109347472
0.600337944563
0.732860357812
0.734988714975
0.7314363773
0.933082645936
0.916907108228
0.851219700746
0.773729234069
0.902346191723
0.900919468399
0.753031026486
0.665340069434
0.839379910486
0.813113801592
0.574472735416
0.845402455895
0.793005055468
0.859828865056
0.850735402433
0.81719839342
0.844342648685
0.926008508864
0.773724805681
0.744553995509
0.9
0.651029121739
0.759453980536
0.736107450782
0.81556132582
0.892693398547
0.796451074469
0.766582336445
0.862669974946
0.669993963125
0.8
0.840735495577
0.810570061498
0.717007732589
0.626235691802
0.806815638565
0.752951132593
0.599767484228
0.8032210799
0.867948367475
0.767620456953
0.795935516774
0.662387536471
0.716852946923
0.566292055135
0.722004497433
0.885609641177
0.704871625577
0.805951790996
0.661495320581
0.62552136831
0.630047818291
0.736385938902
0.698865880484
0.877608961666
0.802706107073
0.801574425122
0.773884801038
0.839695455434
0.741272361542
0.76957820982
0.845362321687
0.893570569277
0.739332595983
0.528337257984
0.81814365004
0.738105062385
0.793218236285
0.799307992814
0.711318999889
0.761735140671
0.523656053081
0.728473466603
0.849430373908
0.659965504989
0.737447857202
0.750474703825
0.661048521684
0.700673725094
0.770118719423
0.691605953515
0.620326798155
0.759779368345
0.804120175356
0.817961019235
0.647456436092
0.977674653496
0.90843156882
0.816152739548
0.862952832087
0.719378745305
0.783119758762
0.764478881288
0.80241391932
0.881036527527
0.888618787282
0.612274379101
0.765003979338
0.843715466927
0.681516407354
0.976328160048
0.879727244217
0.823007171046
0.86174344017
0.853205248128
0.932080283193
0.881118610503
0.624225161044
0.799508043012
0.828669191782
0.703953474494
0.744477469352
0.596593583809
0.769424543739
0.783112009666
0.760074074091
0.734972391823
0.882402635666
0.731927938995
0.810415018662
0.859275645579
0.547597095926
0.721300737367
0.73445110773
0.792490152631
0.52350936952
0.786816477811
0.676295320888
0.694989031895
0.611123331527
0.790624447867
0.675203504652
0.674314527285
0.611760520556
0.697395482212
0.813228658878
0.74566459209
0.574182601863
0.654499584621
0.797161142999
0.871562085729
0.698502510086
0.649366297612
0.635312748508
0.558110324856
0.783563060823
0.74363982554
0.750317656313
0.736266205016
0.641500815492
0.497373923496
0.637753234052
0.788204686327
0.599779210545
0.807640465211
0.735466420893
0.666359331779
0.699490243453
0.742493789758
0.771911123951
0.63597671808
0.856872012594
0.904123646967
0.735814913
0.380498496972
0.708816383023
0.599738983689
0.791974456124
0.705337270145
0.613350487879
0.702704443716
0.598748516989
0.658872600118
0.763987094594
0.808120253058
0.695068750181
0.802701689991
0.651864427699
0.70327302008
0.662628315936
0.701174372656
0.593513618338
0.658279776452
0.734382926291
0.630882102007
0.599622226325
0.892467880092
0.705916121019
0.624266071601
0.782343799766
0.726409445815
0.695619973844
0.822922638749
0.78205785431
0.75464763246
0.933884248152
0.69348872822
0.785943647713
0.675488457746
0.690016224382
1.0
0.916907108228
0.87314606885
0.737527219384
0.906270904696
0.550091277234
0.864221002661
0.687205556121
0.890551304776
0.77129946415
0.582610009057
0.693027363322
