0.183964892537
0.105791813069
0.15306138864
0.0930640668051
0.0953236362453
0.134019799481
0.134780229466
0.0909180655653
0.236835317659
0.139912521384
0.123539978043
0.115649330177
0.159763028799
0.107008877581
0.116965156823
0.108511676158
0.136802388597
0.150969209609
0.119301646366
0.148632346699
0.146047373111
0.101820778211
0.11384049261
0.174941185945
0.108489442318
0.106412335902
0.12597404654
0.0933145612096
0.169141335874
0.0919885189581
0.0908105399247
0.11949062912
0.180405421526
0.11162235929
0.10184179145
0.0885742004474
0.100780802716
0.0903029866431
0.153911551667
0.155623533626
0.13216934516
0.103308598027
0.134864552345
0.130879483254
0.112674211954
0.127592195957
0.0884516215446
0.139480136333
0.170930825499
0.129470961134
0.164471355807
0.154993426501
0.134708317837
0.121594515055
0.113871383718
0.138930798488
0.103677439101
0.114709015167
0.131994327626
0.103063257466
0.156935193368
0.102008113819
0.120761533719
0.100471772887
0.0852964085939
0.115020495795
0.110890242438
0.144982120132
0.136647845188
0.114050658543
0.0976466692267
0.13716551548
0.157488570924
0.121124794335
0.1061016962
0.0889612916787
0.175650602909
0.144196313847
0.171839409262
0.123090639893
0.184401131227
0.117354700339
0.120963441286
0.16666415264
0.129756161786
0.0706106363207
0.133712211747
0.107099614255
0.124801064578
0.125536776884
0.108594121044
0.154035216312
0.105475125863
0.142213977376
0.102196739799
0.116082180976
0.185231362033
0.112689737604
0.118374671142
0.229508067397
0.174261276096
0.111750383742
0.152186513547
0.0898806316249
0.100469084836
0.133324442047
0.128221167238
0.0866716367126
0.232368334062
0.139912521384
0.12075260268
0.116329855448
0.154407017631
0.111417804098
0.112125968962
0.11844306971
0.152809614599
0.143968691105
0.132080410869
0.160418862857
0.146340810312
0.082695622915
0.113726454425
0.184509992874
0.106328778974
0.103103460146
0.124165958543
0.0980273646726
0.183387377443
0.0928534838336
0.0917073695953
0.118390803029
0.169087465595
0.108358007161
0.103370493903
0.096717396916
0.099398816448
0.0847607989175
0.161023603549
0.150367902027
0.123378563317
0.0917435919179
0.123281586196
0.129409886008
0.110986808924
0.120847727077
0.0764334766767
0.151238196418
0.169483674154
0.134183701126
0.161567662557
0.164536712037
0.11989776532
0.15060447157
0.10166218188
0.125652716981
0.116888826184
0.123123922534
0.118161915964
0.0984720967791
0.159811029561
0.10443611538
0.106016049687
0.11202733522
0.0924082420184
0.0963989555997
0.121751265488
0.143573147127
0.135697037849
0.134668577365
0.105253998205
0.134327305596
0.14962740171
0.124162072872
0.11775201471
0.088685055823
0.16166904284
0.136785255157
0.169188577835
0.117705154983
0.190699244269
0.112104051709
0.144490858558
0.158736330219
0.119652085974
0.0675981279675
0.120831208658
0.105450490149
0.116256736938
0.128409251627
0.104863947237
0.163805033399
0.110619840228
0.140613609014
0.107295539573
0.114327001478
0.201769878993
0.10953202344
0.118925658699
0.222537025548
0.164789838747
0.111683373677
0.147141757035
0.100622471205
0.106240485105
0.144927088018
0.124752638647
0.0905063221505
0.236835317659
0.139714494809
0.126359031621
0.117978802623
0.155576476656
0.103115929113
0.0967174122139
0.104405826326
0.114510361026
0.139510923225
0.11734743232
0.165917472232
0.133583860924
0.0997801835959
0.110631618194
0.185676421824
0.107261201933
0.0985907460463
0.113934517914
0.100850657451
0.179390373251
0.0868854436867
0.0952179813224
0.107676580997
0.167216327756
0.121236817528
0.100864500245
0.102979664276
0.103166009033
0.0756371147644
0.150826248121
0.144395630369
0.126537364224
0.0962831867046
0.137455821156
0.132017204758
0.11320974688
0.114442141392
0.0801565554354
0.16550500433
0.155368844058
0.130748761512
0.150313082235
0.176179321525
0.095724079624
0.127018288954
0.116200502076
0.137993092429
0.137491839165
0.105940609049
0.132358722389
0.107495946636
0.148924616737
0.108138268917
0.0988851076823
0.119967805159
0.101028707589
0.116747032039
0.130075356712
0.122836328752
0.142108375858
0.141146790655
0.100167596442
0.133830808802
0.150660470046
0.106674874432
0.106008100523
0.0802305896035
0.132969701247
0.118512795672
0.168812978427
0.117009866181
0.188079557187
0.135366060581
0.143751500745
0.174028887918
0.125406376004
0.0813971669427
0.127811737721
0.105676304438
0.122906975238
0.124921397198
0.108962141866
0.140217332821
0.118500551579
0.137187700154
0.103431810758
0.11408799494
0.17334478499
0.113929016942
0.111041526374
0.17122318409
0.158111323458
0.111838501121
0.168116841365
0.0995201242927
0.105251911778
0.148864773749
0.147685153696
0.0876389613043
0.236835317659
0.14682062191
0.133448202044
0.112598196808
0.153981054867
0.108355815584
0.104937638675
0.115012129041
0.136802388597
0.143968691105
0.127067958907
0.184310991658
0.159734482271
0.0965569488174
0.109206249399
0.184030002145
0.112303719208
0.110840563241
0.106378960693
0.100876621427
0.172170714647
0.0888247215909
0.0914655943612
0.126223808604
0.138556107714
0.108610395787
0.105985980957
0.0885134368786
0.0962666506164
0.0880478359926
0.155550706367
0.153466477068
0.120025428315
0.0997333762517
0.143796020499
0.13528521159
0.111759064932
0.125563507876
0.0849534531229
0.165651399758
0.168194609678
0.121434373194
0.163559841406
0.16345494081
0.12747193887
0.127888171539
0.114365088731
0.136096466287
0.105123947954
0.124435522637
0.119110560972
0.105135457852
0.148990630062
0.103986379422
0.124079801681
0.115665974542
0.0906744256927
0.110818396604
0.118966881346
0.128903627551
0.13999427375
0.12008172884
0.0980219942852
0.132075158468
0.149976151313
0.117939798415
0.11679765906
0.0859276134053
0.166617521635
0.153910645091
0.167246971321
0.122368019418
0.188032150665
0.116255905847
0.150836576028
0.178555129217
0.123192836465
0.0819307408484
0.132323753601
0.108498916786
0.115160295693
0.130503440688
0.113441809319
0.157165091111
0.111015013118
0.151673103836
0.106894163588
0.113739306703
0.206564691951
0.119651053371
0.114200187159
0.215626683087
0.183964892537
0.110193485181
0.156655204674
0.0922638940899
0.108685331034
0.139961824089
0.14141289877
0.085269107007
0.223022073537
0.147320824789
0.131527858432
0.113165511309
0.155860898525
0.105499918551
0.114565138727
0.122428666713
0.136802388597
0.13345858965
0.124799876671
0.162719235121
0.14965565218
0.105936243101
0.108967316627
0.17613503088
0.106302805724
0.111090973172
0.123652014013
0.101028849176
0.195998959887
0.0865320314896
0.0888136914128
0.125718361104
0.178416455555
0.11008419669
0.108521463441
0.0889878259451
0.110361684512
0.0963351513096
0.159732224073
0.153580631882
0.130064280486
0.0979912209776
0.136242031367
0.129026412633
0.116419226511
0.127219273833
0.083620730603
0.149826437104
0.177033092581
0.12992755371
0.142987256961
0.16345494081
0.134316514165
0.14552126116
0.120370499468
0.139642033832
0.109061520339
0.122773319166
0.126968579867
0.0976190603499
0.155802213257
0.10464039229
0.11579361632
0.122293042652
0.0918155248239
0.113892220004
0.118661544407
0.133727825466
0.141945241455
0.116507584846
0.101503467011
0.139347321289
0.139348484867
0.112369902109
0.116130701392
0.0885593421658
0.175041764713
0.153910645091
0.153420413438
0.121633356742
0.164230426842
0.12052916701
0.145401213273
0.172085017781
0.127848573596
0.0784245933986
0.124449997147
0.10510042428
0.124156429161
0.12989153437
0.108597393816
0.182285643896
0.108791356539
0.150124229896
0.109467312925
0.107992915626
0.19067907931
0.119668771013
0.120588895902
0.22111923804
0.174261276096
0.11399640171
0.159344526621
0.0952439736183
0.109903736291
0.14363788971
0.137543108228
0.0872589369224
0.236835317659
0.154253879016
0.131597659518
0.113190751053
0.158839504584
0.113275973442
0.105152371337
0.11812260863
0.140398373861
0.143968691105
0.133944363023
0.161915471879
0.146684475238
0.112196874268
0.114623000983
0.188721505201
0.104913394674
0.100926036715
0.118392956593
0.0985250702916
0.170260599369
0.0912451537087
0.0994759771104
0.119985131905
0.155780910648
0.108965889007
0.11172432768
0.0914678227201
0.0928707372875
0.0875924525352
0.164016316921
0.147686673457
0.12609316653
0.0927426549746
0.144467081646
0.133431088145
0.114153849376
0.119379003624
0.0882529326089
0.165651399758
0.171274706005
0.127476704848
0.165390882542
0.151041326534
0.132135053836
0.1310520372
0.116868407202
0.133815226814
0.106785645256
0.13323527449
0.120422343702
0.101565237032
0.148639400347
0.105925194347
0.124079801681
0.105322144541
0.0955956808199
0.108680499136
0.111232797485
0.12951379075
0.142766283062
0.116105750741
0.100039113505
0.145224084607
0.157488570924
0.118867582964
0.116130701392
0.093769140438
0.163194167594
0.153910645091
0.153429251781
0.121857482847
0.185581581625
0.10895082258
0.1460074072
0.174330507174
0.128824890395
0.07384425758
0.135612123613
0.105760259155
0.123461938549
0.127542138714
0.113441809319
0.158514994918
0.112043554212
0.145644781412
0.107140556762
0.113267119082
0.206564691951
0.117047744577
0.117819531944
0.212878245443
0.185679950824
0.118013208654
0.160841814148
0.0898297530289
0.113312787777
0.142601883357
0.140812212724
0.0905224812051
0.236835317659
0.144546557342
0.130919614734
0.10786693975
0.149904103405
0.106554894436
0.0982426211931
0.118762735265
0.136802388597
0.147197386496
0.132080410869
0.175739227538
0.13876285822
0.127503759859
0.112776478277
0.165762378047
0.102985116509
0.0975987249397
0.111691591475
0.0951435022103
0.189443156323
0.0880051862543
0.0894385955773
0.121314974963
0.185391439702
0.104795679167
0.107719388179
0.0906529563793
0.105475197776
0.0907375161665
0.156555275589
0.163884595638
0.122670206109
0.099132353558
0.138165997116
0.13163907652
0.11739644787
0.11940544557
0.0886248007542
0.167980403191
0.172821699732
0.12262611762
0.165390882542
0.151041326534
0.137699233783
0.157784062882
0.120664011459
0.123152551576
0.103171327913
0.124353595835
0.123645139327
0.0889638249411
0.162953190215
0.106148101076
0.101346558151
0.103163107743
0.0843378216459
0.106545190334
0.122426836017
0.140901644946
0.118068859264
0.123674313843
0.0994178458657
0.147400733592
0.155917666893
0.120388484679
0.109733960591
0.0896153861139
0.169859847972
0.132075259365
0.169602794957
0.123517837313
0.161999629166
0.121076733153
0.140444293185
0.17882927461
0.124151026706
0.0706004257173
0.12367270971
0.101695282313
0.123717556949
0.130214311059
0.107569278955
0.16524202519
0.117362308409
0.146753565762
0.108596932341
0.111698725979
0.19087225001
0.118701620475
0.115174968887
0.222537025548
0.174261276096
0.118044877343
0.160711060845
0.0960568329326
0.10377549292
0.142742765827
0.140256062131
0.088021765759
0.236835317659
0.159421161983
0.129739380431
0.112479698428
0.156573893383
0.106903028902
0.112266625317
0.11992253613
0.14779731993
0.136935988415
0.131360176763
0.160394965018
0.161014955961
0.102616125122
0.122421745642
0.195420545697
0.0952103737237
0.106104250368
0.128915831421
0.102051204947
0.184260515232
0.0825679017765
0.090416979358
0.116676868769
0.142044747443
0.103166500814
0.108686395835
0.0904329183643
0.107936042624
0.0926725473797
0.152413063503
0.14996506445
0.126732336899
0.0930982776111
0.143231422339
0.132799626164
0.113670593604
0.121692199354
0.0843850197219
0.154263972493
0.173745754349
0.134663530421
0.176827602628
0.151041326534
0.131324951511
0.172760209588
0.118453638802
0.12540562463
0.114138338013
0.118573178885
0.123410351663
0.110666030894
0.148831150022
0.104760997047
0.124496995735
0.10480709544
0.0947540282103
0.114058651038
0.109769482982
0.13585266455
0.132605186323
0.121151710638
0.101661018383
0.136976678946
0.157488570924
0.120752743878
0.12015754298
0.0903242661426
0.175650602909
0.143693248014
0.16943614344
0.121291353832
0.170719986649
0.11427298067
0.133150394952
0.183243297888
0.126123798737
0.0802883502363
0.138393357286
0.100572277236
0.126293506546
0.125316292526
0.107427861564
0.185208621006
0.107161923267
0.141615213497
0.110488579037
0.108228012275
0.199050694193
0.116363642886
0.123257573795
0.212334696403
0.174261276096
0.103833583984
0.150763540723
0.0914224820178
0.104153292861
0.139961824089
0.133053116477
0.0922264580201
0.19820513185
0.169870689647
0.129378841447
0.110955468824
0.161107206418
0.107365104954
0.109672662257
0.119667582226
0.136802388597
0.143807069598
0.132527718479
0.184310991658
0.150727057009
0.100905270141
0.113704947684
0.147126125716
0.10564035457
0.105323920795
0.112923181509
0.091891997062
0.208917107012
0.084468745101
0.0900398401911
0.104708718521
0.184901989455
0.107257894753
0.104171520442
0.0923470222293
0.0997944716917
0.0885771993194
0.163981744842
0.16391586413
0.12100281605
0.0983467816134
0.135734988777
0.126884505858
0.1221869694
0.126564051892
0.0831478411472
0.137544136519
0.165509582891
0.128885043437
0.15874139669
0.18313540219
0.122833081828
0.137917844288
0.114304374961
0.127947555123
0.110277897172
0.133861362142
0.122684017201
0.0995022140423
0.148430762679
0.102208122041
0.113155399401
0.132706208236
0.100792550241
0.113843897191
0.108276569727
0.108476748958
0.124684784173
0.118680041933
0.107162882152
0.129900317211
0.157488570924
0.128782037568
0.103895416164
0.0881219812612
0.178916171334
0.132265518687
0.158293477283
0.119329383361
0.186018097725
0.111997285583
0.143346238968
0.160879388737
0.123552591667
0.0720718582949
0.13248591489
0.0899179164106
0.123226028056
0.125534634926
0.111135473936
0.167122897816
0.113762496984
0.130314954167
0.105380062858
0.110320887721
0.179157327444
0.133925572943
0.114379781563
0.187995674619
0.171675682787
0.108596279144
0.16546921216
0.0886958462494
0.103523239183
0.143814503987
0.141319307293
0.0837086944216
0.210408536699
0.144714024336
0.119344176789
0.107498856045
0.140106441086
0.114766374487
0.11325841171
0.117066594663
0.127854828228
0.136935988415
0.135543859771
0.17766621236
0.126464069127
0.105837276489
0.11158304648
0.156925185776
0.10416543976
0.0941352109776
0.118791413532
0.097923047287
0.149215026428
0.0887130828909
0.0883523646267
0.117206377187
0.170161633817
0.100025196631
0.107989707137
0.0894415951481
0.0920942425715
0.0878225095547
0.158344985526
0.162014564754
0.119366351584
0.100092768897
0.137813244409
0.12822318243
0.118772705071
0.105889275709
0.0864323009765
0.141452382951
0.165872515463
0.112954284099
0.176827602628
0.120779156328
0.134951773457
0.119851271073
0.110294439827
0.120477752969
0.102665369811
0.0973806136309
0.119845222008
0.106170266704
0.161328260729
0.106401177616
0.111920590767
0.11417573302
0.0898429060393
0.104119289137
0.114925657317
0.114227723984
0.13358370314
0.108991219313
0.105804086395
0.139641012628
0.146232661979
0.11903249605
0.106079237093
0.0914412238391
0.17791686453
0.136166293441
0.170906015245
0.120398640588
0.163642768199
0.109000833079
0.135422030867
0.170096694686
0.123147190225
0.0775127648988
0.111979525088
0.111499738761
0.118594543265
0.130214311059
0.111168492416
0.174019864338
0.115287762109
0.150310884469
0.106040795513
0.115028458732
0.18490589892
0.125453012881
0.104945276752
0.225159579239
0.183964892537
0.110967067625
0.155068658579
0.0919704111681
0.104968177961
0.144520488059
0.134450513632
0.0912255755073
0.238276329598
0.137398051256
0.126866480039
0.114878059788
0.16333281641
0.110254936694
0.111611648278
0.117483967671
0.136802388597
0.133924953928
0.132080410869
0.171292574864
0.154202040755
0.10696771774
0.111844197912
0.160831574807
0.104862252017
0.0967115861874
0.122163495661
0.105796507026
0.158009243072
0.0874333650894
0.0857874560365
0.122477361926
0.143685220127
0.102036144484
0.109619281703
0.0911693878011
0.0983740038977
0.0859003669395
0.161663949598
0.139272499415
0.123729580834
0.094617077341
0.144327663758
0.128775290797
0.116620697465
0.119079231453
0.0870102548333
0.153625389646
0.166177742959
0.127933297424
0.176827602628
0.176179321525
0.139326652255
0.145387945809
0.114525585033
0.124157729614
0.10830117653
0.119600917952
0.126589379097
0.0905961319632
0.152692154457
0.107122755292
0.101084240013
0.107474723813
0.0947540282103
0.108778516157
0.124190519807
0.12144224985
0.125511074439
0.131855884231
0.0981902249158
0.143837011404
0.157488570924
0.116724432272
0.116130701392
0.0896153861139
0.162307804774
0.143153478582
0.16943614344
0.122684181888
0.170569099148
0.116338371252
0.140690763563
0.190091402598
0.119661724801
0.0754857966143
0.124391408276
0.106340801057
0.124156429161
0.124526423839
0.109290477257
0.182682015829
0.112004188879
0.148181543358
0.107958967986
0.105802001325
0.177032503899
0.114938727351
0.113442992253
0.212334696403
0.124492228714
0.108494776854
0.134499913532
0.0888493145255
0.101062329018
0.144536623988
0.135341354759
0.0873908247736
0.203641064767
0.11810238381
0.129059379966
0.113524669557
0.144317614537
0.09283700579
0.113699268869
0.101533749689
0.127007451499
0.135969184371
0.138597365726
0.166983362046
0.124442678106
0.0981146991924
0.119893883873
0.160383134559
0.109269889867
0.107106777298
0.0991965881892
0.101593860221
0.186703768882
0.0915851626619
0.0946747522123
0.120074448129
0.151342369749
0.108427289155
0.106290350264
0.101021731858
0.107840517471
0.0840673139725
0.144357827329
0.149001858671
0.130867245204
0.0939724255131
0.131764087238
0.127307263295
0.110994593616
0.117315447301
0.0846234892447
0.155929172552
0.152441889087
0.125749879576
0.162079688419
0.180875373422
0.092736495948
0.131854309628
0.0962403946839
0.131568935594
0.132252989491
0.118066342065
0.126651868276
0.10107827184
0.156018201162
0.102810902463
0.116354911476
0.115222099552
0.0976283280702
0.127071911807
0.109016692305
0.11372940847
0.12783669369
0.130262817662
0.0991171587244
0.142172415975
0.138193856135
0.126767440087
0.111492223956
0.0852463174412
0.139666368583
0.121373260166
0.164766100675
0.118126911483
0.183852210945
0.115787458928
0.132057068913
0.167315624609
0.135282097584
0.0790790837925
0.125934957587
0.101367395565
0.130046862638
0.130214311059
0.10988106347
0.164041810589
0.124696060924
0.142191497
0.10818071622
0.107005573757
0.185958962073
0.119452702039
0.102976216785
0.179500912299
