0.749737219959
0.76814696694
0.779579320167
0.83231691182
0.71608903625
0.816417556392
0.71713356124
0.704761113243
1.0
0.634117755371
0.754106758025
0.762538756965
0.840808280674
0.82127460013
0.774429164605
0.614830123908
0.838165987045
0.761660629792
0.64983419937
0.797088576178
0.726067563131
0.519957243402
0.62805797006
0.887196006632
0.779604085814
0.624054749179
0.740608142096
0.758365035875
0.650655384351
0.801393875731
0.615114534396
0.684143693452
0.538050673338
0.674331747827
0.703198186654
0.739401067589
0.754402837414
0.67525823346
0.631343411083
0.653407167944
0.765673177384
0.713056122233
0.809681503831
0.7411084712
0.922462009579
1.0
0.807165612348
0.56180284791
0.944258802085
0.873653039865
0.811388422584
0.677145231615
0.780067791955
0.531711726158
0.642879937026
0.789926147687
0.778925502908
0.750318934894
0.809408751776
0.604571424909
0.802990338015
0.772844375263
0.806908012915
0.571907023694
0.639981833682
0.614633457287
0.670823017769
0.833282249763
0.742937976765
0.522078312341
0.71358990777
0.667256182857
0.817961019235
0.597291995726
0.907945648149
0.896430238853
0.955990593021
0.770994144683
0.734332929202
0.798272085462
0.763842907868
0.748133566057
0.707051012933
0.827539494185
0.674698548818
0.693296318014
0.757823029657
0.699974254678
0.95679237931
0.909282242139
0.820803409104
0.655827598652
0.769377278984
0.714316050584
0.865394437578
0.69078595181
0.793918074266
0.784817647772
0.571080899042
0.781773616562
0.698436817202
0.803607775926
0.757000642994
0.818752915849
0.769507997959
0.871120753038
0.680417213838
0.718180391299
0.854292963242
0.634117755371
0.709475661171
0.811457130079
0.825329103065
0.7715342793
0.824451141813
0.671957496646
0.865167364882
0.761660629792
0.8
0.820980522292
0.735146348433
0.478238610602
0.590689953414
0.796623274547
0.756395284352
0.628416529308
0.822055964392
0.788475352981
0.708697757865
0.792008173164
0.664541026256
0.62105279082
0.5487120146
0.704436357752
0.707515354547
0.767532307174
0.841849837869
0.622335824881
0.577434173449
0.666188611468
0.762742987848
0.702001487281
0.757266130486
0.777623844575
0.726352986814
0.822151007501
0.673003630439
0.615131995596
0.819105101089
0.880002223261
0.815280989117
0.759554505446
0.511563896173
0.746964115221
0.664523673203
0.801151273743
0.715471040391
0.74939602882
0.709898792423
0.602151713664
0.731321312743
0.832167396385
0.734077290632
0.65942714653
0.773431784313
0.529933315335
0.666404774259
0.804191354372
0.708748948255
0.515738401411
0.763181636512
0.792610077267
0.691899494935
0.662036867552
0.947663291635
0.770914749671
0.723820221827
0.831259973722
0.714517545745
0.728750931838
0.812447484595
0.726817330202
0.774729566323
0.826885015385
0.625854965183
0.658084815245
0.800339415526
0.628684214736
0.877835238911
0.915715737875
0.767168979588
0.822632577978
0.82888503151
0.806740798957
0.83226232317
0.603717864388
0.857743550332
0.70688494435
0.628364410342
0.761302496394
0.814587614917
0.761649690861
0.808611832789
0.825876239767
0.817823440824
0.834698987158
0.718286314121
0.776504345507
1.0
0.58953228854
0.752831222372
0.773876061095
0.806203352635
0.69974852967
0.593225230722
0.597338448662
0.631256383197
0.702789998193
0.629262535165
0.631919224433
0.599288462005
0.591788675456
0.652424335119
0.846814354211
0.70001726141
0.550306275563
0.711316023258
0.793601707761
0.827802213049
0.700991688074
0.673463522985
0.59580799194
0.62672220033
0.869639826442
0.742056394996
0.765538473022
0.685209932735
0.564778764424
0.536665920472
0.73244877226
0.709308704353
0.627676103894
0.893248636539
0.733042944831
0.752548690176
0.767112445812
0.660191221836
0.788406747545
0.544876503618
0.782236619104
0.763736303789
0.739332595983
0.399637738969
0.579882297791
0.758330376109
0.865726962275
0.782387617213
0.522346159196
0.762173312407
0.638524872694
0.65066522544
0.817694627926
0.635136383883
0.812267839663
0.855507030169
0.531044230727
0.714094074251
0.645781211652
0.792066840503
0.629265722011
0.642393866155
0.710557831483
0.614115886947
0.509076578
0.843399171161
0.688424695101
0.572428516893
0.755290162287
0.609918845287
0.693417695054
0.809101603662
0.905009418147
0.935638474321
0.81462799609
0.645839691304
0.752428427468
0.771878907093
0.698405769995
0.799415616198
0.817834601134
0.843435520863
0.701704503913
0.900493676091
0.596580543751
0.781957517269
0.708752780286
0.710767786578
0.735530229979
0.638090278433
0.501250362935
0.663095176923
0.831476844338
0.97633238244
0.886328167456
0.800980098797
0.919134279308
0.736159620034
0.763659919793
1.0
0.717768148125
0.800181835997
0.712534797221
0.844719555805
0.81001071175
0.764641816345
0.653573527541
0.838165987045
0.761660629792
0.759373785308
0.944003656659
0.738586649668
0.566407358039
0.580583171778
0.806682164362
0.77885394408
0.71627172209
0.744608045003
0.847739238029
0.664833539276
0.765252138915
0.687672995763
0.694625931097
0.413101704411
0.656685748555
0.81541181187
0.732772126735
0.765134096088
0.704246452559
0.593979436376
0.649425012751
0.701138342947
0.713210163313
0.865006495539
0.764323305485
0.844339566372
0.852430871558
0.773503037675
0.790378850173
0.850590235684
0.819018340779
0.76732032802
0.642380509123
0.486801106211
0.690292404988
0.697976688581
0.77184601684
0.695891299831
0.641987474061
0.66069532055
0.630737474739
0.709039892258
0.785504404626
0.86527574092
0.791873316643
0.75612200706
0.582712669017
0.678654628636
0.714092701424
0.775413412546
0.542843829622
0.749519584844
0.785233650886
0.797321463483
0.632837835742
0.961359235688
0.781129742607
0.893081118254
0.916704251414
0.709051721324
0.799915293651
0.810622039122
0.820443376252
0.815430739821
0.835858774343
0.66483928866
0.745674258487
0.846783112416
0.781904934424
0.821360515608
0.886627720434
0.856414497718
0.708370913091
0.840287360745
0.894477441848
0.857203675439
0.648420885955
0.870525010892
0.803982082659
0.628486239377
0.718457487083
0.749737219959
0.829997556052
0.828023772163
0.833677445014
0.831967345849
0.892753946154
0.772012384235
0.797871714644
0.9
0.663959337874
0.801421375016
0.724226755852
0.806531472043
0.856477625235
0.833609846106
0.69758395445
0.838165987045
0.755438763092
0.608124296611
0.807498264871
0.775689620587
0.676646442395
0.554983585152
0.844602383637
0.735206403051
0.648605862251
0.772021372332
0.792861757443
0.904556120522
0.791486181779
0.588871053123
0.72733773691
0.659949177375
0.74146516763
0.804804105806
0.736903347471
0.835924079036
0.771396678324
0.590901545763
0.595956517156
0.775761617732
0.715663559722
0.823415725148
0.750134984244
0.795957346931
0.882769435794
0.840778930131
0.693433654824
0.817427702285
0.874029458477
0.758536448631
0.642380509123
0.521978318796
0.805270151396
0.752499345321
0.78510668221
0.725151672823
0.741492222653
0.766370086039
0.605810392277
0.748485611989
0.764821300051
0.885765969935
0.848685475149
0.705877913414
0.705460170946
0.698334853834
0.778740517723
0.648488317873
0.562146678057
0.735967307542
0.83900372
0.736106319816
0.542191423863
0.977674653496
0.85030495231
0.927904103318
0.916704251414
0.622388976515
0.757981541919
0.733243927837
0.721501472083
0.921878899775
0.92430119945
0.672896490018
0.738784459125
0.756304564235
0.744338446474
0.966666666667
0.885613060265
0.806218882424
0.857507997194
0.845307614618
0.806688428488
0.776700882072
0.583626088811
0.864846194345
0.789711938848
0.681747959223
0.72679811098
0.698436817202
0.830628105968
0.876331431157
0.864459706183
0.866226708581
0.925187665669
0.782085000507
0.761109265079
1.0
0.713549964351
0.795240340701
0.719308714291
0.830570450995
0.794516134869
0.703020840335
0.708420259766
0.847693686066
0.761660629792
0.738888888889
0.797972128969
0.672431095786
0.71023202579
0.599250317709
0.912237719917
0.73516664515
0.600766775117
0.770375278757
0.817383091572
0.679391954445
0.774275583779
0.637717021695
0.657775846265
0.48755690519
0.693965717426
0.902789122118
0.724096788489
0.741661387932
0.694808631945
0.603615458337
0.615099862156
0.718185117919
0.678289339009
0.875765708871
0.747592452005
0.818343045047
0.792216790873
0.764908490352
0.790378850173
0.835098570142
0.837327986099
0.811592502708
0.623002232992
0.50132280052
0.675429611527
0.695505732203
0.820903149063
0.766127367469
0.774840097255
0.727336994983
0.610457982512
0.687712830841
0.777920013073
0.86527574092
0.764723374358
0.717404828599
0.629230757812
0.594133136913
0.740525002693
0.705473553205
0.567083520555
0.746178505101
0.839095936175
0.817961019235
0.639429167979
0.977674653496
0.845691381782
0.861063683111
0.916704251414
0.61390264508
0.758733377788
0.829602122172
0.767662896084
0.854582234707
0.839453973197
0.685125112933
0.71705280747
0.796930553754
0.688712524415
0.855101913628
0.886752724592
0.856414497718
0.668281590223
0.865873545454
0.906460685021
0.758783461599
0.671266671211
0.870525010892
0.810028743324
0.691285701069
0.769004573372
0.904043301502
0.879895813399
0.772466830197
0.820800431459
0.82183048133
0.891907856102
0.795715037613
0.817156382558
1.0
0.662599235521
0.76782802253
0.750652167808
0.778434480828
0.757774470808
0.615109387398
0.691966487151
0.838165987045
0.776969032505
0.8
0.842678946418
0.718499392724
0.715899226175
0.6195166005
0.812534482126
0.719797315899
0.584548217868
0.775874621539
0.708148771216
0.885929974335
0.764420532826
0.664995554266
0.703438154065
0.76369785918
0.702618628091
0.849171295156
0.703684074071
0.799815752972
0.682896854788
0.587624746219
0.750435113761
0.658740019249
0.696189712205
0.851038265251
0.771332443896
0.84961300187
0.865957309185
0.904285629429
0.7172853665
0.846358613368
0.823109036787
0.811592502708
0.623002232992
0.556962068522
0.900905837822
0.802997337841
0.767285161045
0.747674657242
0.699416001145
0.747818774957
0.533698793054
0.803779139879
0.835644391433
0.637683652601
0.667295185673
0.650144603546
0.633484808729
0.738209429302
0.810895125582
0.651688494119
0.540267310369
0.660893443109
0.721324010921
0.762042800989
0.541001964819
0.923399812325
0.90843156882
0.896101812055
0.829943166823
0.700771689503
0.821123502621
0.777179888476
0.838934364499
0.834479881345
0.849890417434
0.605156075316
0.707624797918
0.865162458938
0.685829533151
0.928571428571
0.916907108228
0.836224656761
0.8335835284
0.888593236022
0.884343948436
0.833091433755
0.662328620967
0.888619489379
0.821872885168
0.633080966307
0.761302496394
0.698436817202
0.88365449302
0.889551812715
0.844091455246
0.817162895527
0.871461818913
0.721956756541
0.764120363331
1.0
0.769781704176
0.763273056874
0.696083675553
0.858972498265
0.866268146759
0.835044785835
0.719194583986
0.879736119573
0.702789998193
0.791678392203
0.781105501576
0.8082305862
0.606797688186
0.690398901302
0.849139120381
0.659080028647
0.651252521108
0.752750076179
0.782615474504
0.693049240281
0.775791200057
0.617647835627
0.660244026501
0.507900571257
0.730833151308
0.926957381485
0.738982013533
0.819400066577
0.689632203737
0.584151973087
0.616487949271
0.704339861822
0.682335561338
0.833108027447
0.764544795576
0.903215669022
0.887695699595
0.896297204253
0.75633876239
0.812428318513
0.917319386076
0.893570569277
0.623002232992
0.504433780037
0.82288173596
0.748703482092
0.778172864008
0.74641108961
0.690281860025
0.751216964902
0.626838591148
0.722902619604
0.764088321876
0.960644127039
0.714472519325
0.717404828599
0.648928943425
0.646472087219
0.79278814329
0.755125333128
0.531990737151
0.755595436023
0.693662005287
0.817961019235
0.555465666267
0.953129376943
0.85579120735
0.955990593021
0.837627835251
0.705153482023
0.737041725101
0.727166121011
0.76845987912
0.741770078061
0.863376573085
0.676371216063
0.80154971837
0.78979226766
0.697716036024
0.979772465836
0.871332694525
0.828291932503
0.909262449075
0.784302021879
0.882141040919
0.89427766394
0.58496738484
0.849268964508
0.837026643438
0.64269105946
0.723941840053
0.698436817202
0.748498802996
0.774063635842
0.841472360151
0.812282018787
0.892753946154
0.761364802137
0.803816025939
0.872848611608
0.789502046868
0.740113192398
0.676162991573
0.81743985128
0.822381409937
0.820238492074
0.654368712819
0.838165987045
0.761660629792
0.679178392203
0.944003656659
0.772641457155
0.6925109894
0.64609900185
0.637996602298
0.707926249943
0.700401269894
0.69716231818
0.697278111857
0.911579783902
0.652514988615
0.653776957657
0.596832780082
0.732531941962
0.79174687058
0.729458568475
0.756368233119
0.738129182044
0.703055189502
0.522790209045
0.722644990139
0.71285409268
0.711008429564
0.805059251748
0.678785061314
0.881511176646
0.943032009474
0.871227386759
0.656826941407
0.787957068743
0.769820280105
0.783827685915
0.778146381154
0.526277241327
0.645430636814
0.713805170079
0.779203736022
0.730804711556
0.807099561199
0.657863222769
0.598312563068
0.675618058071
0.717037662433
0.798530688423
0.904773086049
0.77798962587
0.620842460105
0.65585373417
0.676786386555
0.610189810924
0.534522120062
0.731919078255
0.673334662701
0.817961019235
0.639751010335
0.828358705174
0.793389313091
0.927516925755
0.731152430912
0.699767752579
0.785999417159
0.934335515976
0.685620328379
0.858640416545
0.794315143905
0.63593361874
0.687739061319
0.823005411956
0.644270943155
0.919704860873
0.876301265602
0.872533174796
0.840468441123
0.820633548047
0.672284064429
0.82195161968
0.563496062855
0.636030546607
0.862448016339
0.630122129638
0.655225148781
0.852381988389
0.771639006094
0.944839040971
0.806156336333
0.78526490123
0.891373481771
0.77486098184
0.769153873455
0.836424305804
0.698887881545
0.721224525174
0.712428747633
0.759104567382
0.883037304471
0.883768502714
0.753332953693
0.781501449028
0.702789998193
0.750085410848
0.869003656659
0.664499474356
0.6444921312
0.627158616142
0.762268552757
0.728883098309
0.59157191723
0.819373512841
0.80269486812
0.779309666203
0.766341552316
0.657947439952
0.673562653099
0.682491165922
0.660823957935
0.888235259672
0.715789628514
0.770271635236
0.668490231488
0.568680870684
0.754573100146
0.681095118822
0.703361661468
0.814143558946
0.813457747831
0.722966773512
0.682403403905
0.772242205607
0.56488897848
0.672042798466
0.744568328387
0.893570569277
0.522771429736
0.580316591359
0.635618692493
0.666370163107
0.776977994161
0.706063596118
0.593203350941
0.718983560935
0.631912778235
0.762573053957
0.775818370431
0.765720209763
0.862988551748
0.7431324918
0.665158923522
0.672323138749
0.658567915952
0.803322145481
0.459518927899
0.652631908599
0.838196103413
0.78869117794
0.562214885967
0.906679687891
0.841489123961
1.0
0.832449931344
0.725704109376
0.785176843757
0.773379500283
0.777695937486
0.799402910392
0.818324798451
0.577536029734
0.725298447712
0.728458721113
0.727271421857
0.918085974209
0.916907108228
0.839518794947
0.773729234069
0.896014914925
0.900919468399
0.739899142778
0.632677480748
0.839379910486
0.813113801592
0.533448758027
0.834254578917
0.749737219959
0.859828865056
0.850735402433
0.810195320125
0.836762760257
0.926008508864
0.759720401851
0.739838196406
0.9
0.651029121739
0.759453980536
0.729168997807
0.81556132582
0.892693398547
0.786816477811
0.751511771501
0.838165987045
0.669993963125
0.8
0.840735495577
0.801896995279
0.702001168993
0.626235691802
0.78514320374
0.732518799935
0.572124680254
0.79819114365
0.855706964099
0.757509158477
0.788396526652
0.650973916671
0.69775792352
0.520047152364
0.705601217868
0.880123782692
0.700003436377
0.802066357945
0.648244957328
0.62552136831
0.599685120773
0.736385938902
0.684272315005
0.877608961666
0.793992935568
0.801574425122
0.773884801038
0.829151868729
0.741272361542
0.754115996804
0.837704404711
0.893570569277
0.739332595983
0.528337257984
0.805270151396
0.730058625452
0.784865133059
0.792046817666
0.702821663659
0.744042791905
0.523656053081
0.720459823821
0.835763665822
0.659965504989
0.726235083987
0.717404828599
0.652825522001
0.68544425846
0.758668391908
0.683492639848
0.59417663351
0.749872051576
0.796034243053
0.817961019235
0.629450184358
0.977674653496
0.90843156882
0.816152739548
0.862952832087
0.705153482023
0.771985778232
0.764478881288
0.796142093986
0.863977180306
0.879834238261
0.58894273885
0.755867053183
0.836097140755
0.672880141844
0.966666666667
0.879727244217
0.798273320453
0.851604186143
0.826494174045
0.932080283193
0.874650392715
0.583626088811
0.789846194345
0.828669191782
0.66489583881
0.723941840053
0.582012080507
0.76267738438
0.783112009666
0.752702417991
0.713331890105
0.882402635666
0.727580330121
0.800667057903
0.859275645579
0.535856620162
0.721300737367
0.717696797729
0.78660317649
0.508150812549
0.786816477811
0.669677114599
0.669785387494
0.611123331527
0.790624447867
0.66706745264
0.674314527285
0.59675395696
0.690492377796
0.779906557107
0.725144525331
0.548914023629
0.638294514019
0.777811712797
0.871562085729
0.694393560348
0.632170089227
0.629947017137
0.52959434059
0.761796741443
0.718136278325
0.744310498845
0.732004762315
0.614568755506
0.468348184282
0.612791474024
0.788204686327
0.56248421057
0.800185528538
0.717140829531
0.655459089176
0.672728951241
0.720606537534
0.771911123951
0.608981519293
0.856872012594
0.888888888889
0.735814913
0.325517143875
0.668512404456
0.584424098348
0.784442434725
0.705337270145
0.588904144627
0.690354404772
0.588525089351
0.645925641213
0.746396459887
0.788120379702
0.673716390601
0.779760974341
0.639470079
0.69859669934
0.639589861148
0.657049712138
0.581607674378
0.64172753544
0.725900146142
0.604336442322
0.59136402265
0.892467880092
0.698429140344
0.624266071601
0.773361929065
0.710603597724
0.674237171879
0.808167319528
0.762942363286
0.75464763246
0.933884248152
0.682611615758
0.763535191247
0.668503897793
0.677422365044
1.0
0.916907108228
0.848186941294
0.727387965357
0.899587890298
0.541638570893
0.857839150746
0.659033109112
0.890551304776
0.750697897067
0.562381792476
0.693027363322
