0.666666666667
0.666666666667
0.7
0.315789473684
0.470588235294
0.1875
0.586206896552
0.518518518519
1.0
0.0
0.545454545455
0.684210526316
0.681818181818
0.75
0.727272727273
0.0588235294118
0.1
0.1
0.666666666667
0.0
0.2
0.4
0.444444444444
0.222222222222
0.736842105263
0.538461538462
0.705882352941
0.666666666667
0.0
0.0
0.526315789474
0.578947368421
0.375
0.6
0.619047619048
0.16
0.0322580645161
0.413793103448
0.0555555555556
0.111111111111
0.666666666667
0.565217391304
0.0
0.666666666667
0.88
1.0
0.115384615385
0.333333333333
0.117647058824
0.928571428571
0.75
0.5
0.0
0.0
0.571428571429
0.769230769231
0.0714285714286
0.666666666667
0.12
0.25
0.823529411765
0.548387096774
0.692307692308
0.0
0.0
0.375
0.545454545455
0.8
0.692307692308
0.3
0.0
0.5
0.75
0.0666666666667
0.294117647059
0.0526315789474
0.923076923077
0.636363636364
0.0
0.636363636364
0.714285714286
0.666666666667
0.0714285714286
0.785714285714
0.45
0.0769230769231
0.0
0.0322580645161
0.285714285714
0.0769230769231
0.0
0.5
0.705882352941
0.125
0.0
0.611111111111
0.692307692308
0.666666666667
0.388888888889
0.8
0.5
0.846153846154
0.666666666667
0.764705882353
0.222222222222
0.8
0.545454545455
0.56
0.8
0.0
0.5
0.833333333333
0.652173913043
0.705882352941
0.692307692308
0.0
0.777777777778
0.1
0.8
0.0
0.266666666667
0.0588235294118
0.375
0.111111111111
0.7
0.6
0.866666666667
0.772727272727
0.444444444444
0.733333333333
0.666666666667
0.583333333333
0.333333333333
0.5
0.565217391304
0.652173913043
0.0322580645161
0.0344827586207
0.0555555555556
0.222222222222
0.6875
0.0689655172414
0.6875
0.615384615385
0.75
0.769230769231
0.6
0.375
0.705882352941
0.928571428571
0.75
0.625
0.0909090909091
0.6
0.6
0.785714285714
0.0
0.588235294118
0.52380952381
0.0
0.565217391304
0.75
0.461538461538
0.0
0.1875
0.0625
0.52380952381
0.777777777778
0.307692307692
0.333333333333
0.0
0.647058823529
0.636363636364
0.571428571429
0.933333333333
0.0
0.777777777778
0.0833333333333
0.555555555556
0.521739130435
0.375
0.666666666667
0.0
0.785714285714
0.411764705882
0.0
0.588235294118
0.37037037037
0.0
0.0769230769231
0.0526315789474
0.75
0.0588235294118
0.714285714286
0.105263157895
0.0526315789474
0.818181818182
0.541666666667
0.473684210526
0.727272727273
0.666666666667
0.65
0.7
0.764705882353
0.8
0.75
0.5
0.6
1.0
0.25
0.571428571429
0.727272727273
0.619047619048
0.588235294118
0.5
0.117647058824
0.6
0.1
0.5
0.0833333333333
0.133333333333
0.411764705882
0.0555555555556
0.555555555556
0.647058823529
0.0666666666667
0.555555555556
0.714285714286
0.0
0.607142857143
0.65
0.470588235294
0.333333333333
0.789473684211
0.681818181818
0.32
0.533333333333
0.333333333333
0.0
0.555555555556
0.0
0.461538461538
0.0
0.583333333333
0.75
0.6
0.565217391304
0.444444444444
0.428571428571
0.833333333333
0.75
0.666666666667
0.272727272727
0.363636363636
0.666666666667
0.8
0.642857142857
0.272727272727
0.571428571429
0.0
0.444444444444
0.645161290323
0.545454545455
0.8
0.4375
0.0625
0.590909090909
0.5
0.769230769231
0.428571428571
0.0
0.571428571429
0.454545454545
0.0
0.692307692308
0.0526315789474
0.25
0.0833333333333
0.0
0.55
0.75
0.941176470588
0.142857142857
0.692307692308
0.391304347826
0.230769230769
0.5
0.451612903226
0.0
0.75
0.0526315789474
0.0769230769231
0.176470588235
0.428571428571
0.631578947368
0.6875
0.666666666667
0.6
0.529411764706
0.363636363636
0.166666666667
0.8125
0.727272727273
0.0526315789474
0.647058823529
0.125
0.607142857143
0.592592592593
1.0
0.0
0.666666666667
0.590909090909
0.681818181818
0.75
0.615384615385
0.0588235294118
0.1
0.1
0.7
0.0
0.533333333333
0.4375
0.0
0.444444444444
0.705882352941
0.75
0.769230769231
0.8
0.444444444444
0.6
0.608695652174
0.55
0.111111111111
0.444444444444
0.0
0.636363636364
0.612903225806
0.0689655172414
0.111111111111
0.222222222222
0.25
0.576923076923
0.222222222222
0.615384615385
0.818181818182
0.846153846154
0.739130434783
0.444444444444
0.705882352941
0.857142857143
0.714285714286
0.5
0.363636363636
0.0
0.0588235294118
0.666666666667
0.0714285714286
0.466666666667
0.47619047619
0.0
0.590909090909
0.620689655172
0.9
0.166666666667
0.1875
0.3125
0.52
0.7
0.75
0.333333333333
0.08
0.714285714286
0.692307692308
0.0666666666667
0.882352941176
0.0
0.833333333333
0.9
0.111111111111
0.125
0.714285714286
0.736842105263
0.75
0.785714285714
0.45
0.115384615385
0.777777777778
0.612903225806
0.142857142857
0.846153846154
0.0
0.461538461538
0.0588235294118
0.916666666667
0.777777777778
0.0526315789474
0.833333333333
0.72
0.444444444444
0.636363636364
0.666666666667
0.764705882353
0.727272727273
0.0526315789474
0.666666666667
0.866666666667
0.695652173913
0.666666666667
1.0
0.0
0.227272727273
0.65
0.666666666667
0.8125
0.75
0.294117647059
0.1
0.7
0.571428571429
0.166666666667
0.0666666666667
0.117647058824
0.352941176471
0.111111111111
0.75
0.571428571429
0.733333333333
0.0454545454545
0.875
0.71875
0.5625
0.666666666667
0.222222222222
0.588235294118
0.761904761905
0.583333333333
0.785714285714
0.615384615385
0.0555555555556
0.222222222222
0.666666666667
0.583333333333
0.666666666667
0.6
0.761904761905
0.857142857143
0.0384615384615
0.444444444444
0.75
0.928571428571
0.222222222222
0.5
0.0909090909091
0.0
0.733333333333
0.733333333333
0.0
0.588235294118
0.619047619048
0.0833333333333
0.65
0.592592592593
0.833333333333
0.0833333333333
0.25
0.125
0.52
0.8
0.538461538462
0.4375
0.12
0.75
0.636363636364
0.0666666666667
0.9375
0.368421052632
0.916666666667
0.9
0.5
0.590909090909
0.125
0.647058823529
0.857142857143
0.928571428571
0.473684210526
0.0769230769231
0.5625
0.592592592593
0.142857142857
0.384615384615
0.0526315789474
0.769230769231
0.176470588235
0.75
0.733333333333
0.0
0.833333333333
0.714285714286
0.588235294118
0.7
0.5
0.8125
0.888888888889
0.0526315789474
0.705882352941
0.928571428571
0.72
0.6
1.0
0.125
0.590909090909
0.619047619048
0.681818181818
0.785714285714
0.615384615385
0.117647058824
0.2
0.1
0.777777777778
0.0833333333333
0.133333333333
0.117647058824
0.428571428571
0.888888888889
0.705882352941
0.583333333333
0.846153846154
0.8
0.0
0.666666666667
0.714285714286
0.533333333333
0.222222222222
0.6
0.863636363636
0.56
0.6
0.48275862069
0.388888888889
0.0
0.642857142857
0.52
0.777777777778
0.571428571429
0.772727272727
0.692307692308
0.772727272727
0.444444444444
0.117647058824
0.857142857143
0.75
0.428571428571
0.3
0.454545454545
0.588235294118
0.846153846154
0.0
0.625
0.545454545455
0.5
0.588235294118
0.58064516129
0.9
0.166666666667
0.625
0.125
0.4
0.7
0.666666666667
0.411764705882
0.08
0.785714285714
0.75
0.533333333333
0.9375
0.0526315789474
0.230769230769
0.9
0.111111111111
0.0416666666667
0.75
0.705882352941
0.785714285714
0.75
0.470588235294
0.0
0.111111111111
0.461538461538
0.785714285714
0.846153846154
0.0
0.5
0.117647058824
0.785714285714
0.666666666667
0.0526315789474
0.833333333333
0.703703703704
0.588235294118
0.727272727273
0.666666666667
0.8
0.75
0.0526315789474
0.222222222222
0.8
0.666666666667
0.692307692308
1.0
0.25
0.0909090909091
0.608695652174
0.565217391304
0.117647058824
0.0769230769231
0.0588235294118
0.1
0.3
0.8
0.0
0.2
0.176470588235
0.111111111111
0.222222222222
0.619047619048
0.461538461538
0.8
0.272727272727
0.555555555556
0.666666666667
0.590909090909
0.611111111111
0.555555555556
0.6
0.772727272727
0.04
0.0
0.51724137931
0.0
0.444444444444
0.0625
0.535714285714
0.166666666667
0.6
0.894736842105
0.846153846154
0.916666666667
0.571428571429
0.764705882353
0.764705882353
0.75
0.428571428571
0.0909090909091
0.181818181818
0.705882352941
0.2
0.0714285714286
0.5625
0.6
0.0833333333333
0.777777777778
0.666666666667
0.0769230769231
0.166666666667
0.125
0.0
0.631578947368
0.8
0.307692307692
0.047619047619
0.565217391304
0.75
0.727272727273
0.0
0.823529411765
0.105263157895
0.230769230769
0.25
0.111111111111
0.166666666667
0.0
0.8125
0.769230769231
0.846153846154
0.421052631579
0.0384615384615
0.166666666667
0.466666666667
0.928571428571
0.769230769231
0.0526315789474
0.692307692308
0.0588235294118
0.375
0.0526315789474
0.0
0.846153846154
0.72
0.473684210526
0.727272727273
0.5
0.85
0.818181818182
0.736842105263
0.647058823529
0.25
0.592592592593
0.592592592593
1.0
0.25
0.571428571429
0.6
0.695652173913
0.823529411765
0.692307692308
0.0588235294118
0.6
0.0
0.75
0.0833333333333
0.0666666666667
0.176470588235
0.444444444444
0.777777777778
0.526315789474
0.0666666666667
0.705882352941
0.727272727273
0.111111111111
0.65625
0.625
0.5
0.222222222222
0.611111111111
0.952380952381
0.6
0.0645161290323
0.137931034483
0.0555555555556
0.0
0.0625
0.51724137931
0.764705882353
0.692307692308
0.869565217391
0.857142857143
0.88
0.0
0.705882352941
1.0
0.875
0.428571428571
0.363636363636
0.8
0.666666666667
0.133333333333
0.0714285714286
0.529411764706
0.541666666667
0.5
0.631578947368
0.548387096774
0.923076923077
0.0
0.625
0.125
0.48
0.727272727273
0.153846153846
0.368421052632
0.0
0.5625
0.75
0.5
0.9375
0.0
0.923076923077
0.0
0.0
0.571428571429
0.571428571429
0.666666666667
0.642857142857
0.916666666667
0.428571428571
0.0384615384615
0.111111111111
0.481481481481
0.428571428571
0.153846153846
0.0
0.909090909091
0.0588235294118
0.3125
0.157894736842
0.470588235294
0.769230769231
0.730769230769
0.470588235294
0.727272727273
0.5
0.631578947368
0.7
0.736842105263
0.0555555555556
0.866666666667
0.72
0.0740740740741
0.8
0.0
0.5
0.545454545455
0.6
0.8
0.153846153846
0.176470588235
0.1
0.0
0.625
0.0
0.692307692308
0.0
0.111111111111
0.111111111111
0.588235294118
0.615384615385
0.55
0.0454545454545
0.333333333333
0.48275862069
0.590909090909
0.5
0.333333333333
0.777777777778
0.25
0.28
0.0645161290323
0.5
0.0
0.111111111111
0.125
0.576923076923
0.733333333333
0.538461538462
0.904761904762
0.933333333333
0.833333333333
0.111111111111
0.733333333333
0.833333333333
0.625
0.8
0.272727272727
0.0909090909091
0.588235294118
0.666666666667
0.142857142857
0.666666666667
0.428571428571
0.0
0.588235294118
0.0
0.0
0.833333333333
0.6875
0.125
0.5
0.166666666667
0.5
0.421052631579
0.04
0.4375
0.75
0.533333333333
0.117647058824
0.8
0.916666666667
0.0
0.222222222222
0.25
0.25
0.6875
0.142857142857
0.769230769231
0.0416666666667
0.0384615384615
0.75
0.407407407407
0.428571428571
0.307692307692
0.157894736842
0.818181818182
0.117647058824
0.461538461538
0.105263157895
0.388888888889
0.5
0.857142857143
0.5625
0.583333333333
0.0
0.666666666667
0.909090909091
0.105263157895
0.0555555555556
0.0625
0.72
0.56
0.8
0.0
0.272727272727
0.590909090909
0.0
0.823529411765
0.153846153846
0.117647058824
0.3
0.0
0.7
0.0833333333333
0.0666666666667
0.533333333333
0.0
0.222222222222
0.631578947368
0.461538461538
0.8125
0.0454545454545
0.222222222222
0.0277777777778
0.590909090909
0.555555555556
0.333333333333
0.529411764706
0.125
0.04
0.161290322581
0.0344827586207
0.0555555555556
0.222222222222
0.0625
0.555555555556
0.705882352941
0.714285714286
0.65
0.5
0.739130434783
0.444444444444
0.0588235294118
0.647058823529
0.875
0.222222222222
0.0
0.0
0.0588235294118
0.0666666666667
0.0714285714286
0.0588235294118
0.16
0.0
0.722222222222
0.0
0.0769230769231
0.25
0.375
0.0
0.0
0.5
0.153846153846
0.25
0.08
0.6875
0.666666666667
0.0666666666667
0.176470588235
0.789473684211
1.0
0.0833333333333
0.0
0.0833333333333
0.5
0.0909090909091
0.0
0.75
0.315789473684
0.0384615384615
0.111111111111
0.0645161290323
0.0714285714286
0.769230769231
0.0
0.538461538462
0.0588235294118
0.8
0.105263157895
0.105263157895
0.769230769231
0.692307692308
0.277777777778
0.75
0.666666666667
0.823529411765
0.8
0.263157894737
0.705882352941
0.866666666667
0.692307692308
0.0740740740741
1.0
0.0
0.272727272727
0.65
0.666666666667
0.875
0.692307692308
0.117647058824
0.1
0.1
0.8
0.0833333333333
0.4
0.0588235294118
0.388888888889
0.333333333333
0.631578947368
0.466666666667
0.75
0.772727272727
0.222222222222
0.71875
0.565217391304
0.625
0.25
0.588235294118
0.818181818182
0.16
0.0322580645161
0.428571428571
0.0
0.0
0.642857142857
0.51724137931
0.777777777778
0.727272727273
0.8
0.642857142857
0.791666666667
0.555555555556
0.647058823529
0.857142857143
0.875
0.666666666667
0.333333333333
0.0909090909091
0.647058823529
0.714285714286
0.0714285714286
0.5625
0.571428571429
0.166666666667
0.647058823529
0.193548387097
0.0
0.0833333333333
0.625
0.125
0.5
0.727272727273
0.153846153846
0.4
0.04
0.846153846154
0.75
0.133333333333
0.9375
0.315789473684
0.538461538462
0.166666666667
0.0
0.590909090909
0.25
0.705882352941
0.142857142857
0.923076923077
0.388888888889
0.0
0.722222222222
0.0645161290323
0.142857142857
0.615384615385
0.0
0.307692307692
0.0588235294118
0.866666666667
0.105263157895
0.0526315789474
0.75
0.72
0.55
0.727272727273
0.333333333333
0.631578947368
0.0909090909091
0.578947368421
0.611111111111
0.8
0.0
0.72
0.2
0.125
0.181818181818
0.608695652174
0.0869565217391
0.375
0.692307692308
0.0
0.2
0.0
0.4
0.0833333333333
0.0
0.0
0.0
0.0
0.631578947368
0.0
0.5
0.75
0.777777777778
0.548387096774
0.529411764706
0.380952380952
0.111111111111
0.722222222222
0.0416666666667
0.583333333333
0.548387096774
0.0344827586207
0.0
0.0
0.0625
0.392857142857
0.75
0.692307692308
0.578947368421
0.133333333333
0.695652173913
0.333333333333
0.466666666667
0.866666666667
0.888888888889
0.666666666667
0.0909090909091
0.6
0.0588235294118
0.0666666666667
0.0
0.375
0.52380952381
0.0833333333333
0.45
0.586206896552
0.692307692308
0.5
0.125
0.0
0.0
0.545454545455
0.0
0.0
0.0
0.529411764706
0.5
0.5
0.0588235294118
0.0526315789474
0.333333333333
0.0
0.555555555556
0.0833333333333
0.125
0.666666666667
0.642857142857
0.928571428571
0.45
0.0769230769231
0.0
0.0322580645161
1.0
0.769230769231
0.0526315789474
0.153846153846
0.294117647059
0.266666666667
0.777777777778
0.526315789474
0.785714285714
0.625
0.4
0.6
