0.111111111111
0.0333333333333
0.0636363636364
0.0368421052632
0.0261437908497
0.0404411764706
0.0195402298851
0.0192043895748
0.2
0.025
0.0283874675608
0.0273684210526
0.0296442687747
0.0441176470588
0.0691533876719
0.0228758169935
0.075
0.0583333333333
0.0666666666667
0.0462962962963
0.0333333333333
0.0235294117647
0.0246913580247
0.100476300185
0.0350877192982
0.0358974358974
0.0294117647059
0.030303030303
0.0444444444444
0.0187687687688
0.024946845532
0.025171624714
0.0416666666667
0.0329580894039
0.0257936507937
0.0214285714286
0.0197132616487
0.0142687277051
0.0233918128655
0.042735042735
0.0416666666667
0.0194902548726
0.0357029333115
0.0444444444444
0.0352
0.0666666666667
0.025198938992
0.037037037037
0.046439628483
0.0515873015873
0.0833333333333
0.0555555555556
0.0519480519481
0.0227272727273
0.0336134453782
0.0512820512821
0.0428571428571
0.0392156862745
0.0246153846154
0.0384615384615
0.0343137254902
0.0176899063476
0.0532544378698
0.0277777777778
0.0244565217391
0.0234375
0.020979020979
0.0666666666667
0.0532544378698
0.0142857142857
0.021935483871
0.0294117647059
0.0535714285714
0.025
0.0457516339869
0.0421052631579
0.0710059171598
0.0530303030303
0.0555555555556
0.0265151515152
0.0892857142857
0.0348497083225
0.0357142857143
0.0491071428571
0.01875
0.0164835164835
0.0277777777778
0.0141129032258
0.0625
0.0615384615385
0.0382775119617
0.0384615384615
0.0415224913495
0.0397069693359
0.040296038291
0.0376304868305
0.0461538461538
0.0238095238095
0.0194444444444
0.0615384615385
0.0833333333333
0.0423076923077
0.0606060606061
0.0402476780186
0.031746031746
0.05
0.0181818181818
0.0207407407407
0.16
0.025
0.0263943257073
0.0333333333333
0.0283553875236
0.0415224913495
0.0644315647165
0.0264705882353
0.0777777777778
0.0583333333333
0.08
0.0462962962963
0.0313725490196
0.016339869281
0.0208333333333
0.0894084890903
0.0333333333333
0.04
0.0361111111111
0.0351239669421
0.0493827160494
0.0203703703704
0.0289855072464
0.0253623188406
0.037037037037
0.0272185670529
0.0235507246377
0.0260869565217
0.0230414746544
0.0126436781609
0.0175438596491
0.042735042735
0.04296875
0.0177975528365
0.0412058201079
0.0410256410256
0.03
0.0512820512821
0.0230769230769
0.0416666666667
0.0415224913495
0.0515873015873
0.0833333333333
0.0694444444444
0.030303030303
0.0545454545455
0.0352941176471
0.052380952381
0.0357142857143
0.0346020761246
0.0209523809524
0.0364583333333
0.0235507246377
0.0241935483871
0.043956043956
0.0416666666667
0.0357142857143
0.0173611111111
0.0201465201465
0.0648148148148
0.0432692307692
0.015873015873
0.0226666666667
0.038062283737
0.0454545454545
0.0380952380952
0.0549019607843
0.0325814536341
0.0598290598291
0.0512820512821
0.0617283950617
0.0217391304348
0.0833333333333
0.0348497083225
0.047619047619
0.0491071428571
0.0171568627451
0.0149572649573
0.0326797385621
0.0119474313023
0.0541572267188
0.0659340659341
0.0320366132723
0.0576923076923
0.0411764705882
0.053151237495
0.0393534843331
0.0312358592001
0.0600650228255
0.0193452380952
0.0236842105263
0.0559440559441
0.0952380952381
0.0325
0.0636363636364
0.0402476780186
0.0444444444444
0.046875
0.0166666666667
0.0222222222222
0.2
0.0277777777778
0.0298157005245
0.0290909090909
0.0269151138716
0.0346020761246
0.0505700925454
0.0191577482034
0.06
0.05
0.05
0.0297619047619
0.0235294117647
0.0242214532872
0.0238095238095
0.0872382268882
0.03081232493
0.025
0.0231481481481
0.0324675324675
0.0777777777778
0.0168650793651
0.0282608695652
0.0204603580563
0.0555555555556
0.0441443516903
0.0284090909091
0.0246153846154
0.0172043010753
0.0114942528736
0.0138888888889
0.0617283950617
0.0367647058824
0.0159151193634
0.0438596491228
0.0388888888889
0.03
0.04
0.0217391304348
0.0666666666667
0.0252100840336
0.0462962962963
0.0833333333333
0.0740740740741
0.0247933884298
0.0330578512397
0.0392156862745
0.0533333333333
0.0459183673469
0.0160427807487
0.0228571428571
0.0416666666667
0.0185185185185
0.0208116545265
0.041958041958
0.0666666666667
0.0477941176471
0.01875
0.0227272727273
0.0416666666667
0.0591715976331
0.0204081632653
0.0167741935484
0.0336134453782
0.0324675324675
0.0210526315789
0.0407239819005
0.0297425468448
0.0192307692308
0.0343137254902
0.030303030303
0.0229166666667
0.09375
0.0475948783308
0.0619047619048
0.0432692307692
0.0163043478261
0.0192307692308
0.0277777777778
0.0145681581686
0.0446428571429
0.0576923076923
0.0382775119617
0.0407239819005
0.0490196078431
0.0267857142857
0.0358845541456
0.0423342976843
0.0444444444444
0.0214285714286
0.0264705882353
0.027972027972
0.0625
0.040625
0.0833333333333
0.0401002506266
0.0359477124183
0.0514705882353
0.0202380952381
0.0219478737997
0.2
0.0340909090909
0.0359890933346
0.0236363636364
0.0296442687747
0.0441176470588
0.0585144049532
0.0235294117647
0.075
0.0583333333333
0.07
0.0666666666667
0.0355555555556
0.0257352941176
0.0175438596491
0.0983493379993
0.0336134453782
0.05
0.0320512820513
0.0363636363636
0.0493827160494
0.0166666666667
0.0264650283554
0.0239130434783
0.0277777777778
0.0272850388601
0.03
0.0254545454545
0.0206731975416
0.0172413793103
0.0185185185185
0.0505050505051
0.0367647058824
0.0198938992042
0.0409356725146
0.0410256410256
0.0327272727273
0.0564102564103
0.0284280936455
0.0666666666667
0.0415224913495
0.047619047619
0.0793650793651
0.0555555555556
0.0330578512397
0.041958041958
0.0326797385621
0.0444444444444
0.0285714285714
0.0274509803922
0.0190476190476
0.0388888888889
0.0246212121212
0.020022246941
0.0692307692308
0.0512820512821
0.0361842105263
0.01953125
0.02
0.0583333333333
0.0576923076923
0.015873015873
0.0242857142857
0.0420168067227
0.0494505494505
0.0296296296296
0.0519031141869
0.0311004784689
0.0641025641026
0.075
0.0555555555556
0.0233333333333
0.0892857142857
0.0378002021429
0.0535714285714
0.0491071428571
0.01875
0.022792022792
0.0432098765432
0.0197710718002
0.0491071428571
0.0650887573964
0.0382775119617
0.0355029585799
0.0433436532508
0.0572916666667
0.0437260937034
0.0338674381474
0.0555555555556
0.0257142857143
0.0222222222222
0.048951048951
0.111111111111
0.0382352941176
0.0661157024793
0.0358851674641
0.037037037037
0.0541666666667
0.0231884057971
0.0246913580247
0.2
0.0277777777778
0.0345436138318
0.026
0.0289855072464
0.0477941176471
0.0698008617762
0.0261437908497
0.075
0.07
0.0571428571429
0.0520833333333
0.03
0.0294117647059
0.0196078431373
0.0894084890903
0.0357142857143
0.0380952380952
0.0305555555556
0.0335968379447
0.0972222222222
0.0199652777778
0.0244565217391
0.0289855072464
0.0444444444444
0.0320218435916
0.031746031746
0.0233333333333
0.0253456221198
0.0212201591512
0.0185185185185
0.040404040404
0.0416666666667
0.0201149425287
0.037037037037
0.04
0.0304761904762
0.0571428571429
0.02849002849
0.0493827160494
0.0441176470588
0.0515873015873
0.0606060606061
0.0555555555556
0.030303030303
0.0629370629371
0.043137254902
0.0488888888889
0.0292207792208
0.0346020761246
0.0247619047619
0.0388888888889
0.0270833333333
0.0191158900836
0.0641025641026
0.0576923076923
0.0367647058824
0.0330882352941
0.02
0.0666666666667
0.0414201183432
0.0208333333333
0.0206060606061
0.0441176470588
0.0454545454545
0.0291666666667
0.0551470588235
0.0417559899765
0.0705128205128
0.075
0.0555555555556
0.0246212121212
0.075
0.0342258943736
0.0612244897959
0.0580357142857
0.0197368421053
0.0198938992042
0.03125
0.0191158900836
0.0666666666667
0.0604395604396
0.0358851674641
0.0591715976331
0.0411764705882
0.0518382218721
0.0419449966546
0.0286042802527
0.0555555555556
0.0255102040816
0.0294117647059
0.0538461538462
0.0833333333333
0.040625
0.0808080808081
0.0382775119617
0.0392156862745
0.0580357142857
0.024
0.0222222222222
0.2
0.0416666666667
0.0322871097533
0.0247619047619
0.0296442687747
0.046218487395
0.0585144049532
0.030959752322
0.0615384615385
0.0583333333333
0.0777777777778
0.0520833333333
0.0296296296296
0.0340557275542
0.0238095238095
0.10946044911
0.0336134453782
0.0388888888889
0.0352564102564
0.0363636363636
0.0555555555556
0.0185185185185
0.0310559006211
0.0231884057971
0.030303030303
0.0329580894039
0.0359848484848
0.0224
0.0202870353091
0.0166468489893
0.0216049382716
0.037037037037
0.0401785714286
0.0179310344828
0.0432098765432
0.0380952380952
0.0309090909091
0.0461538461538
0.0297202797203
0.0666666666667
0.0424836601307
0.047619047619
0.0833333333333
0.047619047619
0.0272727272727
0.0413223140496
0.0346020761246
0.0564102564103
0.0396825396825
0.0367647058824
0.0218181818182
0.0416666666667
0.0245098039216
0.0187304890739
0.0692307692308
0.047619047619
0.0390625
0.0243055555556
0.0153846153846
0.0583333333333
0.0512820512821
0.0196078431373
0.0237037037037
0.046218487395
0.0535714285714
0.0355555555556
0.0551470588235
0.0394736842105
0.0564102564103
0.075
0.040404040404
0.0224358974359
0.09375
0.036899691165
0.0561224489796
0.046875
0.0196078431373
0.0192307692308
0.0333333333333
0.014888337469
0.0561224489796
0.0650887573964
0.0382775119617
0.0384615384615
0.0433436532508
0.0533613330332
0.037878140487
0.0338674381474
0.0555555555556
0.0251322751323
0.0294117647059
0.0559440559441
0.111111111111
0.04
0.0681818181818
0.0368421052632
0.0321637426901
0.05
0.0222222222222
0.025641025641
0.2
0.0277777777778
0.0305578122358
0.024347826087
0.0245746691871
0.0392156862745
0.0529916114922
0.0294117647059
0.075
0.0636363636364
0.08
0.0539215686275
0.0266666666667
0.0326797385621
0.0222222222222
0.0819577816661
0.0294784580499
0.0307692307692
0.0333333333333
0.0265151515152
0.0888888888889
0.0185185185185
0.0256916996047
0.0265700483092
0.0617283950617
0.0329580894039
0.032196969697
0.0215384615385
0.0209241499564
0.0178359096314
0.0162037037037
0.0606060606061
0.0328947368421
0.0184729064039
0.0409356725146
0.04
0.0357894736842
0.0564102564103
0.0352564102564
0.0634920634921
0.0449826989619
0.0424836601307
0.0833333333333
0.047619047619
0.0378787878788
0.0699300699301
0.0415224913495
0.0416666666667
0.0375939849624
0.0330882352941
0.024
0.0320512820513
0.0324074074074
0.0215053763441
0.025641025641
0.030701754386
0.0296052631579
0.0230263157895
0.0242914979757
0.0666666666667
0.043956043956
0.0165631469979
0.0226086956522
0.0441176470588
0.0519480519481
0.0222222222222
0.0484429065744
0.0447368421053
0.0604395604396
0.0576923076923
0.0555555555556
0.0266666666667
0.0625
0.0420468309538
0.0549450549451
0.0528846153846
0.0175438596491
0.0174465728861
0.0409356725146
0.0150537634409
0.0663265306122
0.0659340659341
0.0366132723112
0.0532544378698
0.0460287188578
0.0511245485253
0.0374795088886
0.0312358592001
0.0564102564103
0.0257142857143
0.0236842105263
0.0559440559441
0.0833333333333
0.0425
0.0743801652893
0.0387811634349
0.0359477124183
0.0477941176471
0.0197530864198
0.0219478737997
0.2
0.0416666666667
0.0316600890056
0.024
0.0302457466919
0.0484429065744
0.0644315647165
0.0294117647059
0.0727272727273
0.05
0.075
0.05
0.0392156862745
0.0294117647059
0.0246913580247
0.109277042221
0.0250626566416
0.0333333333333
0.0294117647059
0.0330578512397
0.0444444444444
0.0182291666667
0.0271739130435
0.0217391304348
0.0246913580247
0.0330206300588
0.0396825396825
0.024
0.021198156682
0.0161637931034
0.0181610759301
0.037037037037
0.0347222222222
0.0178359096314
0.0424836601307
0.0461538461538
0.0347826086957
0.0571428571429
0.0338461538462
0.0606060606061
0.0415224913495
0.0555555555556
0.0972222222222
0.047619047619
0.0330578512397
0.0727272727273
0.0392156862745
0.0458333333333
0.0338345864662
0.0311418685121
0.0216666666667
0.0416666666667
0.0263157894737
0.0176899063476
0.0710059171598
0.0364583333333
0.0390625
0.0238095238095
0.0184615384615
0.0606060606061
0.0461538461538
0.0175438596491
0.0225
0.0330882352941
0.0535714285714
0.0333333333333
0.0551470588235
0.0401002506266
0.0710059171598
0.0535714285714
0.0555555555556
0.0238095238095
0.0714285714286
0.0348497083225
0.0459183673469
0.0572916666667
0.0178571428571
0.0247252747253
0.0305555555556
0.015531660693
0.0666666666667
0.0564102564103
0.0328947368421
0.0699300699301
0.0364145658263
0.0548010191135
0.0429529283411
0.0305561191827
0.0512820512821
0.0260989010989
0.0235294117647
0.0559440559441
0.0833333333333
0.0315789473684
0.0636363636364
0.0387811634349
0.0361111111111
0.0541666666667
0.024
0.0224867724868
0.16
0.0416666666667
0.0263943257073
0.0218181818182
0.0260869565217
0.0470588235294
0.0653238155884
0.0228758169935
0.075
0.0583333333333
0.0625
0.0666666666667
0.0461538461538
0.03081232493
0.021164021164
0.0598557596967
0.0280112044818
0.0410256410256
0.0229166666667
0.0246212121212
0.0888888888889
0.0134099616858
0.0256916996047
0.0217391304348
0.0555555555556
0.0438190378953
0.0231481481481
0.0222222222222
0.0175115207373
0.0172413793103
0.0138888888889
0.0505050505051
0.0361842105263
0.0198938992042
0.0407407407407
0.0358974358974
0.0361904761905
0.0622222222222
0.0320512820513
0.0444444444444
0.043137254902
0.0462962962963
0.0694444444444
0.0888888888889
0.0324675324675
0.041958041958
0.0346020761246
0.0444444444444
0.0333333333333
0.0392156862745
0.0171428571429
0.03125
0.0245098039216
0.0125448028674
0.0549450549451
0.0694444444444
0.04296875
0.0238095238095
0.0192307692308
0.047619047619
0.0384615384615
0.0200501253133
0.0237037037037
0.0257352941176
0.0535714285714
0.0355555555556
0.0411764705882
0.0421052631579
0.0705128205128
0.0448717948718
0.0555555555556
0.025641025641
0.1
0.033807506386
0.0571428571429
0.0480769230769
0.0166666666667
0.0155925155925
0.0416666666667
0.0131421744325
0.0619047619048
0.0604395604396
0.0426065162907
0.0629370629371
0.0392156862745
0.0334275894204
0.0367219053857
0.0259345803977
0.0333333333333
0.030612244898
0.028125
0.0448717948718
0.104166666667
0.0333333333333
0.0826446280992
0.0334928229665
0.031746031746
0.0460526315789
0.024
0.0207407407407
0.16
0.0375
0.0253684433776
0.0236363636364
0.024347826087
0.0484429065744
0.0660970996774
0.0269607843137
0.0571428571429
0.05
0.07
0.0611111111111
0.0277777777778
0.0313725490196
0.0233918128655
0.0671063283755
0.0300751879699
0.0307692307692
0.0338541666667
0.0316205533597
0.0648148148148
0.0171935221453
0.0256916996047
0.024154589372
0.040404040404
0.0316907460068
0.0320512820513
0.0193103448276
0.0197978584795
0.0165522576165
0.0151515151515
0.0555555555556
0.0296052631579
0.0191570881226
0.0392156862745
0.047619047619
0.026
0.0333333333333
0.0284280936455
0.0493827160494
0.0294117647059
0.0359477124183
0.0972222222222
0.0333333333333
0.034965034965
0.030303030303
0.0326797385621
0.0458333333333
0.030612244898
0.0235294117647
0.0177777777778
0.0388888888889
0.0300925925926
0.019550342131
0.0461538461538
0.0595238095238
0.0367647058824
0.0230263157895
0.0168269230769
0.0416666666667
0.0549450549451
0.0119047619048
0.0171428571429
0.0404411764706
0.047619047619
0.0259259259259
0.0411764705882
0.0415512465374
0.0769230769231
0.0576923076923
0.0512820512821
0.0240384615385
0.0694444444444
0.0292499693591
0.0491071428571
0.046875
0.0131578947368
0.0155925155925
0.026455026455
0.0142314990512
0.0526315789474
0.0659340659341
0.0350877192982
0.0414201183432
0.046439628483
0.0579411549953
0.031458747491
0.0283962356364
0.0512820512821
0.0247252747253
0.0138888888889
0.0576923076923
0.111111111111
0.0411764705882
0.0727272727273
0.0368421052632
0.0392156862745
0.0541666666667
0.0230769230769
0.0178799489144
0.2
0.025
0.0272230309137
0.026
0.0289855072464
0.0514705882353
0.0644315647165
0.0326797385621
0.075
0.05
0.08
0.0539215686275
0.0375
0.0359477124183
0.0216049382716
0.0756533369225
0.0300751879699
0.0311111111111
0.03125
0.0351239669421
0.0598290598291
0.0199652777778
0.0245746691871
0.0271739130435
0.0277777777778
0.0320218435916
0.0340909090909
0.0192592592593
0.0218216318786
0.0147783251232
0.0185185185185
0.0396825396825
0.0401785714286
0.0178359096314
0.0432098765432
0.0484848484848
0.032
0.0428571428571
0.0304487179487
0.0617283950617
0.038062283737
0.047619047619
0.0972222222222
0.0740740740741
0.030303030303
0.0629370629371
0.038062283737
0.047619047619
0.0413533834586
0.0330882352941
0.0228571428571
0.0297619047619
0.0269607843137
0.0211693548387
0.0299145299145
0.0444444444444
0.0390625
0.025
0.0192307692308
0.0606060606061
0.0384615384615
0.0190476190476
0.0226666666667
0.0497737556561
0.0535714285714
0.0333333333333
0.0551470588235
0.0447368421053
0.0549450549451
0.0576923076923
0.0555555555556
0.0246212121212
0.0694444444444
0.036899691165
0.0571428571429
0.0576923076923
0.0162037037037
0.0198511166253
0.0401234567901
0.0117302052786
0.0666666666667
0.0604395604396
0.0343249427918
0.0549450549451
0.0433436532508
0.062107821662
0.042492040217
0.0286042802527
0.05
0.0257142857143
0.0275
0.0559440559441
0.0555555555556
0.0315789473684
0.0606060606061
0.0328406125757
0.033950617284
0.05
0.0161290322581
0.0266666666667
0.114285714286
0.0227272727273
0.0252467463287
0.024347826087
0.0271739130435
0.0220588235294
0.0644315647165
0.0212454208986
0.0545454545455
0.0416666666667
0.0727272727273
0.0333333333333
0.025
0.0261437908497
0.0292397660819
0.0819577816661
0.0300751879699
0.025
0.0208333333333
0.0340909090909
0.0864197530864
0.0152329749104
0.0230179028133
0.0165631469979
0.0444444444444
0.0410412601175
0.0240384615385
0.0247591018997
0.0176899063476
0.0124521072797
0.0116959064327
0.040404040404
0.0416666666667
0.0135467980296
0.0416666666667
0.0461538461538
0.0231578947368
0.0375
0.0267558528428
0.0666666666667
0.0274509803922
0.0481481481481
0.0987654320988
0.0740740740741
0.020979020979
0.0545454545455
0.0185758513932
0.0392156862745
0.0285714285714
0.0220588235294
0.0209523809524
0.0384615384615
0.01875
0.0189098998888
0.0532544378698
0.0416666666667
0.0427631578947
0.0255681818182
0.019943019943
0.0454545454545
0.0432692307692
0.015873015873
0.0152941176471
0.0311418685121
0.0357142857143
0.0333333333333
0.0457516339869
0.0259982683997
0.025641025641
0.0388888888889
0.0617283950617
0.0183333333333
0.0833333333333
0.0322516065971
0.0459183673469
0.0580357142857
0.01875
0.0210918114144
0.0222222222222
0.0142314990512
0.0714285714286
0.0659340659341
0.0382775119617
0.0410256410256
0.0490196078431
0.0166666666667
0.0437260937034
0.0328798517895
0.0609105160165
0.0235898838089
0.02
0.0461538461538
