0.183964892537
0.0947921834418
0.148047252578
0.0829590652591
0.0851246743152
0.122858320775
0.127067688693
0.081204489996
0.225137848351
0.124283679438
0.113797092433
0.101480762513
0.155327804262
0.0972538709328
0.11206093779
0.0980279051512
0.122682683286
0.148695983531
0.108265045592
0.134310463628
0.134342614114
0.0923931316647
0.10645203113
0.169613910013
0.100043382566
0.100551305522
0.116020976188
0.0847810026024
0.162948607532
0.0810254960216
0.0843880114535
0.10692638451
0.160679739086
0.101433343383
0.090484869872
0.0809782012747
0.0909701686987
0.0833421855519
0.142007196283
0.139908678144
0.117617344473
0.0920688717497
0.125134013537
0.127012686274
0.10047031434
0.118997860534
0.0805130062458
0.122301628145
0.163594306308
0.121807345015
0.16065881425
0.153162910186
0.130238255542
0.111785974656
0.107274854496
0.130899874948
0.0943364154294
0.103270060041
0.122944249852
0.0965723081337
0.145972634492
0.0928463351092
0.114980268708
0.0926384236913
0.0780732564677
0.102920344906
0.101313250153
0.137012345051
0.129179444351
0.105009822157
0.0873310044126
0.128355656317
0.150138242418
0.113435851224
0.102453708136
0.0815806809102
0.157427321393
0.137917887985
0.164232768589
0.111672254709
0.17930142323
0.108750605438
0.111650427955
0.161723126808
0.12167999635
0.0626150146159
0.122032677175
0.09695415546
0.115025234011
0.120415229211
0.0998516284113
0.14656318408
0.09680252058
0.133574788943
0.0976596853267
0.108772753568
0.172134040971
0.107313868999
0.105326766453
0.221217574498
0.174261276096
0.102972986267
0.147928704089
0.0792520351503
0.091061310887
0.122373129109
0.121059916129
0.076168300563
0.210026722184
0.124283679438
0.108975016151
0.101320560079
0.149380698556
0.0964211440243
0.103124548202
0.104899793826
0.140317274977
0.140433408355
0.123667321024
0.146125848769
0.139272535805
0.0767739255505
0.105443978786
0.181539641412
0.0962881698233
0.0974523610913
0.113321962893
0.0895230234668
0.176477288348
0.0814860386738
0.0860102076065
0.107600624594
0.151553525648
0.101052033858
0.0945875285435
0.0876561060861
0.0895722835496
0.0771974737048
0.150664323893
0.140722872871
0.110704816472
0.0816427473761
0.112234537509
0.122911250301
0.10082013427
0.112986611667
0.0689155460664
0.138025940135
0.159818588248
0.127637228597
0.159753466727
0.162565681874
0.113457698765
0.142715952088
0.0928371229414
0.120186100623
0.10683510116
0.111169296771
0.109344743476
0.0917280711324
0.149274675806
0.0963765385506
0.101331662404
0.103637301305
0.0836318929255
0.0867424234821
0.108422059671
0.138419477204
0.12684826137
0.126070612561
0.0950979137292
0.123209337722
0.141608861521
0.113404484886
0.115465184739
0.0817218721427
0.147418245956
0.130558205587
0.152080866588
0.105547201516
0.183029996904
0.100722696055
0.136533587888
0.153183151311
0.111139369241
0.0598319509095
0.111793697428
0.0937879898248
0.107668002399
0.123741330058
0.0955770619376
0.156648377797
0.101157098219
0.132602495832
0.102282558938
0.104745622722
0.188786945239
0.104136699378
0.106598204727
0.215000213821
0.164789838747
0.101347544384
0.144606148776
0.08773165901
0.100394181873
0.131415384751
0.118428348894
0.0813688679359
0.225137848351
0.124225449798
0.115301092504
0.102441011047
0.150949623637
0.091582478605
0.0914630121837
0.0920746163545
0.104472376996
0.133823436857
0.105273801317
0.149986554332
0.124744903092
0.0924943180513
0.101335387734
0.18263008154
0.0955541896256
0.0921693538991
0.102580565614
0.0904682494993
0.174582060938
0.076437298599
0.089847301628
0.0968726572413
0.151460966677
0.110927331457
0.0913196302082
0.0921732651513
0.0960757237186
0.0686747147059
0.136884083558
0.134004368214
0.113103566319
0.0855786644172
0.128059303853
0.123497210792
0.100933671917
0.105801300804
0.0738337962646
0.147047826019
0.148396161664
0.124393848572
0.150313082235
0.170781434549
0.0898886357228
0.115270813289
0.107339295721
0.132311573283
0.123984732624
0.0978286017323
0.123334114024
0.100613249524
0.13895228519
0.0988302337097
0.0941282895265
0.112718809811
0.092769266277
0.108015518469
0.11980188885
0.11315164129
0.136415967671
0.130607472673
0.0902878537684
0.122669816322
0.142548150653
0.0968768745404
0.100912636486
0.0718341132035
0.117885600281
0.111725970667
0.161953251253
0.105582961849
0.183612702105
0.126942397145
0.133243482596
0.166793907644
0.114740138837
0.0723637726686
0.11834748126
0.095346987863
0.11368722857
0.11764735702
0.09920915933
0.129435821557
0.107479139859
0.126137267293
0.0965255513798
0.10761751667
0.160526961113
0.10793501207
0.0994450767641
0.162399698521
0.155216044136
0.101565250153
0.163890827598
0.0895670915694
0.0972885404081
0.137605364096
0.139591706978
0.0784743866691
0.225137848351
0.132792980817
0.124164311411
0.0996314192006
0.148448208677
0.0980741529798
0.0983605989415
0.10384063096
0.122682683286
0.140433408355
0.118825932686
0.166345288892
0.148529858339
0.0897900430755
0.0985920232975
0.180762615537
0.103677214432
0.106839164828
0.0975014818493
0.0912615342816
0.166968916869
0.0784602556906
0.0857114217331
0.113990142292
0.119002004447
0.099738227091
0.0947881896666
0.0796143386169
0.0857627646745
0.0794413932101
0.143601137466
0.137684435994
0.109701466709
0.087701474773
0.132730941662
0.128785534535
0.101742631091
0.1156498597
0.0775287598786
0.147194221448
0.158998770214
0.114866446271
0.161486474744
0.158244405632
0.120456741029
0.119769011485
0.105926103525
0.128052258761
0.0965723175486
0.112088046501
0.10924662983
0.0987116072141
0.136024413099
0.0952457202246
0.119790521726
0.104814979996
0.0832211289887
0.102612959643
0.106608451727
0.123102784129
0.13183575685
0.110408887882
0.087115146959
0.120387750166
0.142439682547
0.109593939844
0.113828656118
0.0799619743164
0.152245047484
0.14813482306
0.153329403092
0.110839561164
0.180488036318
0.108092468966
0.139153900333
0.171795113988
0.115631403665
0.0712493280691
0.12202837105
0.0978874980281
0.106680129618
0.124660303832
0.105795789491
0.151381755772
0.099772939366
0.142326172985
0.101324185106
0.104551240154
0.194719954746
0.11326177867
0.102029953478
0.207885730878
0.183964892537
0.10094631043
0.153134891305
0.0833770071771
0.0994836869624
0.126115998819
0.133909853637
0.0766891313159
0.21571115522
0.135838356828
0.123038782328
0.0997024036008
0.149495039244
0.0957049330117
0.11013921811
0.111355099654
0.122682683286
0.129292580739
0.110757064633
0.145212990438
0.140850842284
0.0996846949733
0.0980538262466
0.173164679419
0.0959658516063
0.104905216584
0.113970395852
0.0920695578867
0.189988569495
0.0766284222319
0.0819469528159
0.113479842771
0.161225682021
0.100726858146
0.0979539921198
0.0810690110818
0.101264374785
0.0891386466425
0.146721187883
0.140717698276
0.118384646299
0.0868092194783
0.127525346449
0.123474300892
0.106258868606
0.118636538978
0.0757503265721
0.139647700732
0.167848928579
0.121144679394
0.141667841812
0.158244405632
0.125846781962
0.137750695057
0.111979197547
0.132108001267
0.0982794317209
0.110886926792
0.118413729401
0.0911952097122
0.142473810536
0.0967730970531
0.11135440546
0.113175725974
0.0834928330705
0.0999635390002
0.107461676387
0.126912039389
0.13118431832
0.108425561384
0.0902130038185
0.129580830473
0.130441749053
0.104136015971
0.113986798294
0.0815520252345
0.157147329237
0.14813482306
0.137929656675
0.1088698812
0.160660631244
0.109911740053
0.136192339868
0.163533323863
0.118671021484
0.0693567932299
0.114857984213
0.0940792303448
0.11572562919
0.122162598051
0.101248141378
0.173936887621
0.0988895996798
0.141508464205
0.103708645475
0.0991821495371
0.178851015287
0.112544239985
0.104288463402
0.214881900137
0.174261276096
0.103304337355
0.155032937272
0.0853290483985
0.101003818274
0.131190678759
0.13014691826
0.0792417129491
0.225137848351
0.136847677935
0.12273434332
0.0990555510889
0.154131943241
0.0980738520294
0.101923799553
0.104256333783
0.127416494345
0.140433408355
0.124596485417
0.143629216419
0.139977372205
0.105197235475
0.105735793755
0.188721505201
0.0939948102592
0.096942424054
0.108146802925
0.0895660726032
0.16391838991
0.0810475946703
0.0942945662184
0.106491230267
0.139953592947
0.100732921493
0.10089041484
0.0829284205791
0.0833877421135
0.0806719102311
0.149341730945
0.131001528208
0.114143864885
0.0811934528332
0.133241107797
0.125470861408
0.104462515156
0.110146109165
0.0812203652121
0.147194221448
0.162604801501
0.120344752541
0.163576686712
0.148949307889
0.123242104309
0.122717191624
0.10895394952
0.127928101505
0.0940149699314
0.121022911729
0.110537458793
0.0945565312781
0.136058084301
0.0964260093718
0.119790521726
0.0952290750246
0.0878985861392
0.0994595892963
0.0988581348425
0.123776982447
0.135527267117
0.10623056016
0.0895540473934
0.134642995124
0.150138242418
0.107512691017
0.113986798294
0.086401570118
0.147481678291
0.14813482306
0.143715073832
0.109486929874
0.181258264564
0.100169362987
0.137481760053
0.169491403326
0.120590303542
0.0636960976273
0.125601966722
0.0952992832917
0.115195180283
0.123330018916
0.105795789491
0.153217276951
0.101615805223
0.140119455525
0.101567593879
0.105592709196
0.194719954746
0.112228219349
0.104392360071
0.205344455795
0.185679950824
0.108734167864
0.159353331516
0.079320787352
0.104542381047
0.131027728383
0.1328750445
0.0824323941736
0.225137848351
0.131085267274
0.122392606635
0.0942331383532
0.144426499508
0.0960067016159
0.0929806341373
0.10641858328
0.122682683286
0.143369045471
0.123667321024
0.158489826112
0.131787272219
0.12107176055
0.105393511974
0.163039555874
0.093784319502
0.0918083625269
0.102409016907
0.0876751095139
0.184648854132
0.0776942863173
0.083451392964
0.10838445214
0.172920021526
0.0965137060066
0.0978895628619
0.0824525065134
0.0956542963244
0.0834639305966
0.145149874546
0.149603516189
0.107480094002
0.0881516100485
0.126638915913
0.125419614687
0.107599213186
0.110200787848
0.0819893429997
0.157020342725
0.163641800846
0.116318712171
0.163576686712
0.148949307889
0.130228975779
0.14706247148
0.110861462221
0.116008865149
0.0905814481245
0.112249507648
0.113567624035
0.0834154364183
0.150007601871
0.0974472003095
0.0929562615189
0.0932823183777
0.0769813960403
0.0968724736705
0.1096548268
0.136234539231
0.111915795442
0.115485170079
0.08854111973
0.137193995562
0.147899126705
0.109268211774
0.106778857039
0.0822347753455
0.152995038178
0.124027663313
0.154038400036
0.112190131071
0.158426145101
0.110521229848
0.132782126943
0.17225395775
0.114990687598
0.0619044941569
0.115528213791
0.0919779571687
0.11468455698
0.124788541121
0.0989209768822
0.157707235781
0.106464035581
0.140627177251
0.103027888024
0.104394474408
0.179245987923
0.112718881785
0.104717521358
0.215000213821
0.174261276096
0.108780999568
0.157190747476
0.0854199892
0.0953506414887
0.129999088027
0.131450044243
0.0787254886055
0.225137848351
0.144028870024
0.121634950411
0.0978568465238
0.152355660035
0.0967208208242
0.106520752585
0.106215077832
0.136253454281
0.132287198254
0.120631071545
0.143243348113
0.150560665554
0.0956699605351
0.112774479495
0.195420545697
0.0857818318831
0.0984917226666
0.120767329697
0.0936278146138
0.179447205061
0.0721918035338
0.0855555898065
0.105429574831
0.124510807496
0.0963056945531
0.0978311103321
0.0821576144679
0.0977265920119
0.0845295462567
0.142698616305
0.14089987088
0.112093402016
0.0813270002123
0.130901379706
0.128484811209
0.101212482012
0.1131094645
0.077378030369
0.137484719483
0.163616380303
0.126997799694
0.175013406798
0.148949307889
0.122038071063
0.162658473654
0.109501031716
0.120014987217
0.105219909288
0.108112087478
0.113836987454
0.103634169118
0.136313628996
0.0965916576935
0.121197549616
0.0981681597238
0.0864247625528
0.10403010616
0.100099933904
0.127464335075
0.122505580291
0.111198964665
0.0912101437856
0.125579825476
0.150138242418
0.112722953788
0.118013639881
0.0836214522766
0.157427321393
0.137134321149
0.158702514217
0.108095223379
0.165615009413
0.106384573413
0.122472985848
0.176120037957
0.115762737237
0.0709150044784
0.130288409666
0.091040961875
0.116442759433
0.118102618628
0.0975816801022
0.1772890871
0.0969665749402
0.131412009277
0.104938200511
0.100481915745
0.186005014091
0.11061100953
0.109915426893
0.206741869767
0.174261276096
0.0948718477431
0.148236018172
0.0811250825948
0.0969991772367
0.126115998819
0.125206522224
0.0831955593381
0.187138646497
0.152725794979
0.120490990038
0.0979682162174
0.156550927597
0.0974771612698
0.104296071356
0.106357471036
0.122682683286
0.140449912862
0.122011356173
0.166345288892
0.139200761342
0.0953240355002
0.104052064886
0.141732376236
0.0950525648622
0.0995065007056
0.103015372167
0.0833540117826
0.204052094485
0.07570831931
0.0850783298399
0.0924652572819
0.164324174176
0.0975134801605
0.0951828502645
0.0830052417208
0.0899685048301
0.0812314025814
0.151982206002
0.152454120317
0.108097177151
0.087082636071
0.12628423774
0.11965380105
0.11062850411
0.117969716469
0.0758441453996
0.120656627951
0.157381539573
0.120609371054
0.156927200861
0.176657937819
0.113595843268
0.129024450908
0.105941204928
0.121646957708
0.0969396701372
0.123664243885
0.11176191222
0.0928311736376
0.135729735009
0.0938329452919
0.108612480201
0.12381253124
0.0919689670537
0.103000915644
0.0999800927913
0.10027759082
0.113859887604
0.109229474572
0.0975566360603
0.116561915049
0.150138242418
0.119976015948
0.101390582845
0.0818151705466
0.161019161852
0.123274420513
0.141327775143
0.107641086541
0.182515582382
0.104292170292
0.131329419272
0.154916595458
0.115894592071
0.0626321516715
0.124276492342
0.0784633012404
0.113439458845
0.121633765451
0.10271623414
0.160233748703
0.100886188238
0.119640242997
0.0988314669535
0.103802714116
0.166741449849
0.126845994593
0.100378709753
0.181923977934
0.168780403465
0.0978879500262
0.160726333197
0.0777499622693
0.0944460911521
0.133282961119
0.133329647509
0.0745754903482
0.193493316692
0.130735907173
0.109828341634
0.0944627518571
0.134262753637
0.104070567612
0.106846200946
0.103985318169
0.110618378003
0.132287198254
0.122944190438
0.159700509594
0.119861985497
0.0974844289809
0.101303608251
0.154411811462
0.0943612601301
0.0890063587673
0.104929677296
0.0881266058167
0.141363613113
0.0795167584074
0.0818433097185
0.103649460482
0.150224719299
0.0918189830323
0.0961147502757
0.081319615378
0.0834435181369
0.0805307222078
0.148059882008
0.148923575258
0.107298239975
0.0885055486451
0.12909299042
0.123581797482
0.109283500517
0.0978687525248
0.0789748323148
0.122585869778
0.155768962632
0.103431762716
0.175013406798
0.112885700718
0.128056150684
0.114717898465
0.101525901955
0.112844338454
0.094585961365
0.0856109654584
0.108929496811
0.0989639660964
0.148090482357
0.0971109414867
0.106941848698
0.104008970054
0.0820035971852
0.0944128124817
0.102767624787
0.106565631468
0.126643879292
0.099906036562
0.0931081132035
0.128291889045
0.138085096705
0.111253545955
0.101971041003
0.0844428948535
0.159692156263
0.128215199095
0.156590008394
0.107710221256
0.157775123707
0.101638910188
0.123004205399
0.161993273947
0.114565112501
0.0688298602329
0.104664303774
0.100640821761
0.109845960337
0.124788541121
0.101667953155
0.169026491091
0.104456974998
0.143455062104
0.0984387634498
0.107670155958
0.173334465071
0.120285887256
0.0954995878694
0.214707632074
0.183964892537
0.100886291589
0.152544082978
0.080660418674
0.0974921904603
0.132328936614
0.126723416283
0.081321097689
0.223654492963
0.125282890195
0.118090902334
0.100314861786
0.15898206418
0.0999193592093
0.10677058857
0.106058882144
0.122682683286
0.12930574052
0.123667321024
0.154043173438
0.144894548611
0.101870720736
0.102362371346
0.158318200494
0.095421333024
0.0916916562675
0.113442273835
0.0964461579219
0.154310541292
0.0780248386088
0.079514559838
0.109503731024
0.128057543972
0.0947717613841
0.0985100781576
0.0828470428525
0.0893247705999
0.078035788909
0.148595553557
0.123529115336
0.111780796416
0.0825045984987
0.1335466509
0.124535920486
0.10707034953
0.110504783564
0.0798858188009
0.136469388903
0.156007273326
0.11968208692
0.175013406798
0.170781434549
0.130806869534
0.135711008231
0.106618789525
0.117957849449
0.0956557663894
0.10740394333
0.116464698567
0.0820833516337
0.139400394514
0.0995278818206
0.0945083605491
0.0988571707141
0.0864247625528
0.0969487184125
0.112771335485
0.114236731213
0.116767824392
0.121826863153
0.0876240308468
0.135619331114
0.150138242418
0.106717613046
0.113986798294
0.0822347753455
0.144659650731
0.135196318594
0.158702514217
0.111035281563
0.164701454656
0.107262116624
0.12952805233
0.183516085738
0.108934390601
0.0663314170287
0.117939876639
0.0952876775937
0.11572562919
0.119795718804
0.101306012505
0.174119251172
0.101593685323
0.141842535947
0.102465026917
0.0969858742088
0.164435846897
0.108955988661
0.0999791791706
0.206741869767
0.121918647094
0.100229001055
0.131288643588
0.0784615959387
0.0932056928967
0.135241382753
0.126311239018
0.0791922716163
0.187682770568
0.104020570786
0.117881836459
0.098419145763
0.139750621823
0.0786000674933
0.107091904284
0.0911169698016
0.116823052221
0.128956834618
0.128431192316
0.153680200109
0.113983651289
0.092607741437
0.11334610184
0.159165234549
0.100486035728
0.0994727298185
0.0901611160367
0.0922976602795
0.17793875432
0.0816740242712
0.0890680654323
0.111307218949
0.132706179526
0.0983935815311
0.098506153735
0.0920999476535
0.0993397143694
0.076339767426
0.130150152774
0.140505652546
0.119697675865
0.0837300345377
0.122548849484
0.120165039276
0.100373142967
0.109186847195
0.0780938912295
0.137471994242
0.144920006652
0.118095563235
0.160451745884
0.17282332659
0.0868716745424
0.12286120061
0.0897478492609
0.124425954173
0.121543136551
0.10734417655
0.116745105618
0.0945873225073
0.144416112173
0.094259447855
0.11053382238
0.106291717921
0.0856883398961
0.11868070945
0.0966099513125
0.106243871581
0.121157967827
0.119821890198
0.088006766551
0.130028457866
0.134203273803
0.116153888452
0.106879159098
0.0768907868909
0.127217775408
0.113628426645
0.152839845983
0.107573987066
0.179881673095
0.106619775606
0.119193869952
0.158700573538
0.127257412401
0.0702105224814
0.117058117992
0.0910852927187
0.121744720751
0.124788541121
0.100793480255
0.153806307373
0.11502833448
0.131844082366
0.102229034507
0.100813892151
0.173215727127
0.112986395237
0.0909768178733
0.172943445463
