0.124956203327
0.0409295064123
0.0716280140403
0.0402084977744
0.0416587128492
0.0533909279977
0.0442480360161
0.0246721847025
0.2
0.0772916256213
0.0424204243275
0.0368914086979
0.0607868570654
0.0473272686014
0.077745095445
0.0324522324361
0.075
0.0720126544295
0.0787317696093
0.0558675847655
0.0563535574773
0.0378722625915
0.0391180456916
0.100476300185
0.0443315303673
0.0493846555318
0.0446332699916
0.0352067682455
0.0748910108426
0.026338180966
0.0336137370426
0.0451533422011
0.0574191860357
0.0385471597513
0.0418405920176
0.0367713868863
0.0285198515789
0.0262364518482
0.0431431876985
0.0615174901912
0.0472215838655
0.0285138654927
0.0454422907661
0.0578394120842
0.0489150869079
0.0748305580569
0.0310092474835
0.0529020569949
0.0601316066924
0.0515873015873
0.0897785603007
0.0711009003177
0.0638650461548
0.0440430436205
0.044478895596
0.0639350788339
0.0571638463957
0.0497204007862
0.0460470456778
0.0479337944739
0.049968180562
0.0286839477783
0.0654583495415
0.0381818690502
0.0363376083859
0.0365777657139
0.0289217840939
0.0817151558455
0.0532544378698
0.0324818660677
0.0268192145404
0.0511771704932
0.064718099833
0.064424918281
0.0567558338734
0.0499662864631
0.0710059171598
0.0766540980459
0.0782303910265
0.046737417587
0.0892857142857
0.062253425474
0.0572607306481
0.0642359175126
0.0368008990482
0.0214261059195
0.0416586271199
0.0275125326274
0.0625
0.0640962069325
0.0420337196181
0.0475088859283
0.0434496109319
0.0599708155817
0.0446522088467
0.046483298585
0.0748526894638
0.0452603522116
0.0256522176666
0.0836223582256
0.1164061362
0.0493507007965
0.0702760608631
0.0419285747134
0.0452407762063
0.0597919789111
0.0432401717527
0.0292145684621
0.181717185297
0.0772916256213
0.0410428252204
0.0435221439255
0.0566435659007
0.0430156714289
0.0717014712937
0.0330125852085
0.0863543919416
0.0720126544295
0.0908585926484
0.0608049472741
0.0611837946718
0.0282975822756
0.0393250329459
0.101380021574
0.0416047253537
0.057722752174
0.0484817039168
0.0369071448056
0.09257654921
0.0262488229245
0.0358317208204
0.0465374039934
0.0510392764762
0.0354422683
0.0383311932452
0.0395142686352
0.0309130419412
0.0219797073503
0.0498617574362
0.0667205763387
0.0449836881478
0.0249514292933
0.0430909924427
0.0598705398757
0.0435628995629
0.0626034673333
0.0260179437191
0.0592421753278
0.0558095872646
0.0515873015873
0.0897785603007
0.0849897892066
0.0393875265962
0.0695748661721
0.0456901589558
0.0592726267117
0.0531438301136
0.0463833658659
0.0395594665445
0.0469822998456
0.0437768046265
0.0317341505593
0.055240399906
0.049131103957
0.0457686437731
0.0296089887639
0.031413620208
0.0765285137704
0.0496326772319
0.0372112589713
0.0297179861656
0.0518387798556
0.0576145504671
0.0635577660781
0.0652258511099
0.0411521211008
0.0598290598291
0.0712714162953
0.0677066115498
0.0388395004514
0.0972477269182
0.0526782732073
0.0670686915044
0.0597735191292
0.0327778203235
0.0202908799186
0.050769301788
0.0267045480114
0.0593794603617
0.0659340659341
0.0402965967558
0.0650516822626
0.0428145222333
0.0695947150367
0.0439469353277
0.0392033897791
0.084271065243
0.0431822784452
0.0307729080676
0.0760203256597
0.121420843411
0.0407222739688
0.0724811622176
0.0434277559379
0.0539822715204
0.0576500270299
0.0436916245642
0.0330858651807
0.2
0.0725297474971
0.04753620521
0.0395839486538
0.0558642514455
0.043829078866
0.0584458246707
0.0289857992671
0.06
0.0636793210962
0.0654459893344
0.0480349174113
0.0476584278758
0.0395164899947
0.036671116396
0.11400119369
0.041944946597
0.0346420188487
0.0377402524574
0.0356016872049
0.0843748650343
0.0240200715932
0.0363494283279
0.0388787198439
0.0615881070269
0.0513123109492
0.0425767532879
0.034118150063
0.0272231248914
0.0207797866259
0.0341562323586
0.0747203819715
0.0448960157045
0.0221445773799
0.0530862926809
0.0593041959765
0.0449722145759
0.0619051072051
0.0284748656658
0.0746179441894
0.0374843031016
0.0532713225176
0.0833333333333
0.0944578121414
0.0302724638642
0.046134673878
0.0547413115118
0.0640148351609
0.0609291803611
0.0344578410888
0.0426920279713
0.0536940569663
0.0454155599304
0.0327256575987
0.0501988634025
0.0725924652696
0.0565447596985
0.0312824371401
0.036822607746
0.0578323274508
0.0626848393674
0.0509198731738
0.021455170687
0.0475921675224
0.0548094247928
0.0343561054462
0.0588255731083
0.0357456498001
0.0390060173147
0.0638300410689
0.0535940109552
0.0427335332257
0.103027153954
0.0755772600299
0.0792450540878
0.0611310499481
0.0316105492805
0.0260214169076
0.0456169924154
0.0293862997945
0.052474866308
0.0608894894349
0.04526795296
0.0483039926492
0.0490196078431
0.0496287491366
0.0438291114837
0.0517258423445
0.0683442379215
0.045016694968
0.0316179966389
0.0381251765963
0.0873046021503
0.0464687766205
0.0866058877164
0.0433063387325
0.0478976777116
0.0617660934844
0.045074879411
0.030080281279
0.2
0.0712801079098
0.0470558698848
0.0350472318576
0.0592182734417
0.0473272686014
0.0657843115304
0.0309945807047
0.075
0.0720126544295
0.081366674855
0.0699652102949
0.0619249275914
0.0375169727041
0.0368145327969
0.10548547226
0.0440342170238
0.057858438546
0.0411574972868
0.0392212537582
0.0832122342695
0.0239181130521
0.0336143411754
0.0491199677209
0.0370952507081
0.0360279541545
0.044541634402
0.0372946657926
0.0270601894154
0.0280445639292
0.0450090095419
0.0684891166189
0.0405335243518
0.0258261439468
0.0499258469027
0.0598705398757
0.0475697079852
0.063904448276
0.0325327642974
0.0746179441894
0.0583765909649
0.047619047619
0.0867310530421
0.0759392936229
0.0442194658784
0.0530230457289
0.0445812778146
0.0597792080278
0.0444187567714
0.0404911959121
0.0347715488146
0.0501144531686
0.0456951515537
0.0293746550063
0.0809713514568
0.0633498653314
0.0457262602893
0.0366778190088
0.0294051866745
0.0688756623933
0.0576923076923
0.0406992758739
0.0276111547229
0.055899847703
0.0597397844612
0.063100164719
0.0660832009591
0.0410577444167
0.0704474771469
0.0954360607467
0.0732832875179
0.0417684184764
0.10808293855
0.0633161985993
0.0811567237149
0.0666403909002
0.0367648543219
0.0281234620106
0.0540171649434
0.0311376354544
0.0546557661027
0.0650887573964
0.043678715898
0.0456964485199
0.0450300903498
0.0758438832242
0.0488299281419
0.0430470584487
0.0777444277715
0.049274884002
0.0318608992629
0.0724499082171
0.124956203327
0.0450880663498
0.0732521175333
0.0383425004018
0.0525477494932
0.0612834227546
0.0555689320152
0.0332474196378
0.2
0.0865832544301
0.0483251304182
0.0365111132061
0.0585633754509
0.0493806214815
0.0776765939015
0.0372213747443
0.075
0.07
0.0740695846583
0.0551757179848
0.0573145417611
0.0421420153927
0.0373938792666
0.103161656747
0.0438884194378
0.049439206497
0.0445040472222
0.0372779354225
0.105468581293
0.0264811769623
0.0333945869236
0.0474992844481
0.0739157456372
0.0406379326532
0.0466224089558
0.0386545600038
0.0356105084506
0.0323319706008
0.0450090095419
0.0629792829309
0.0485375318634
0.0268283449655
0.0486151186043
0.0530990202591
0.0459169844256
0.0689110262876
0.0322673339371
0.0652477360073
0.0539524241671
0.0515873015873
0.0791444899837
0.0759392936229
0.0431102992162
0.0691454147555
0.0535332962107
0.0616986889838
0.044423646442
0.0477837041284
0.0407572060762
0.0501144531686
0.0458754562749
0.0298523464443
0.0710529736308
0.0691043745784
0.0455153479338
0.0403823035434
0.0301609954137
0.0719225354729
0.0468395683298
0.0397319176597
0.0269530922567
0.0588892841069
0.0544154915317
0.0491631436052
0.0648257060037
0.0476008871532
0.0705128205128
0.0954360607467
0.0622810491047
0.0469055864747
0.075
0.0547548414606
0.0814253235977
0.068815165691
0.0378666740796
0.0268349825137
0.0449464850812
0.0286005050459
0.0666666666667
0.0658034396944
0.0428756084624
0.0717641714267
0.0430551158767
0.067910324243
0.0480695979808
0.0363826711537
0.0789114933975
0.0498721967643
0.0357394111861
0.0759300505333
0.1164061362
0.0477701527481
0.0808080808081
0.0407348448994
0.0533495783327
0.0656608100942
0.0493651162776
0.030025359284
0.2
0.0795794425505
0.0490635832743
0.0345602971687
0.0607868570654
0.0480316346343
0.0657843115304
0.0378460649254
0.0711068089805
0.0720126544295
0.0898428807204
0.0551757179848
0.0512912516425
0.0484762107107
0.0472385829592
0.116596583371
0.0397859364109
0.049302516548
0.0422737246275
0.0373443841885
0.0741607025559
0.0256966294123
0.0426834893046
0.0456740633812
0.0417594080259
0.040539745733
0.050820175907
0.0367494805295
0.0278138614383
0.0273559691592
0.0508348023902
0.0575810728258
0.045440428684
0.024375900822
0.0512811992747
0.0555940727417
0.0455905637568
0.0597610538554
0.0332578601947
0.0746179441894
0.0544444751745
0.0493327170425
0.0897785603007
0.0653851559186
0.0425801386113
0.0588861584434
0.04377505375
0.0638320595356
0.052474710608
0.0509611777232
0.0377120261182
0.0519282773467
0.0390930489846
0.0294657110764
0.0809713514568
0.0588248749506
0.0483600571797
0.0366492439702
0.0264622561651
0.0688756623933
0.0550880631608
0.0380922553562
0.0291684155484
0.060963939015
0.064718099833
0.0593205816729
0.0648257060037
0.0458716571498
0.0591945109355
0.0954360607467
0.0565201603698
0.0431111241217
0.100920417276
0.0543817242924
0.0773651066323
0.0621683691105
0.0391963289637
0.0248135761017
0.0437301424792
0.0314067358631
0.0624637326888
0.0650887573964
0.043678715898
0.0488464892672
0.0464515450559
0.0749426764051
0.0429819749255
0.0442186371798
0.0777444277715
0.0466309382049
0.0357375748037
0.0770525161434
0.150673883584
0.0488292457265
0.0730906497565
0.0398222676664
0.0469206108925
0.0620668559326
0.0485758327101
0.0345353116355
0.2
0.0798861250937
0.0427107304211
0.0349124826176
0.0518378146757
0.0449786039485
0.0597422390282
0.0366806502317
0.075
0.0785592593777
0.0908585926484
0.0568320482994
0.0505677953278
0.0499719319865
0.0370000888466
0.0932176107017
0.0377501582013
0.046615086508
0.0394150057883
0.0318051406716
0.102083063402
0.0243579970133
0.032192110648
0.0466195205288
0.0860403067975
0.040539745733
0.0478913394583
0.0344348433409
0.0304932612066
0.0289705941234
0.0417291550802
0.0785901267199
0.0378796098806
0.0261311483015
0.0452827375546
0.0563322456701
0.0505796861359
0.063904448276
0.0369965693347
0.0748510313817
0.0560641400241
0.0456691971475
0.0897785603007
0.0653851559186
0.0481102679643
0.0761384217485
0.0554054676775
0.0560678325285
0.0497128837339
0.045313437344
0.04148322873
0.0380432199071
0.0517371781403
0.0324377705281
0.0467140856624
0.0438787922633
0.0391473129208
0.0347203363928
0.0357133640494
0.0719225354729
0.0472183398521
0.0297099882685
0.0276896454941
0.0644726015592
0.0641080569606
0.0405258813911
0.0577280285595
0.0505817392819
0.0658780573347
0.0734123544205
0.0679028926786
0.0442322911591
0.084010762613
0.0636007488489
0.0745594672903
0.0643714821392
0.0330183287471
0.0212806831161
0.0549924355755
0.0244218714412
0.0663265306122
0.0659340659341
0.0432997810922
0.060047706704
0.0497057589909
0.0742584729054
0.0445002089019
0.0437602756288
0.077969583649
0.0499500086249
0.0312371338071
0.0760203256597
0.1164061362
0.0523616375745
0.0815165803432
0.0423247344993
0.0514824664911
0.0580896228962
0.0481016426007
0.0282535591926
0.2
0.0884055774799
0.0462800040736
0.0342479739479
0.0600343094047
0.0514292667333
0.0754113411417
0.0387837008593
0.0797445024976
0.0636793210962
0.089810886576
0.0559323392859
0.06241068772
0.0360545918513
0.0456299210032
0.117206080288
0.0330752988337
0.0442916992863
0.0426326187931
0.0360146823984
0.0745695119293
0.0245103596109
0.0361119782279
0.0471128599434
0.0460735455443
0.0393386769997
0.0521728478154
0.0365597354783
0.0321990632034
0.0268184755204
0.0416198580922
0.0627573753468
0.0397800266203
0.0226413596824
0.0491920876191
0.0612681002989
0.0479858922308
0.0667227830699
0.0361799327435
0.0678344947176
0.0526039324117
0.0555555555556
0.10366744919
0.0653851559186
0.0425423955712
0.0807981300912
0.0543804594043
0.0583895787561
0.0486299403023
0.0442201783169
0.0378755465201
0.0519282773467
0.0429929756335
0.0280365459177
0.0800371342567
0.0498423816651
0.0483600571797
0.0350391325356
0.0260331420004
0.0653841231572
0.0531395367243
0.0321584411092
0.0278779642765
0.0543176196085
0.064718099833
0.0539982066168
0.0678938655729
0.0459460188386
0.0710059171598
0.0782947479039
0.0732832875179
0.041008148762
0.0917262050983
0.062253425474
0.0637279967492
0.0673456332253
0.0326150075685
0.0299685571685
0.0445968232441
0.0309842612085
0.0666666666667
0.0614165437147
0.0418182979342
0.0808562097926
0.0394909537081
0.0731690855342
0.0471287928816
0.0396647314257
0.0717640871737
0.0494024808207
0.0303581714587
0.0729069376312
0.1164061362
0.0391391373457
0.0714864201957
0.0417224936765
0.0525001733703
0.0612834227546
0.0505568888715
0.0304899308693
0.16
0.103175609334
0.0435763233699
0.0316592094485
0.0632936980352
0.0487510942861
0.0716003660531
0.0333981107854
0.075
0.0720126544295
0.077310886576
0.0699652102949
0.0664678660959
0.0447767774038
0.0372270717653
0.0648320735963
0.0385503942876
0.0567660576348
0.0341008928075
0.0317069290257
0.108115614873
0.0204738552951
0.0336127541225
0.0385490511156
0.0722606401323
0.046835313631
0.038216960164
0.03744027232
0.0274963261221
0.028213501556
0.0422009033809
0.0760859964383
0.0395563112622
0.026550730079
0.0448342940222
0.0510116900425
0.0525331727092
0.0703861136125
0.0348338715863
0.0585048513734
0.0504600388625
0.0488098594093
0.0865121112663
0.103083097735
0.0367725203089
0.0483628464877
0.046359923839
0.0581094232764
0.0502817452456
0.0550220115988
0.0353908134598
0.0446286186137
0.0435306521053
0.0242697180987
0.0673774799613
0.0743826099469
0.0522663071797
0.0355328284659
0.0291710330069
0.0513732396235
0.0443481570911
0.0382027126772
0.0306183320124
0.0435688395164
0.064718099833
0.0617336022615
0.0550370498337
0.0475751441218
0.0705128205128
0.0683979132599
0.0609359503948
0.0429688024503
0.1
0.0468687905526
0.0766489866401
0.0617592110116
0.0318471080145
0.0216463038285
0.0516979523825
0.0232797989021
0.0619047619048
0.0631800019332
0.0465415909784
0.0738632027996
0.0448168004327
0.0463449970355
0.0458743214182
0.0389556099896
0.0666149590737
0.0557336367992
0.031429073932
0.0642212167212
0.118587449655
0.0425295421028
0.0862109838261
0.0376518636466
0.0440411900986
0.0567760148141
0.0495763601856
0.0300040011837
0.16
0.0826092655997
0.0366889748593
0.0342089719351
0.0516935492589
0.0537528604937
0.0723976853776
0.0354572757563
0.0611530707534
0.0636793210962
0.0867959711792
0.0644096547394
0.0452154485698
0.043973899103
0.0377563103354
0.0876309526392
0.0379582731432
0.0414721958784
0.0441461259787
0.0369337113329
0.0703123875286
0.0239731016602
0.032192110648
0.0439349780422
0.0619378546458
0.0367835909078
0.0455757204311
0.0317663024965
0.0287738405543
0.0269639197034
0.0441490244061
0.0775508956693
0.0367525441966
0.025505994064
0.0428276450522
0.0591004484532
0.0407650216546
0.0489302682428
0.0325327642974
0.0582174688524
0.0487194733712
0.0388908419525
0.10366744919
0.051596127645
0.0481590262546
0.0463216260449
0.0427175911931
0.0547618571769
0.0439985174164
0.0319466561848
0.0345983560467
0.0526674035892
0.0471582943149
0.0276314171997
0.0595898795252
0.0663837347498
0.0424471883646
0.0340918027064
0.0260149678781
0.0504519408833
0.0549450549451
0.0273512727922
0.0252917015222
0.0586381199616
0.0621515931396
0.0523289230538
0.056338414693
0.048992747095
0.0769230769231
0.0734123544205
0.069845618229
0.0405207567957
0.0840645077608
0.0508927886041
0.0673941392608
0.0583200735044
0.0331862570247
0.0241861673321
0.0382925211798
0.0315082854914
0.0597265677441
0.0659340659341
0.0425033671338
0.0575417869387
0.048126065582
0.0755941783335
0.0409848533607
0.038000238842
0.0693713334589
0.0499537875396
0.0249664621003
0.0829604661657
0.124956203327
0.0466764956429
0.076654337987
0.0395451714946
0.0526024587614
0.0642668980463
0.0506734980507
0.0296807768231
0.2
0.0772916256213
0.0430759854149
0.0362883120271
0.0616110759318
0.0546435959041
0.0717014712937
0.0422561540047
0.075
0.0636793210962
0.0908585926484
0.0568320482994
0.0651785896035
0.0475966259041
0.0389623960134
0.0860470252631
0.0380343376588
0.041359920096
0.0401789830748
0.0406786320959
0.0689378439812
0.0261873014774
0.0308607540195
0.0494268502975
0.0518327387373
0.0387115403527
0.0495572509724
0.0356625835812
0.0303236018057
0.0254290490013
0.0478383845037
0.0572377110177
0.0452665767382
0.0249477565247
0.0526995050639
0.0642160015771
0.0469353548507
0.0571676732032
0.0343823606568
0.0705631478648
0.0523723146448
0.0493327170425
0.10366744919
0.0944578121414
0.0471877347793
0.0691454147555
0.0488684443822
0.0571146234193
0.0519412029245
0.0473861333485
0.0413932846368
0.0353258470566
0.0415440293768
0.0331289712497
0.0448378269276
0.0538258490061
0.0483600571797
0.0344050006477
0.0304834517741
0.0653841231572
0.0428648415757
0.0465312847592
0.0272150817367
0.0665950764926
0.064718099833
0.0556130453184
0.0648257060037
0.0505817392819
0.0579281847935
0.0811619908621
0.0732832875179
0.0433856410788
0.0916051970999
0.0577945769517
0.0768490069829
0.0717785520055
0.0313497180334
0.0254779469436
0.0507639970654
0.0282748266977
0.0666666666667
0.0631800019332
0.0410114515727
0.0762204964978
0.045321174607
0.0794391587169
0.0468667554499
0.0363826711537
0.0733559378419
0.0489348507805
0.0319754557351
0.0729069376312
0.0683740293233
0.0445248643737
0.0638786149892
0.035685945451
0.042024653322
0.0590174534033
0.0431468419179
0.0342285713592
0.148139169317
0.0564438036793
0.0402347694414
0.0341210181533
0.0497922650637
0.0307711997886
0.0717014712937
0.0347859266077
0.0545454545455
0.0553459877629
0.0879963374357
0.0474852147473
0.0422537703893
0.0393004678924
0.0475227590831
0.0879045602163
0.0382604510979
0.037003127412
0.03230144542
0.0360524047407
0.0937498500381
0.0234379390556
0.0380982610698
0.0449518356857
0.0444444444444
0.0456988187404
0.0395061412175
0.0384781468053
0.0278544650498
0.0230203265786
0.034415263698
0.0646627786177
0.0470447375425
0.0196453061678
0.045504372868
0.0575013401631
0.0393627181112
0.0538006108868
0.0301396254705
0.0746179441894
0.0408086646402
0.0499020200644
0.0987654320988
0.0859025814457
0.0272533011934
0.0677032767254
0.0362551420861
0.0549949576216
0.0551912178311
0.0368841953821
0.0382828997682
0.0479337944739
0.0399607258886
0.0302228067935
0.062842895086
0.0562312800196
0.0482535487028
0.0339809434293
0.0285300007621
0.0585197769917
0.0461237396783
0.0417902127661
0.0213092820464
0.0535777031815
0.0454862948145
0.0560531068214
0.0609991089112
0.034717628593
0.0444748567339
0.0644104667008
0.0677066115498
0.0361744540239
0.0994442276878
0.0577921773822
0.066130056614
0.069057873295
0.0410237390479
0.0283333975726
0.0372806879176
0.0297805294592
0.0714285714286
0.0659340659341
0.04526795296
0.0467617479247
0.0490196078431
0.0457319681534
0.0488299281419
0.0399508511811
0.0768252749612
0.0466596960982
0.0231514400815
0.0573223096406
