0.124956203327
0.0534348094238
0.104416171513
0.0494714602716
0.0495183222782
0.0656886230213
0.0673696752378
0.0355788209551
0.2
0.085727850764
0.0589300346491
0.0484224661678
0.0842629274049
0.068690432658
0.0826000631287
0.0406508393297
0.0805002886788
0.099800756998
0.0823986287285
0.0795308059308
0.0713608954574
0.0503638015361
0.0614671185746
0.114897375213
0.0494902036935
0.0597847821251
0.0594819943745
0.0458193676547
0.114765540051
0.0368520436373
0.0452506836773
0.0576891990428
0.0715998367078
0.0517714676892
0.0485170357078
0.044952447554
0.045586501959
0.0410565884703
0.0686708646909
0.0917491968332
0.0633938710118
0.0445256963623
0.0652906459842
0.0796793971131
0.0563359671678
0.090670906845
0.0381628394389
0.0715205935221
0.0881087433768
0.0655523600022
0.117851322243
0.100518744522
0.0752705314381
0.0604559598885
0.0674980342807
0.074830975842
0.0669391833256
0.058721302324
0.0696507148557
0.0624487135094
0.071720717531
0.0409686576499
0.0782068042818
0.0459813849021
0.04707604348
0.0523159055783
0.0394544580095
0.103799692249
0.0572709460342
0.0483909258767
0.0427147204503
0.0702833753224
0.095251131621
0.0705091608932
0.0683378226776
0.0536278500351
0.0864769535721
0.086761630888
0.103430490986
0.0608298480321
0.120521335971
0.0719727299081
0.0673757716388
0.0857877146253
0.0594514255696
0.0278056740311
0.0670995555072
0.0460877965461
0.0728873237522
0.0822732596855
0.0522276802328
0.086997712712
0.0532551578901
0.0782380097922
0.0552054262868
0.0567645516234
0.107352731542
0.0735658306122
0.0393239973548
0.110022185793
0.1164061362
0.0641442061142
0.107564968721
0.0482860123023
0.0554849814868
0.0707082142155
0.064859365423
0.0351609262162
0.181717185297
0.085727850764
0.0539674920674
0.0506277446396
0.0797811132126
0.0626340982336
0.0758095208722
0.0423142758736
0.101978544507
0.099800756998
0.097458939063
0.0908848003109
0.0782984130557
0.0386699160947
0.0585906725709
0.117112103423
0.0502117730441
0.0642701435413
0.0592429731081
0.0500520026344
0.114638779433
0.0371021799897
0.0456115869587
0.0595056509088
0.0685344283183
0.0496462613852
0.0437026795794
0.0521181100565
0.0478391897704
0.0355493794904
0.0777929950028
0.0907688913232
0.0586202096031
0.0384113559985
0.0537396879207
0.0768915870339
0.0532937693848
0.0846792828544
0.0317293550464
0.0853179528715
0.0815643933874
0.0698668938289
0.122910253604
0.114407633411
0.0578163915239
0.0820529945174
0.0588973463746
0.0656093855345
0.0692014615148
0.0556033811482
0.060434315616
0.0587530652924
0.0658987130907
0.0441760562741
0.0671370159162
0.0619941306161
0.0520175056951
0.0443435913934
0.0466851054928
0.101217378109
0.0584321601374
0.0568002230156
0.0487579795757
0.0706887396416
0.0884923159214
0.0686145648414
0.0791242376749
0.0445824266358
0.0791425238912
0.0867848403691
0.0911120327402
0.0509950350959
0.116549689036
0.064557433539
0.083776701915
0.0809776773622
0.0479363823925
0.0261565023388
0.0662995274762
0.0439177663266
0.0691412559204
0.085409479598
0.0502196307057
0.0931222766705
0.0522181320131
0.0855693432288
0.0563785228333
0.0477405518011
0.12521066019
0.0665719832903
0.042943729129
0.10527167874
0.129871554326
0.0558369209773
0.105458903505
0.0519001814274
0.0653993751358
0.0737270580152
0.0650991362627
0.0392293693267
0.2
0.0773197570899
0.0619257390967
0.0500103615763
0.0803090034098
0.0574077865114
0.0628962117141
0.0369362071241
0.0633001732073
0.0944488813981
0.0798365258844
0.0800668579138
0.063237915185
0.0505384361223
0.0535891646412
0.135524749642
0.0489279670212
0.044616290639
0.0459623593251
0.0510905238354
0.104351669877
0.0357883762652
0.0501270072841
0.0500120491296
0.0729326275645
0.0652163744226
0.0490647359794
0.0492554694235
0.0496502032658
0.0295597188832
0.0684771511624
0.105061333091
0.0606057023131
0.0369667748852
0.0677234155464
0.0730672776921
0.0522711733004
0.0763762359948
0.0333789948257
0.103229769801
0.0604127022571
0.0663982161906
0.106692925884
0.113312711145
0.0394050375446
0.0664916108728
0.0775012672442
0.0684182847903
0.0826113500857
0.0404989603275
0.0680066356653
0.0668906764727
0.0658260480986
0.0462074008766
0.0628643171629
0.0753426096091
0.0618226280458
0.0510784559639
0.0521238304247
0.0736296358101
0.0646918597797
0.0692254347748
0.0431056195883
0.0708572187818
0.0846108114934
0.0510900529749
0.0683787391093
0.0382814023974
0.0555054869717
0.0758951990037
0.0689833712529
0.0579232006245
0.125212979124
0.0874055276978
0.0881574803948
0.0860549947837
0.0552252179625
0.0325549208543
0.0768071305121
0.0486876379027
0.0678495717751
0.0786507319222
0.0547702588354
0.0733486635605
0.0574312685354
0.0704491633766
0.0547911679837
0.0566964721946
0.100378587802
0.0723900972673
0.0389729708124
0.077241716425
0.101603243266
0.0606440785001
0.119419329702
0.0540440042132
0.060491241442
0.076742731491
0.0743065643775
0.038179980018
0.2
0.0874338032658
0.0643286171417
0.0474790536314
0.0790660060952
0.0711674954345
0.0721204324199
0.0408010512785
0.0805002886788
0.099800756998
0.0927165742934
0.105984136549
0.0781558121146
0.0520478563813
0.0519814876951
0.122790762294
0.0540990253374
0.0615252976653
0.0478382894721
0.0522807054651
0.118873316709
0.0347540118429
0.0441670227342
0.0626333812809
0.0465490178229
0.0493537281913
0.0506622405077
0.0444266354693
0.0422722573589
0.0399426279246
0.0731807723981
0.101075670112
0.0573402108803
0.0405290083422
0.0678047178789
0.0769382432561
0.0552059005167
0.0862149601619
0.0393816592829
0.103668014829
0.0827015231688
0.0589061834023
0.119295744411
0.0947941926262
0.0499723653643
0.070248146263
0.065018149663
0.0656935162624
0.059711101818
0.0559775276263
0.0604072891774
0.0644017306335
0.063866429738
0.0428817431713
0.089083417723
0.0698560480229
0.0539239598687
0.0512131993042
0.0433347992194
0.0850822880851
0.0620330730037
0.0552669906151
0.0456828501194
0.078918907286
0.0879241214963
0.0709462798213
0.0783464832223
0.0451812414666
0.0849325751935
0.103804202534
0.0988937284566
0.0551182323004
0.127935545244
0.070755060079
0.0908154199809
0.0896277661455
0.0510644935798
0.0328715735392
0.07647619936
0.0505699335211
0.0652748025365
0.0839262268456
0.0555650106421
0.0846666260728
0.0528831261229
0.0906469390583
0.0594738347596
0.0505088090983
0.120983705231
0.0766482863012
0.0437911622702
0.101701261297
0.124956203327
0.0593573728171
0.108715779994
0.0485377863671
0.0620396294018
0.0701932077259
0.077417212287
0.0383165628562
0.2
0.095956837922
0.0634977830859
0.0488700556373
0.0788271785711
0.0703303737832
0.0821269809449
0.0489519690614
0.0805002886788
0.0963938210463
0.0837308363958
0.09091146379
0.0703142909453
0.0579461837744
0.0470996104341
0.118893738597
0.0512302312049
0.0560340640393
0.0573920990827
0.0477768039544
0.130439587346
0.0376487053577
0.043237718043
0.0623602249124
0.0815934070556
0.0490328011947
0.0517796231022
0.0464332306066
0.0562528503475
0.0471144892862
0.0711877269599
0.0962800165141
0.0647734041564
0.0406196513585
0.0674872601903
0.0762105445179
0.055862465425
0.0858828285606
0.0389469821283
0.088426204935
0.0830949897513
0.0654985859148
0.0995610441232
0.0947941926262
0.0514227428078
0.0793489059653
0.0751308358064
0.0705938181578
0.0606067005726
0.0613741361955
0.0633392631935
0.058443697494
0.0626588650386
0.0411108948569
0.082018993901
0.0782117952751
0.0546172460241
0.0551946704745
0.0459610879539
0.0940070718759
0.0616441018887
0.0562981215809
0.0453710175032
0.0805354224616
0.0798489856818
0.0550063717426
0.0778554434085
0.0512624507252
0.0872731099595
0.103804202534
0.0841813216267
0.059526890016
0.100990151689
0.0686411137378
0.0892201271554
0.0907136948611
0.0522934798821
0.0316972234543
0.0674931228423
0.0468982450377
0.0762005168654
0.0851169421445
0.0532878763574
0.0975511658077
0.0515962496783
0.0899929666091
0.0596843304108
0.0419856983227
0.116078729949
0.0789131163396
0.0469146875635
0.108106538921
0.1164061362
0.0621570216859
0.121352344453
0.0500393600827
0.0647601384125
0.0751602793903
0.0726978131706
0.0381537560777
0.2
0.0993024286677
0.0624886179562
0.0456533303696
0.0850746873385
0.0660901621594
0.0698923611089
0.044545717913
0.0815548261078
0.099800756998
0.0971765989589
0.09091146379
0.064636106227
0.0615484648958
0.063477377984
0.133901873405
0.0467378627954
0.0529693756673
0.057233913049
0.0519251764931
0.0941375073985
0.0370109647269
0.058887827519
0.0559625218046
0.0558192113177
0.0489538723442
0.0557524041931
0.0459322786177
0.0436044942273
0.0414774386176
0.0790593352126
0.0868472168985
0.0593989395524
0.0376668727418
0.0678656158112
0.0730275483885
0.0550839774381
0.0802514126213
0.038418165047
0.103668014829
0.0840453065838
0.0633756445789
0.117851322243
0.0937671791243
0.0555552283824
0.0733269976086
0.0668242272046
0.0706562613449
0.0652367131059
0.0643378606423
0.0567366891997
0.0623398327534
0.0555303170881
0.0437257129636
0.089083417723
0.064866330307
0.0566720009847
0.0506881066609
0.0394353226048
0.0850822880851
0.059452713907
0.0537070954282
0.0479587921084
0.0857088899955
0.095251131621
0.0640402605186
0.0778554434085
0.0495392606224
0.0763270278488
0.103804202534
0.08397295619
0.0574711905583
0.122633127825
0.0616364196147
0.0876978032175
0.0836225750162
0.0561722480207
0.0309873782241
0.0719630481303
0.0473600429518
0.0726785721874
0.0839069954366
0.0555650106421
0.0892207522243
0.054304580829
0.0909237343738
0.0525406681363
0.0516803878294
0.120983705231
0.0738832386563
0.0458281734311
0.0957471571171
0.150673883584
0.0637575117469
0.110403137334
0.0461049112122
0.0614371750995
0.0742098334141
0.072627190976
0.041373090185
0.2
0.0939573103544
0.058004551663
0.045725185473
0.0727525376218
0.0627646275475
0.0677372247806
0.0470902913355
0.0805002886788
0.0993011428015
0.097458939063
0.0974848936172
0.0660657631314
0.0710667092978
0.0540932123987
0.110694401663
0.0466811432145
0.0553689026491
0.0532742427906
0.0445515557042
0.126176241236
0.0345763043499
0.0423675849324
0.0607435691753
0.0944703252215
0.0501186391617
0.052064535033
0.0428090880891
0.0494340595304
0.0408179273131
0.0714053377501
0.111176680213
0.0519048084314
0.0390952502903
0.0616341006307
0.0776237084946
0.0601746520564
0.0827024105253
0.0428662500772
0.104651920003
0.0861394317631
0.060732356411
0.117851322243
0.0937671791243
0.0590794690408
0.0863419129583
0.0756117866715
0.060527191585
0.0618032018898
0.0571798661677
0.0616818720036
0.0525581389426
0.0711928832755
0.0470731671013
0.0573806195719
0.0514837491671
0.0484892844294
0.0504673269056
0.0465199261954
0.0943242418967
0.0509594690632
0.0472267239024
0.0461843492596
0.0879546494676
0.0949858224149
0.0559931365897
0.0713650210623
0.0542433028539
0.0861220568352
0.0842129077741
0.0980221461597
0.0570091580327
0.106491466293
0.0713088626289
0.0835056555951
0.0878972501184
0.0478952853341
0.0285901822274
0.0760836637259
0.0428915896122
0.0765413701109
0.0852392838332
0.0532228150421
0.0842026862572
0.0563413786469
0.091340190292
0.0583401853581
0.0512220262784
0.115901878059
0.0773234109242
0.0417044393253
0.10527167874
0.1164061362
0.0655831671887
0.114239187352
0.0510537808658
0.0616356637861
0.0702614880033
0.0707673785443
0.0348076740913
0.2
0.0977791609718
0.061876107247
0.0453763666003
0.0825888652335
0.0698827655671
0.0795193907202
0.0480668373573
0.0886694716021
0.0944488813981
0.0982644818464
0.0858476742661
0.0762718576446
0.0536147789421
0.0673678897617
0.136434180327
0.0394906388258
0.0573994528826
0.0604528481983
0.0500878751777
0.121116915719
0.0329052831965
0.0492883479099
0.0593897895142
0.0586785683639
0.0483963135162
0.0573300619618
0.0457449168088
0.0480497926794
0.0423686178003
0.0707289721625
0.0826155775967
0.056747298188
0.0353554527947
0.0653499585216
0.0800860962675
0.0547763742551
0.0836945853429
0.0411876394871
0.0942436498448
0.0839641240149
0.0708123237116
0.131740211131
0.0937671791243
0.0545087967456
0.094062668664
0.0715447873068
0.0672424950752
0.0659542054493
0.0553442088726
0.0601399809262
0.0673243334375
0.0582308243528
0.0418947994112
0.0905379745503
0.0609867738676
0.0566720009847
0.0523834372478
0.039670886837
0.0913293855899
0.064217829569
0.0480413437406
0.0466039164574
0.0796103797985
0.095251131621
0.064237132945
0.0809236029777
0.0503854209111
0.0864769535721
0.0886984253491
0.0984833874775
0.0569441394722
0.111649039255
0.0699330812442
0.0796816546232
0.0891511796263
0.0486280670027
0.0344445699604
0.0765881643434
0.0458505523483
0.0780727738895
0.0835266731157
0.0538489974837
0.109046098332
0.0476253668525
0.0874055654039
0.0603328281998
0.0462565280951
0.113787769
0.0761763804501
0.0449530604492
0.0968530884418
0.1164061362
0.0545952284729
0.101363928936
0.0493572431448
0.0630653638608
0.0701932077259
0.0695688338443
0.0418413567459
0.174569722322
0.107965618927
0.0606099934641
0.0447805603842
0.0865320526013
0.0710974967413
0.0736700227013
0.0473076086584
0.0805002886788
0.099800756998
0.0857644818464
0.105984136549
0.077456182705
0.054624517659
0.0587783244458
0.0840825586214
0.0495531922524
0.0673211674251
0.0492305659816
0.0439652565206
0.132343670038
0.0334719092196
0.0423062763311
0.0484818870673
0.0836051606699
0.0542279366014
0.0462031125336
0.0480764348635
0.0468769543069
0.0430271385077
0.0748718291334
0.107930713629
0.0534049967463
0.0388002213439
0.0618989481663
0.0641093351957
0.0612948420257
0.0862264624006
0.0400374879769
0.0791704516844
0.0817369224307
0.0619720525755
0.109904336016
0.125708976539
0.0508767795987
0.0704475080895
0.0629377957319
0.0655643758961
0.0639060060602
0.0692834364569
0.0592939155441
0.0584700393187
0.0590623397469
0.0369627249228
0.0773774449697
0.0838957652128
0.0607509219857
0.0554782181146
0.0398372587381
0.0652726125544
0.0532178515422
0.0509382806051
0.0536143159358
0.0653914026091
0.095251131621
0.0719545607094
0.0687715222378
0.0525915416473
0.0872731099595
0.0817173692312
0.086443152006
0.0562316174111
0.12563150715
0.0619312179148
0.0823468536709
0.0797454214075
0.0521018399938
0.0272230856347
0.0782806011884
0.0385392003071
0.0730531926978
0.0788971693346
0.0554880621934
0.0968760927373
0.0543069491012
0.0630552274469
0.0574091281043
0.0508286270267
0.0976595342224
0.0894715421423
0.0448332249867
0.0813579709471
0.132886090771
0.056265590132
0.121840233809
0.0441987378885
0.0561968869704
0.0747756242953
0.0734141929665
0.0354570534959
0.174569722322
0.0952733323343
0.050276804902
0.0454854069614
0.0697738828396
0.0734703758253
0.0779101909693
0.0449431946347
0.0688992262596
0.0944488813981
0.0981458706176
0.100428580994
0.0581241196462
0.0563775551395
0.0515874438187
0.0978301640511
0.0450901740374
0.0558141150918
0.0543357815396
0.0468966102631
0.0932028925357
0.0359877834057
0.0423675849324
0.0542033945785
0.0799893716415
0.0478186777175
0.0521304493864
0.0442492785318
0.0430695726026
0.0405194182681
0.071824653776
0.113698975614
0.0519245248387
0.0400901336049
0.0613080605628
0.0769528566238
0.0528867340776
0.0695495419095
0.0380766217585
0.0764401619295
0.0727135598389
0.0504556058059
0.131740211131
0.062909067047
0.0605922560646
0.0616678241391
0.0619666143158
0.0607788960927
0.058465608133
0.0361443413171
0.057114272625
0.0633419739618
0.0657514916021
0.0434349242458
0.0706385403001
0.0724251901062
0.0528665207423
0.0510549517942
0.0399330994043
0.0743213364118
0.0587225439791
0.0414906819228
0.0451673272878
0.078831965412
0.0853534905397
0.059261344582
0.0689318291838
0.0518380409989
0.0898622925705
0.0869169929108
0.0897381148119
0.0536687223131
0.109043067406
0.0585262610961
0.0764352487729
0.0770888319756
0.0500772285684
0.0313595265084
0.0594607781669
0.0495221438467
0.0672532915852
0.0852392838332
0.055189736472
0.0949946668957
0.0559791013551
0.0946503832456
0.0505303404022
0.0491015503173
0.107303627869
0.0835593614431
0.036858069843
0.111579851228
0.124956203327
0.0600179562353
0.109668416717
0.0458278150404
0.0627556560564
0.0777849476975
0.0717945900893
0.0377242198504
0.2
0.0899556923559
0.058049982177
0.0472233619824
0.0862050543828
0.074250438415
0.0758095208722
0.0504547608983
0.0805002886788
0.0914674236646
0.097458939063
0.0956666893158
0.0787208283148
0.0603406275046
0.054658865891
0.102179447689
0.0478971981038
0.0489419228607
0.0544969447673
0.0540514654702
0.0938301153103
0.0373421988218
0.0384227565823
0.0601072337983
0.0614298155104
0.0461357697155
0.0530856479781
0.0436413955296
0.0476920608666
0.0381790243095
0.0778521785058
0.0828414316192
0.0592250876067
0.0372726707213
0.0692173033925
0.0796216660351
0.0573781099001
0.0779067190211
0.0409887808265
0.0937416167925
0.0781941754491
0.0633218704915
0.131740211131
0.113312711145
0.0615677724352
0.0793489059653
0.0691409769243
0.0654520365162
0.0627275231155
0.055431680182
0.0634124414454
0.0508374568625
0.0595872562522
0.0452870409985
0.0554303634179
0.0594645406721
0.0566720009847
0.0515338056191
0.0456967654779
0.0830742341601
0.0568121810906
0.0614817926134
0.0459873546942
0.0902563819967
0.095251131621
0.0600377442362
0.0778554434085
0.0542433028539
0.0762844529149
0.0944814468334
0.0984833874775
0.0574549662045
0.111988065409
0.0686445163268
0.0844637671471
0.0919067486833
0.0432471994338
0.0317208745808
0.0699316032859
0.0456826831673
0.0762005168654
0.0806540801134
0.0525532399073
0.0983696946361
0.0509350688119
0.0957449038402
0.0589197646854
0.0419856983227
0.10440236915
0.0763115366165
0.0417810486059
0.0968530884418
0.0876567076931
0.0612342449822
0.0935988698616
0.0432563188481
0.0563792423321
0.0759909764774
0.0688846021515
0.0393149626306
0.167461672792
0.0683182623926
0.0578857091572
0.0446040442631
0.0741001608944
0.0425818328009
0.0758095208722
0.0411559658814
0.0674667033287
0.0861155480648
0.101314585295
0.0794488136105
0.060311322375
0.050808698073
0.0635313460627
0.105840856843
0.046197182185
0.0491044800056
0.0406966538456
0.0522395409737
0.119972863146
0.0368390995515
0.0498809587589
0.0622476463127
0.0636943377459
0.0551373060513
0.0466890013158
0.0484839233727
0.0505288351604
0.0349992582936
0.0597622916926
0.100763539357
0.0644110712759
0.0350257640566
0.0627210478988
0.0706938434296
0.0479076858607
0.0719279017942
0.0362216547151
0.0995640756688
0.0608538731911
0.0642349337998
0.123824065804
0.112531003815
0.0349632710696
0.0769229074021
0.0553962572164
0.0591468588941
0.0737482979934
0.0501534453673
0.0614731232957
0.0575444610032
0.0657462250406
0.0424255044765
0.0755913498263
0.0660117222772
0.0540350073226
0.0635458319572
0.0378939597011
0.0732530730751
0.0494608373134
0.0637331634211
0.0427680218507
0.073946479799
0.0740110269569
0.0731551877526
0.0738784907194
0.0391662031082
0.0563988214703
0.0761569639285
0.0906771496267
0.0535932008103
0.124052291804
0.0674508650636
0.0759465965172
0.0874544477379
0.0596852887135
0.0337317162474
0.0614534618077
0.0475059575453
0.0816434109272
0.0852392838332
0.0549649447218
0.0697221901258
0.0584720895646
0.0701847777067
0.0604322647353
0.048798730301
0.108464502427
0.0751736568266
0.0337942175196
0.0921133396463
