0.147499612817
0.0731273933176
0.121460671832
0.0587079422779
0.0541715862655
0.0823506433179
0.0908919128072
0.0519081635333
0.2
0.0996800820688
0.0693532918831
0.0586620126098
0.111972462907
0.0751450662429
0.0869903542572
0.0625781183791
0.092708702626
0.109978169212
0.0853054957655
0.0966869915706
0.0840441738808
0.0620468158042
0.0710225911425
0.142030015277
0.0676153108801
0.0742217125341
0.0788192801712
0.0542428258196
0.127493866975
0.0497798064951
0.0581136871424
0.0708290971537
0.0978851269711
0.0710035522621
0.0607378913856
0.0557979920366
0.0570744448131
0.0522680307424
0.0908968296441
0.10860480437
0.0762500109559
0.0535915186545
0.0800727308481
0.0918912976021
0.0701480761834
0.100444380948
0.0467579552126
0.0783059564168
0.11756485955
0.08329610543
0.137657316932
0.116519656337
0.0842434038922
0.0797848774781
0.0814919030631
0.0829926742047
0.0749646074765
0.0697557371647
0.0882235645387
0.0624487135094
0.0935078775566
0.0577921041929
0.0834084763479
0.0629530533042
0.0543126174049
0.0688186607129
0.0539793215264
0.108407383206
0.0866971563765
0.0678705894055
0.0582555942593
0.0861216993946
0.120074588782
0.0797535009851
0.0746223216211
0.0551303473774
0.104103640489
0.108539102156
0.116700846111
0.0733185897224
0.139899997652
0.083814873895
0.0764297913197
0.125377636444
0.0803098207627
0.0377134459559
0.0890680651296
0.0615968470664
0.0816931420534
0.0931746102052
0.0636871257779
0.0997347623871
0.0599631009611
0.0956335697149
0.0662153963359
0.0689931174723
0.136788018449
0.0889168604762
0.059558864467
0.153962623609
0.138949545691
0.0805455492794
0.12451692019
0.0558087780794
0.0606539812892
0.0846134371405
0.084648365551
0.0488781636561
0.181717185297
0.0996800820688
0.0674549403815
0.0622852447404
0.106898752855
0.0697641863401
0.0842661069545
0.0676180130257
0.108781597535
0.109978169212
0.097458939063
0.108120014897
0.0860112120044
0.0477357424467
0.066362016289
0.149760758773
0.0642424364499
0.0757783409267
0.0755777168229
0.057390097109
0.136952634675
0.0507658458644
0.0590590473159
0.0741837523732
0.0918991307746
0.0675925786718
0.0574450101211
0.0619454146369
0.0591538229846
0.0486252505052
0.100091757123
0.105077848512
0.0709084911894
0.0477987589427
0.066434464897
0.093886136651
0.0684529596396
0.0931404828325
0.0387791527596
0.0929514861281
0.111600142887
0.0898125962026
0.139052988468
0.126214865023
0.0659031129803
0.110889403771
0.0676150527362
0.0718707363511
0.0808898394111
0.0703801914421
0.0775755920561
0.060236132513
0.0953906493411
0.0596212869502
0.0720918580406
0.0706076967267
0.0615655617797
0.0561770322416
0.062683049465
0.108912174122
0.0835084144893
0.0820595959081
0.0637919922602
0.0822377075513
0.111798564267
0.0831577476684
0.0845375879345
0.0508252939856
0.0965501506421
0.105352863414
0.109369282454
0.0638784895207
0.139087801646
0.0793875484136
0.0942658722151
0.113956708924
0.0696812297688
0.0356018479877
0.0845026994475
0.0572581175921
0.0799958499682
0.0955131946184
0.0601389818298
0.113375964301
0.058709902169
0.0946336217618
0.0671082522503
0.0615931611192
0.148287484022
0.0824033999675
0.06488204055
0.14732704829
0.13719515918
0.0729527689256
0.120310986208
0.0629096395569
0.0684299126446
0.0899144552619
0.0855137437398
0.0490069938821
0.2
0.0929747502461
0.0747214539332
0.0630641606378
0.107564079443
0.0635157321962
0.0649084284813
0.0592940833666
0.0751743116064
0.104626293612
0.0798365258844
0.108069872537
0.0733111069238
0.061808664571
0.0690381628244
0.155541143777
0.0655320481116
0.0612837232433
0.064999428292
0.0594131759722
0.13409877347
0.0488720531509
0.0653688993762
0.0602667206208
0.0998112333134
0.0799793435545
0.0621032492545
0.0606581535273
0.0647115185725
0.0417605425831
0.09285874604
0.108623219548
0.0741828423522
0.0468331623343
0.080529668629
0.0913977278673
0.0675598130655
0.0876838389887
0.0425757525563
0.112535385999
0.0893039658489
0.0841927858323
0.122957246611
0.123242615966
0.0512394877363
0.0907438577009
0.0873045209659
0.076972846713
0.0959404647308
0.0539750620828
0.0858940928081
0.0668906764727
0.0907799239896
0.0621264008779
0.0647603344211
0.0850773684732
0.0707834585196
0.0695629564822
0.0702166368799
0.0828378025263
0.0956346924119
0.0937387534953
0.0575349286277
0.0907592731703
0.110836855263
0.0637331051797
0.0733350975355
0.043144758883
0.065181082986
0.0855344467765
0.10378308119
0.071118558671
0.142140338276
0.102120272253
0.0962236601328
0.124697329019
0.0789071635863
0.0434101745704
0.0958891505173
0.0626857870927
0.0803598628217
0.0861575331192
0.064834314356
0.094194054
0.0620268371737
0.0830579579065
0.066818007385
0.0710470771798
0.107057427268
0.0889876502434
0.0562671167393
0.108806853903
0.123978864122
0.0776415071005
0.135936587381
0.0628406537429
0.0642115263722
0.093073813163
0.0960312752921
0.0500599001754
0.2
0.10019497859
0.077095594723
0.0583638430308
0.106921477171
0.077722853316
0.07578926944
0.0662820119417
0.092708702626
0.109978169212
0.0927165742934
0.12491453251
0.0906548544032
0.060150644325
0.0635778582151
0.152097661936
0.0697269244771
0.0790325259743
0.061229664987
0.0610395731197
0.129580683223
0.0472481863927
0.0573421421206
0.0764386822282
0.0771992516778
0.0684184934363
0.0626221239446
0.0542769992224
0.0529432231098
0.0496406573561
0.0969922263731
0.109836481369
0.068762377015
0.0508986475351
0.0832970313458
0.0955072415604
0.0697378691572
0.0962387793085
0.0476628596122
0.109774841435
0.112737272669
0.0764640055846
0.137828785305
0.110315671052
0.0549027630629
0.0942480854864
0.0776594300691
0.0762250622113
0.0729521327407
0.0727812633029
0.0802493981188
0.0661738348269
0.084404267338
0.0590287021024
0.089083417723
0.0786808159029
0.0609478376939
0.0680849381808
0.0594104638054
0.0917980417498
0.0936198379483
0.0777655763457
0.0595826885224
0.0857284005493
0.112558057836
0.0790709661483
0.0841858543583
0.0497956632073
0.101993357012
0.120732459186
0.115325253199
0.0664456381192
0.152125923371
0.0839712092893
0.0957904125746
0.131729769741
0.0745727628977
0.0411449033792
0.09284860428
0.0639184862674
0.0781017587187
0.0910922889897
0.068534910166
0.10352090033
0.0582383920186
0.0995093511636
0.0714607491156
0.0636933599765
0.148382312746
0.0939249943262
0.0653142813691
0.141965935294
0.147499612817
0.077001932655
0.132304767798
0.0584057502888
0.0663736798416
0.0885950308497
0.0993221591068
0.0493828787562
0.2
0.107871949555
0.0750422950179
0.0597158886936
0.105575987252
0.0747843969314
0.0874319081918
0.0755955692936
0.092708702626
0.102660756584
0.0837308363958
0.108940105812
0.0879143750998
0.0691474006388
0.0618245015055
0.145536374634
0.0655325810553
0.0710708818827
0.0743769125089
0.0569554162666
0.155846621846
0.0485180506458
0.0555066306256
0.0775436311091
0.114737608298
0.0693566510205
0.0650716126526
0.0554492630433
0.0678004186089
0.0606802871175
0.0964568414301
0.110786686791
0.0740963759262
0.0507288011461
0.0802942884753
0.0897056514349
0.0711329534605
0.0977399331195
0.046818199901
0.0952115678298
0.114796589584
0.0832423313426
0.113935331912
0.110315671052
0.064269849563
0.107558340962
0.0860224743085
0.079826486555
0.0728889784047
0.0729726589253
0.0826977442416
0.058443697494
0.0910042989222
0.0561839630568
0.0838580145268
0.0892769017473
0.0615437263823
0.0708744296876
0.0628533857979
0.0986147628336
0.0871081678323
0.072220558181
0.0613627434107
0.0918483462859
0.101347605691
0.0676056309083
0.0829304592768
0.0534932785335
0.104333891778
0.120732459186
0.104720727555
0.0719672234088
0.11787516169
0.0826889170946
0.095104946717
0.125450456533
0.076442151583
0.0407829355536
0.0868430746962
0.0615817422492
0.0831157640894
0.0984804136322
0.0654713883547
0.121344238625
0.0574249786558
0.101992750472
0.0731835420791
0.0593957934142
0.13859483449
0.0923799800011
0.0609031115569
0.152304151195
0.138949545691
0.0809815592915
0.13256812979
0.0599073240043
0.0684804233427
0.0936145738822
0.094738979339
0.0506359818559
0.2
0.111217540301
0.0751286341561
0.0570047320221
0.112318533363
0.0710066516855
0.0747892170291
0.0685684509555
0.0956901241587
0.109978169212
0.0971765989589
0.107352416495
0.075830547505
0.0741182636415
0.0713401046789
0.160021137295
0.0624437515094
0.0719523196922
0.0687568289559
0.0599518505367
0.126775396666
0.0501683667773
0.0702491525173
0.0692085539781
0.0808381229909
0.0710293532144
0.0698889521361
0.056346776003
0.0531637844809
0.0516845323364
0.103981075392
0.0996956824143
0.0707527421318
0.0469476772735
0.0834056730455
0.0915875614192
0.0707076420479
0.08891482716
0.0464292988119
0.109774841435
0.114142719214
0.0809812041752
0.133873521826
0.107071303489
0.0633023207711
0.0970827485177
0.0793488899364
0.0758961707516
0.0741704514574
0.0767932218603
0.0753184823614
0.0623398327534
0.0800124280533
0.0613952296667
0.089083417723
0.0730607576241
0.0640313863654
0.0666394018441
0.0563851065664
0.0941156672046
0.0931710333139
0.0701767645874
0.0628479057448
0.0986379457946
0.120074588782
0.0776138978239
0.0829304592768
0.0554538509183
0.0915525120785
0.120732459186
0.104414962289
0.0702222286769
0.143799708686
0.075704453926
0.098972193063
0.126228103176
0.0796411133601
0.0409456455452
0.095059950374
0.0608418594002
0.0845191260647
0.0929304884428
0.068534910166
0.11249330662
0.0612957885481
0.105269837498
0.0661393285165
0.0648649387076
0.148382312746
0.0922073952583
0.0654293914439
0.137297703591
0.150673883584
0.0835526807907
0.139382603449
0.0555403463591
0.0671984173259
0.0940088933882
0.0954270957731
0.0533702172444
0.2
0.105872421988
0.0729694579346
0.0557001540706
0.101784431165
0.0664447958331
0.0677372247806
0.0696284917723
0.092708702626
0.110403774307
0.097458939063
0.118234356509
0.0761407602816
0.0880535364111
0.0693088670056
0.130032929675
0.0606607346609
0.0684140189122
0.064895340559
0.0544045508706
0.146844481788
0.0468673343462
0.0561852025897
0.0725791490746
0.117481763614
0.0663283238806
0.0651200426682
0.0555347637084
0.0623791145366
0.0526673526961
0.0961648501034
0.11993749147
0.0641332741103
0.050900683779
0.0773091035927
0.0910585216698
0.076511610515
0.0913820327195
0.0521926235792
0.113375958011
0.117013692115
0.0778570020025
0.133873521826
0.107071303489
0.0695945551321
0.11687195435
0.0862869544452
0.0726589012888
0.070266743486
0.0717216953809
0.0797410745162
0.0525581389426
0.0970936157799
0.0620193951988
0.0661244581698
0.069789096347
0.0538005667688
0.0646808814976
0.0614770597265
0.103504825832
0.0749305548225
0.0715749318781
0.0597637772348
0.0971888440812
0.12029671169
0.0726835870428
0.0761415065854
0.0557458001962
0.100800895189
0.0991037485812
0.114453670902
0.0669451504372
0.120056529469
0.0847718841896
0.0941360201426
0.126587858856
0.0724770316878
0.0378385827247
0.0907093204761
0.0566238498874
0.0825604418582
0.0936182416246
0.0635062082346
0.110187448444
0.0615651103719
0.107073940801
0.0720264616761
0.0644065771566
0.138181258494
0.094213855287
0.0602000041481
0.14732704829
0.138949545691
0.0846768436361
0.13011104398
0.0607763935039
0.0664235509137
0.0876318181441
0.0930281607903
0.0484899563819
0.2
0.113826131153
0.0752381842112
0.0567770293974
0.109659205108
0.072990188278
0.0832342524443
0.0705434907744
0.0997801799743
0.104626293612
0.0982644818464
0.106471605499
0.0948096869808
0.0643495327891
0.0788751798904
0.165455584649
0.0527333293568
0.0693585829039
0.0794990943411
0.0597103723261
0.133621718046
0.0436907631559
0.0592243949953
0.0697939982276
0.0762001526636
0.0676785996714
0.0708893238479
0.0571358530208
0.062251853818
0.0557978187149
0.0952102974615
0.100935969871
0.0693058437724
0.0453845276667
0.0809651713794
0.0941645313722
0.0678128864471
0.0942558963218
0.0488450661883
0.0997953103951
0.114827650018
0.0884980742722
0.151582028587
0.107071303489
0.0616327523503
0.128406934878
0.082367495051
0.0716544345463
0.0798037223125
0.0701762665398
0.0795899702817
0.0673243334375
0.0838791738909
0.0584499696415
0.0905379745503
0.0773729544637
0.0640313863654
0.0692589761019
0.0551430655472
0.0975684387539
0.0863651453109
0.0697227998615
0.0631228813743
0.0888630975926
0.120074588782
0.0760607954855
0.0871279348096
0.0539231029837
0.104103640489
0.107264998181
0.11491491222
0.0682622860147
0.126251811393
0.0804871838261
0.0840654805542
0.129695802709
0.0742258460952
0.0440497791285
0.101349284762
0.0568831238072
0.0836078077734
0.0959992465042
0.0645598919794
0.135272948471
0.055409118784
0.0958805853994
0.0733122388219
0.0608370335719
0.140245403311
0.0928177148203
0.0672545263519
0.1346959409
0.138949545691
0.0690586088115
0.118822971227
0.0591827720619
0.0661253948187
0.0885950308497
0.0891533036489
0.0532764863082
0.174569722322
0.119450889749
0.0751116914485
0.055729175982
0.114680471529
0.075848454766
0.0802530129378
0.0711703672285
0.092708702626
0.109978169212
0.0857644818464
0.12491453251
0.084526780395
0.0644621725099
0.0691656350118
0.113799868401
0.0653809742357
0.0774625854335
0.0648757371547
0.0528563198855
0.166500152699
0.0470032615254
0.0561065120589
0.0600925434986
0.110759859337
0.0678229016013
0.0620878325495
0.057321274629
0.0578639237798
0.0531907521915
0.101939672478
0.119536544357
0.065362575395
0.0486792707783
0.076369155574
0.0868702541373
0.0782840927016
0.0972930933222
0.0484341704722
0.0882715720111
0.109686826463
0.0823012405253
0.129769528911
0.131522710613
0.0710398553258
0.0908046349612
0.0773667630231
0.072840982926
0.0721410311876
0.0802379870855
0.0781117835757
0.060005607676
0.082042860789
0.0553877948634
0.0788671728154
0.0955642212873
0.0692269920168
0.0717211906593
0.0572872008362
0.0717364171017
0.0735375174474
0.0721363542759
0.0685513282256
0.0778288430845
0.120074588782
0.0827638652821
0.0745417559488
0.0556621670113
0.104398421372
0.0982614887376
0.105658745717
0.0698964877503
0.139196570326
0.0776566906851
0.0930027310175
0.116880244312
0.0727105369556
0.0357351257005
0.0986850606346
0.0513275171541
0.0800260597941
0.0937415400114
0.0682797458307
0.118838884964
0.0617250302923
0.0776266959547
0.0702468348165
0.0676962905853
0.130234196039
0.108218010235
0.0640748190313
0.121055133945
0.138354154509
0.0722239905746
0.135686281548
0.0547007936305
0.0599033177243
0.0903400371711
0.0960506052291
0.0461890525731
0.174569722322
0.102423676816
0.0633860115816
0.054799962288
0.0951200621817
0.0775381380484
0.0820891901585
0.0668706108887
0.0832359368263
0.104626293612
0.0981458706176
0.119358976955
0.0673524466243
0.0702935535991
0.0655948284241
0.125171179666
0.0606354536293
0.0628921682208
0.0672769194263
0.0566974294651
0.110140915535
0.049122860452
0.054505996658
0.0672513951513
0.104806204954
0.0621156546739
0.065800162667
0.0548226377598
0.0531320572334
0.051939092345
0.0974625647312
0.121729719266
0.0650503710549
0.0504016829849
0.075986341614
0.0888064104283
0.0707465392977
0.0764342292336
0.0468341010968
0.0829240500645
0.102821582393
0.0688227410654
0.151582028587
0.0752689128189
0.0720859162414
0.0842773996111
0.0738550208869
0.0685432549578
0.0691057444861
0.0494882361744
0.0745930716878
0.0650938605612
0.0895017548448
0.0589300602756
0.0748982298297
0.0824430745886
0.0596803647551
0.064186011298
0.0555308636976
0.0803409803744
0.0860468821541
0.0621801101335
0.062188229999
0.0881715071459
0.104777135642
0.0758477134446
0.0753484994897
0.0541862807972
0.107488979488
0.103586924224
0.109028084702
0.0654981741732
0.127857805949
0.0757984403859
0.0826829932932
0.119567067321
0.072773786807
0.040316114197
0.0771387870364
0.0661573205355
0.0780459635162
0.0936182416246
0.0663258015937
0.126354853288
0.0613343672508
0.107877875664
0.0639185565125
0.0650558448986
0.129583008304
0.101506816291
0.0586507440881
0.150231678415
0.147499612817
0.0768587212982
0.124363145315
0.0566825753541
0.0673446506396
0.093859749857
0.0921900016091
0.0496970252118
0.2
0.100679292826
0.0708060160147
0.0586384230295
0.115234091575
0.0775520750454
0.081006628236
0.0721932084956
0.092708702626
0.101644835878
0.097458939063
0.113864275698
0.0891899364309
0.0718668085267
0.0670163233823
0.124723216644
0.0640539802449
0.0642690726473
0.0717832279214
0.0643321090962
0.11889713552
0.0495585062385
0.0505163984301
0.0739539551461
0.0811415978476
0.0656141351892
0.066591624341
0.0554794308909
0.0569757122721
0.0479302833089
0.100901610148
0.0941824081427
0.0694074994242
0.0469035504874
0.0847861334846
0.0930659917825
0.0734121223373
0.0899039835479
0.0489476850386
0.100526979687
0.108193320761
0.0809274300878
0.151582028587
0.123242615966
0.0675938140668
0.105767572284
0.080665339451
0.0743356146008
0.0745029268703
0.065833635316
0.0811770129558
0.0526697588127
0.082736501421
0.0619043592037
0.0628347602412
0.071755471483
0.0640313863654
0.0650366824816
0.0650500507511
0.0872630441217
0.0775017346698
0.0866805027618
0.0599502661811
0.102525946351
0.120074588782
0.0762644820077
0.0829304592768
0.0557458001962
0.0925974717325
0.10937228764
0.11491491222
0.0693819438108
0.130802803953
0.0811753886613
0.092423755297
0.135982565126
0.0685554442158
0.0413384295714
0.0898346020701
0.0607787630377
0.0831157640894
0.0906093412983
0.0648281519853
0.129842261179
0.0568283458661
0.106649039203
0.0732132344407
0.0573051913216
0.12692805651
0.0923291328872
0.059841746326
0.1346959409
0.0925172087938
0.0785759461022
0.103640667637
0.0547178656302
0.05983037499
0.0909634261087
0.0885247790554
0.0497967038914
0.167461672792
0.0782590516936
0.0717776521147
0.0601907921876
0.100385109464
0.0520322124435
0.0795243825963
0.0587799202668
0.0895787692192
0.0962929602786
0.101314585295
0.102585356648
0.0731665936733
0.0622499399261
0.0742643144445
0.129592277227
0.0675382759705
0.0634949164728
0.0539334322927
0.0608934447162
0.142556893812
0.0506776650489
0.0635402337751
0.0766664100242
0.0846931604081
0.0711008380305
0.0624961569674
0.059855066587
0.0641846757198
0.0452082381774
0.0847911567232
0.112157137661
0.0784190438814
0.0465935018388
0.0755811815995
0.0890851195279
0.0638009520063
0.0885258919036
0.0454180686581
0.105670902274
0.0900272763672
0.0808205320175
0.134765471718
0.131970167595
0.0461402648636
0.100578674831
0.0691298078531
0.0742055196538
0.0887001271022
0.0660422152992
0.0826812112256
0.0592483656094
0.0921789187187
0.0566508732267
0.0786682534195
0.0837810249892
0.0646811750041
0.0835765538764
0.0541627402315
0.0774418830367
0.0760884077818
0.0825611795755
0.0574967037271
0.0914364546742
0.0948387116341
0.0822882602629
0.0793934523478
0.0454804451833
0.0713289119714
0.0889696599076
0.108934399341
0.0687189968626
0.142813414027
0.0799351119073
0.0829889890623
0.126007380484
0.0819625890123
0.0426078578209
0.0862123886491
0.0622701734185
0.0875738043742
0.0936182416246
0.0671509907531
0.102217516814
0.0667177205226
0.0855482299034
0.0723074245773
0.0656134953514
0.123475012185
0.0936189603518
0.0485906021338
0.118669309703
