0.749737219959
0.742246586009
0.764578532861
0.808509020291
0.706649070418
0.816417556392
0.707060456669
0.675562938774
1.0
0.617616889334
0.724601194443
0.762538756965
0.826282085207
0.811849905254
0.774429164605
0.551941760302
0.825
0.761660629792
0.633333333333
0.788271128254
0.69485959787
0.519957243402
0.609766609655
0.875
0.772164466137
0.590207672775
0.728465087985
0.750558187436
0.650655384351
0.784087684808
0.593509538987
0.684143693452
0.477501111258
0.647534376118
0.682069506814
0.714645978764
0.735184175722
0.642914855416
0.61445301356
0.621149806797
0.743317145479
0.706062383972
0.78584269283
0.719369084573
0.909864814315
1.0
0.789620049828
0.542833712776
0.944258802085
0.835138269508
0.737336854687
0.623504273923
0.780067791955
0.475061371017
0.633888399117
0.789926147687
0.768018756655
0.750318934894
0.795948373431
0.576825407209
0.789714014967
0.763407622091
0.758254724988
0.524627388739
0.632807544101
0.604566735435
0.644473310391
0.833282249763
0.692307692308
0.483725314921
0.688010024045
0.648307696663
0.805888391866
0.588044262979
0.907945648149
0.88026139361
0.955990593021
0.755993357377
0.69777059323
0.783825694257
0.743216825322
0.748133566057
0.676498472994
0.817224612145
0.647857068289
0.677581702393
0.718635428077
0.684430753243
0.9375
0.909282242139
0.805646040201
0.62985886294
0.759670887197
0.694106492849
0.856388099698
0.645605594268
0.793918074266
0.761856852956
0.520865426046
0.781773616562
0.698436817202
0.795546492981
0.757000642994
0.784804323667
0.760126366821
0.860998899374
0.680417213838
0.693416921034
0.854292963242
0.617616889334
0.672653515591
0.789916947054
0.825329103065
0.751911652263
0.800825826198
0.595026507362
0.865167364882
0.761660629792
0.8
0.820980522292
0.724179390057
0.431737459031
0.572196412574
0.796623274547
0.740831356091
0.617883739672
0.802631614325
0.781023361289
0.656507296184
0.767662200449
0.641773626519
0.592917008428
0.492802679443
0.695965473046
0.66655763459
0.734352040886
0.836561327636
0.580789364309
0.544301318344
0.633931250321
0.743321627689
0.691280871522
0.701499149015
0.766909551497
0.689472324506
0.822151007501
0.666896194522
0.596162860461
0.819105101089
0.861689588797
0.760102045814
0.741559829479
0.468133349941
0.702394491008
0.655532135294
0.790683368844
0.705245965779
0.740146174548
0.702989936319
0.576902837558
0.703668859433
0.822229482597
0.699167702608
0.646996718077
0.754928288634
0.492802009516
0.624982266205
0.789763425168
0.684928580623
0.485690949872
0.746684846774
0.764061128175
0.668801342451
0.618749692598
0.947663291635
0.739940095946
0.711998625341
0.805765823476
0.696699509592
0.708076226222
0.812447484595
0.700965233745
0.764729110317
0.79523044555
0.625854965183
0.638801168342
0.782878697178
0.606817704938
0.869226293052
0.902897759842
0.767168979588
0.808138466875
0.820634598491
0.764536263022
0.83226232317
0.571423769514
0.835436161192
0.700991777908
0.619650438517
0.761302496394
0.814587614917
0.720110227467
0.808611832789
0.789938949819
0.808656293026
0.834698987158
0.707515581171
0.765116108336
1.0
0.58953228854
0.729528465823
0.747673787491
0.799103190672
0.689657680182
0.593225230722
0.51728418911
0.6
0.702789998193
0.629262535165
0.631919224433
0.599288462005
0.591788675456
0.629293620301
0.846814354211
0.674437604679
0.488345072165
0.675940373953
0.779197258923
0.812551695307
0.676421997133
0.659195460561
0.574333740651
0.57452504671
0.845308620545
0.729052571599
0.740667617185
0.668299780883
0.508900026272
0.502503428796
0.694326436359
0.709308704353
0.627676103894
0.893248636539
0.70846082981
0.705469279104
0.757413769672
0.643272792613
0.771911123951
0.524772684747
0.773995400491
0.708333333333
0.70300362442
0.386114063555
0.521446682757
0.749338838199
0.865726962275
0.770701817657
0.480120994664
0.749541919452
0.611730147029
0.597822776079
0.813017128851
0.61993205572
0.798517117966
0.855507030169
0.5150487798
0.700247260987
0.645781211652
0.792066840503
0.577860852852
0.624890296789
0.692316228892
0.60168531164
0.463163434172
0.823966686585
0.655518426595
0.546266933488
0.755290162287
0.609918845287
0.685782746731
0.809101603662
0.897249317411
0.935638474321
0.793661130496
0.606183071853
0.728585368437
0.771878907093
0.677347421832
0.747123179529
0.805547399142
0.828157252372
0.691499157626
0.900493676091
0.575352343535
0.774288127172
0.701024661707
0.710767786578
0.735530229979
0.622274676788
0.459488785374
0.663095176923
0.805537068829
0.97633238244
0.871410408813
0.791521011597
0.919134279308
0.736159620034
0.752128040536
1.0
0.687449280725
0.762693913326
0.700356512326
0.817410974242
0.789750713953
0.752867676317
0.603333711122
0.825
0.761660629792
0.759373785308
0.944003656659
0.738586649668
0.54798863448
0.547001518482
0.806682164362
0.77885394408
0.693097654414
0.719730513139
0.841141637631
0.664833539276
0.7520786073
0.666898454243
0.694625931097
0.353196082165
0.630824952114
0.808773715518
0.698887865653
0.754406599548
0.682782325657
0.569676836883
0.61476834375
0.701138342947
0.702050942047
0.856903795148
0.753609012407
0.817255270774
0.841240091396
0.767395601758
0.790378850173
0.850590235684
0.781369586606
0.693807089121
0.564114735531
0.471100703948
0.648093315754
0.679317039653
0.77184601684
0.687711240142
0.600824670859
0.653786464447
0.604767202172
0.667597964922
0.77574506531
0.835979903432
0.791873316643
0.747437340725
0.562856098758
0.640540703639
0.69966477222
0.721153846154
0.504334567782
0.731613828613
0.762442083925
0.77320900493
0.606302866139
0.961359235688
0.75080530548
0.893081118254
0.916704251414
0.69123368517
0.78711543197
0.810622039122
0.812683275515
0.805027576512
0.803404603427
0.658061898769
0.733748367201
0.838574041504
0.776613800496
0.812213510633
0.873934746559
0.849102862263
0.682374414247
0.83160269441
0.859706159726
0.848734065977
0.624038003311
0.859292671102
0.798088916217
0.619772267552
0.718457487083
0.749737219959
0.805046017739
0.798642721806
0.819083243557
0.831967345849
0.892753946154
0.772012384235
0.775062695383
0.9
0.645625042278
0.772858460467
0.712048470957
0.785637352973
0.847052930359
0.833609846106
0.670840193553
0.825
0.755438763092
0.590810781566
0.797972128969
0.741103504875
0.667929649686
0.501618229645
0.844602383637
0.717649532757
0.605039836298
0.746551971471
0.78573376539
0.904556120522
0.773141029457
0.548667766518
0.696503016333
0.643040409573
0.706186670655
0.783436847361
0.711561715725
0.809223334521
0.742290078624
0.551412822166
0.561299848155
0.775761617732
0.710160412113
0.806458654287
0.739420691166
0.747144423678
0.872377997072
0.827969687053
0.67446451969
0.808330695693
0.83551468812
0.68948353826
0.564114735531
0.521978318796
0.805270151396
0.743507807412
0.78510668221
0.717715254923
0.712125007723
0.745294302894
0.57984011971
0.727091842357
0.748616578431
0.858108562521
0.836163287519
0.685940384379
0.686640688306
0.661478623865
0.778740517723
0.622203774279
0.514965272091
0.702535979343
0.83900372
0.69864676037
0.490840693434
0.977674653496
0.834136107067
0.915695329269
0.916704251414
0.622388976515
0.736675272408
0.733243927837
0.704405726437
0.911475736467
0.904796391568
0.666119100127
0.714580813692
0.73775255099
0.727107726164
0.966666666667
0.885613060265
0.797432594906
0.857507997194
0.8370571816
0.760694499885
0.757852684382
0.559243206167
0.864846194345
0.783994273144
0.671516821974
0.72679811098
0.698436817202
0.804688330459
0.861330643851
0.849865504726
0.866226708581
0.925187665669
0.782085000507
0.737453730607
1.0
0.67642526168
0.765734777119
0.707130429396
0.817011822771
0.775385048207
0.703020840335
0.656051196392
0.808609409603
0.761660629792
0.738888888889
0.797972128969
0.663411710694
0.71023202579
0.579410903773
0.912237719917
0.718195934278
0.577592707441
0.757340737618
0.809185900711
0.664141436704
0.755061570104
0.623546546837
0.614399447779
0.423891822828
0.666447836491
0.883199606075
0.692733616077
0.731497101117
0.683880424621
0.568878195622
0.584601993435
0.718185117919
0.6727861914
0.867212858458
0.724991454404
0.770268790414
0.781026010711
0.758801054435
0.790378850173
0.835098570142
0.809097618727
0.737336854687
0.566665338027
0.50132280052
0.620005417315
0.68526890877
0.820903149063
0.757038412258
0.765012127091
0.707035426321
0.581602124104
0.665296501881
0.7684832599
0.835979903432
0.764723374358
0.707091787326
0.602632275935
0.551455768268
0.726097073489
0.665764718237
0.535597013236
0.734161578259
0.830496385778
0.805888391866
0.598354130976
0.977674653496
0.821679178665
0.838560669439
0.916704251414
0.563156187748
0.746442172761
0.829602122172
0.75102762305
0.854582234707
0.819087699
0.678425422393
0.693291158185
0.782088943158
0.670873805939
0.855101913628
0.873934746559
0.849102862263
0.65378747912
0.857188879119
0.906460685021
0.750313852137
0.646883788566
0.859292671102
0.792879971009
0.673047038529
0.755772563784
0.904043301502
0.855801796275
0.706845558124
0.780341495365
0.82183048133
0.891907856102
0.795715037613
0.793128938254
1.0
0.62547453285
0.741657986296
0.738473882914
0.75717149751
0.748349775932
0.602416413524
0.625939071725
0.825
0.776969032505
0.8
0.842678946418
0.691358965596
0.707182433466
0.594893072264
0.798783760429
0.704612995645
0.551433706442
0.758935589269
0.701317778832
0.885929974335
0.750008746114
0.644122166637
0.703438154065
0.745363563584
0.678589271759
0.828912660864
0.679301399472
0.781328598217
0.667054550984
0.557299403074
0.71577844476
0.640851924366
0.685594338504
0.824717709
0.760618150818
0.808743800097
0.854766529023
0.897642197749
0.698316231365
0.846358613368
0.805662418508
0.737336854687
0.566665338027
0.556962068522
0.889186235312
0.794005799931
0.758125744258
0.739064068095
0.65960561913
0.734133211088
0.491458664252
0.781483431738
0.830810975722
0.590597126034
0.645613734973
0.632305761778
0.599706382634
0.707336670598
0.797144403885
0.614611516731
0.516906873278
0.634449515246
0.697025439884
0.74997017362
0.514079085231
0.923399812325
0.892262723578
0.884280215569
0.817250192948
0.68295365335
0.814343202688
0.739954788659
0.831174263762
0.834479881345
0.827204591201
0.591621344056
0.679876691503
0.865162458938
0.65874372128
0.928571428571
0.916907108228
0.828378923314
0.808558277593
0.879908569687
0.884343948436
0.833091433755
0.637945738323
0.888619489379
0.815979718726
0.633080966307
0.761302496394
0.698436817202
0.859560475895
0.889551812715
0.819890186296
0.817162895527
0.871461818913
0.715587937217
0.736281972912
1.0
0.75144740858
0.718120143538
0.689764001771
0.852225598163
0.856843451883
0.835044785835
0.662742457709
0.837317276225
0.702789998193
0.774364877158
0.770944289947
0.798680649044
0.598080895477
0.664528053619
0.849139120381
0.643096533643
0.619720568777
0.733670484245
0.775163482812
0.660361567662
0.753242926196
0.593164319497
0.652681881578
0.43426269721
0.705202302711
0.920726850325
0.714139039504
0.800699990092
0.674013783993
0.552616014839
0.583130905357
0.683906929436
0.671243117841
0.814490468929
0.753830502498
0.869967911968
0.887695699595
0.896297204253
0.75633876239
0.812428318513
0.899006751612
0.855392410242
0.566665338027
0.504433780037
0.82288173596
0.739711944182
0.769013447222
0.737800500463
0.652423273619
0.730721031761
0.59798273274
0.671437505161
0.749762001433
0.947778926286
0.681743001022
0.707091787326
0.626130244674
0.615522193451
0.79278814329
0.755125333128
0.487631685368
0.73450162022
0.693662005287
0.805888391866
0.522394433174
0.953129376943
0.832650249675
0.955990593021
0.837627835251
0.650773109898
0.714948681839
0.727166121011
0.728899601991
0.741770078061
0.830469908993
0.649811809422
0.78403504457
0.782338820885
0.685940833602
0.979772465836
0.871332694525
0.828291932503
0.909262449075
0.776444466623
0.872357165828
0.89427766394
0.550527602082
0.838193915158
0.837026643438
0.601465614516
0.723941840053
0.698436817202
0.723618118196
0.743476840995
0.808592744337
0.803777709067
0.892753946154
0.761364802137
0.792526701007
0.872848611608
0.789502046868
0.710267929785
0.656478630253
0.796768749743
0.812956715061
0.808928303592
0.589725431103
0.825
0.761660629792
0.661864877158
0.944003656659
0.739432953198
0.6925109894
0.631101979391
0.623795459618
0.683611613529
0.678901521881
0.676948174524
0.683849519075
0.894250595344
0.637357942471
0.64053203771
0.548819415816
0.680334788343
0.766667963475
0.693356780491
0.725410506419
0.722251970141
0.663671339072
0.505880496895
0.687988321138
0.71285409268
0.711008429564
0.767725109947
0.656792477983
0.862660219192
0.933333333333
0.851525257002
0.637857806273
0.760207884108
0.761579061492
0.709572037894
0.74181740959
0.487508441541
0.606088604454
0.704813632169
0.779203736022
0.709572989785
0.777449259162
0.629448932746
0.587491616165
0.632576517593
0.685131155217
0.798530688423
0.892591319363
0.76849000414
0.588914767512
0.606716385558
0.676786386555
0.568832564603
0.510454625623
0.719130917594
0.634305319006
0.805888391866
0.629886762073
0.820809108956
0.767081159894
0.915695329269
0.718459457038
0.681949716426
0.767836103731
0.917791027168
0.685620328379
0.858640416545
0.784000261865
0.615410246917
0.672456169186
0.813688603487
0.616643160302
0.897619047619
0.852930026098
0.864873366223
0.840468441123
0.811466400249
0.616479571428
0.82195161968
0.538387051535
0.613589572878
0.856730350634
0.587634833313
0.643095806659
0.852381988389
0.755374352551
0.944839040971
0.75886693624
0.77580581403
0.882575443335
0.77486098184
0.739233784306
0.836424305804
0.66547564914
0.696364874683
0.706109073851
0.739517566612
0.873612609596
0.883768502714
0.717163057827
0.770216317276
0.702789998193
0.750085410848
0.869003656659
0.657734935537
0.615670230233
0.593576962846
0.762268552757
0.705264871403
0.555329231149
0.806338971702
0.796097267721
0.751215411831
0.748713479193
0.644122166637
0.648583227651
0.652118771523
0.652353073229
0.863074572183
0.699083390661
0.750708903199
0.647407920427
0.537212779271
0.721216056233
0.645735109105
0.697858513859
0.787692209475
0.802743454752
0.6874094651
0.672011965183
0.766644047705
0.56488897848
0.672042798466
0.700363880215
0.855392410242
0.454570488631
0.580316591359
0.620707315061
0.666370163107
0.758751001182
0.698273063081
0.569063343455
0.69277950133
0.608262309142
0.740277345816
0.766450752557
0.744449318577
0.862988551748
0.72261838828
0.639740574737
0.641206447732
0.644139986748
0.741758241758
0.429257727216
0.643767694652
0.838196103413
0.776618550572
0.51758794551
0.906679687891
0.825320278718
1.0
0.819756957469
0.707886073223
0.772613321531
0.734316123931
0.764232659819
0.779852742109
0.797958524253
0.577536029734
0.71010399822
0.721360200375
0.717920525815
0.918085974209
0.916907108228
0.839518794947
0.773729234069
0.88733024859
0.889831076629
0.723545086346
0.594832029923
0.839379910486
0.813113801592
0.5069648544
0.820637669153
0.749737219959
0.83443195966
0.817354934301
0.777709081733
0.836762760257
0.926008508864
0.759720401851
0.701712507637
0.9
0.617616889334
0.72389259625
0.716990712912
0.800664687717
0.883268703671
0.786816477811
0.723510387753
0.825
0.669993963125
0.8
0.83176972061
0.780835838246
0.702001168993
0.599570009917
0.772450229865
0.716535304931
0.52981089187
0.771112800661
0.849109363701
0.745777990983
0.770051374331
0.630199375151
0.690195778597
0.460179066579
0.679415359759
0.867228625687
0.676046964955
0.787512496317
0.625913834869
0.601218768817
0.568370344854
0.715577338732
0.679074460293
0.869056111253
0.78327864249
0.751948966387
0.763493362316
0.823029708475
0.722303226407
0.754115996804
0.809474037339
0.855392410242
0.70300362442
0.528337257984
0.805270151396
0.721067087543
0.77439722816
0.775522345382
0.692993693495
0.730357228036
0.484035213765
0.697633563617
0.8261065526
0.633640325929
0.704307903952
0.707091787326
0.620736017211
0.649586876485
0.758668391908
0.659672272216
0.534665969539
0.733566468537
0.762574853442
0.805888391866
0.580508014556
0.977674653496
0.892262723578
0.792886767505
0.850259858213
0.650773109898
0.750679508721
0.764478881288
0.771286247603
0.863977180306
0.847958486185
0.575251150537
0.726571448962
0.827815533227
0.65317165612
0.966666666667
0.879727244217
0.798273320453
0.851604186143
0.826494174045
0.932080283193
0.874650392715
0.559243206167
0.789846194345
0.828669191782
0.657444312637
0.723941840053
0.582012080507
0.738145560632
0.783112009666
0.68510661854
0.713331890105
0.882402635666
0.71640235308
0.782352431831
0.834542052658
0.520855832856
0.678789419123
0.711029171023
0.77947215574
0.458162075537
0.786816477811
0.626146678939
0.640980342058
0.611123331527
0.790624447867
0.66706745264
0.643938260055
0.59675395696
0.673825085754
0.779906557107
0.702009851275
0.508010603017
0.607386002902
0.769614521936
0.853442550958
0.666074384747
0.616326056553
0.614911293554
0.460035162436
0.736986146587
0.680736968225
0.724550734648
0.711385236969
0.580260625493
0.443643702317
0.578134805023
0.779378927702
0.535629615056
0.773173099516
0.704339763122
0.627155350621
0.65396378802
0.707733007355
0.771911123951
0.588848945947
0.810229291691
0.888888888889
0.699485941437
0.325517143875
0.668512404456
0.556619115792
0.775908245368
0.694430523892
0.549899650582
0.662313546656
0.560779071651
0.602008334528
0.735654594252
0.775255178948
0.63496135632
0.779760974341
0.639470079
0.663825758236
0.625161931944
0.657049712138
0.553909070475
0.62513932454
0.708113105391
0.604336442322
0.59136402265
0.892467880092
0.652334101223
0.598104488196
0.762771018715
0.654298892127
0.653787951225
0.808167319528
0.755182262549
0.75464763246
0.923569366112
0.660223852
0.763535191247
0.637998598325
0.661364157883
1.0
0.916907108228
0.848186941294
0.705620040364
0.899587890298
0.530550179123
0.848734065977
0.615840505845
0.890551304776
0.744804730626
0.531216142769
0.623823879601
