0.111111111111
0.0353096134672
0.0636363636364
0.0387797355838
0.028336701798
0.0430954227485
0.0221687784643
0.0211867477927
0.2
0.0438649160777
0.0300937126241
0.0288625292105
0.035821439408
0.0441176470588
0.0739483847288
0.0279209477373
0.075
0.0583333333333
0.0666666666667
0.0462962962963
0.0397219842827
0.032525282006
0.0298262529356
0.100476300185
0.0369109667104
0.0396794819627
0.0294117647059
0.0320905251312
0.0444444444444
0.0192767708612
0.0282049072317
0.028587641415
0.0416666666667
0.0329580894039
0.0257936507937
0.0233774982701
0.0203265487517
0.0168570146724
0.0253947516892
0.042735042735
0.0450723165079
0.021654185653
0.0357029333115
0.0485251012582
0.0373677258558
0.0666666666667
0.025198938992
0.0458717898401
0.0509886680708
0.0515873015873
0.0833333333333
0.0555555555556
0.05641290418
0.0227272727273
0.0336134453782
0.0512820512821
0.0464480654623
0.0392156862745
0.0334933656305
0.0384615384615
0.0343137254902
0.0216922274813
0.0532544378698
0.0357844854782
0.0309243876033
0.0266974195423
0.020979020979
0.0666666666667
0.0532544378698
0.0161136122848
0.021935483871
0.0319941810815
0.0535714285714
0.0383023919583
0.0532072741844
0.0441213892864
0.0710059171598
0.0590024623263
0.0555555555556
0.0322409761546
0.0892857142857
0.0599495328956
0.0387325525429
0.0491071428571
0.021689782526
0.0181767614315
0.0320907083909
0.0155928015308
0.0625
0.0615384615385
0.0382775119617
0.0438781944458
0.0415224913495
0.0425638421087
0.041914839217
0.0376304868305
0.0530939362777
0.028612215612
0.0194444444444
0.0615384615385
0.102561043985
0.0423076923077
0.0606060606061
0.0402476780186
0.0353557072755
0.05
0.0215656711302
0.0238579649492
0.16
0.0438649160777
0.0281005707705
0.0333333333333
0.032763601185
0.0415224913495
0.0684888699184
0.0289344289796
0.0863543919416
0.0583333333333
0.08
0.0462962962963
0.037385396972
0.023841765121
0.0289590340076
0.0894084890903
0.0367975034165
0.0449166598849
0.0361111111111
0.0351239669421
0.0578712317343
0.0203703703704
0.0324245723738
0.028189224641
0.037037037037
0.0272185670529
0.0249867875185
0.0284405523029
0.023672284246
0.0143685519048
0.0175438596491
0.042735042735
0.04296875
0.018607045845
0.0412058201079
0.0485230458664
0.0316935358249
0.0549746061296
0.0230769230769
0.0516057635701
0.0440397083649
0.0515873015873
0.0833333333333
0.0694444444444
0.030303030303
0.0545454545455
0.0352941176471
0.052380952381
0.0390807756566
0.0371145001203
0.0280662147225
0.0364583333333
0.0235507246377
0.025822838351
0.043956043956
0.0458993799545
0.0427981388036
0.0173611111111
0.0201465201465
0.0648148148148
0.0432692307692
0.0196964898256
0.0226666666667
0.040492793267
0.0454545454545
0.0380952380952
0.0609675794831
0.0325814536341
0.0598290598291
0.0563354168402
0.0617283950617
0.0272160061769
0.0833333333333
0.0489734037473
0.0540580168535
0.0491071428571
0.0222861345695
0.0166127811393
0.0379425020438
0.0145157782681
0.0570982434187
0.0659340659341
0.0353450346197
0.0622061876792
0.0411764705882
0.0565111008936
0.0393534843331
0.0312358592001
0.0641659851714
0.0247594347164
0.0236842105263
0.0559440559441
0.0952380952381
0.0325
0.0636363636364
0.0402476780186
0.047012691111
0.046875
0.0222460004249
0.0243855837502
0.2
0.0487387956419
0.0316031953527
0.0290909090909
0.0317431574055
0.0370677276728
0.0549655065142
0.0241861644673
0.06
0.05
0.05
0.0297619047619
0.026461807671
0.0347985659486
0.0282108623046
0.0952305770502
0.0348878191455
0.025
0.026398128752
0.0324675324675
0.0777777777778
0.0182814446322
0.0313560281799
0.0224558209742
0.0555555555556
0.0441443516903
0.0284090909091
0.0267142289063
0.0186761901224
0.014416383426
0.0138888888889
0.0617283950617
0.0367647058824
0.0168642010821
0.0438596491228
0.0470110774664
0.0316935358249
0.04
0.0217391304348
0.0746179441894
0.0252100840336
0.0462962962963
0.0833333333333
0.0740740740741
0.0247933884298
0.0330578512397
0.0421452057088
0.0533333333333
0.0497657844239
0.019925617833
0.0300129760004
0.0416666666667
0.0203333990338
0.0238564831277
0.041958041958
0.0725924652696
0.0565447596985
0.01875
0.0227272727273
0.0416666666667
0.0591715976331
0.025221834804
0.0176838195907
0.0336134453782
0.0324675324675
0.0210526315789
0.050827468462
0.0297425468448
0.0192307692308
0.0454111180938
0.030303030303
0.0291373951639
0.09375
0.0719091516428
0.0683437311392
0.0470547503146
0.0176197292297
0.020174818329
0.0327481655105
0.0153402378603
0.0446428571429
0.0576923076923
0.0400913198178
0.0442868238255
0.0490196078431
0.0302792205028
0.0358845541456
0.0423342976843
0.0683442379215
0.0276413580293
0.0264705882353
0.027972027972
0.0769207829887
0.040625
0.0833333333333
0.0419456128367
0.0404067233665
0.0514705882353
0.0221317602172
0.0267479655556
0.2
0.051240832798
0.0377765881628
0.0236363636364
0.0342528557843
0.0441176470588
0.0625717101551
0.0281296797505
0.075
0.0583333333333
0.07
0.0666666666667
0.0423701165682
0.0341689224688
0.0263937108334
0.0983493379993
0.0336134453782
0.05
0.0320512820513
0.0382405059333
0.0493827160494
0.0177812642871
0.029156470629
0.0271582593442
0.0277777777778
0.0295510250256
0.0313211778503
0.0266848341583
0.0221426695724
0.0189662530542
0.0185185185185
0.0505050505051
0.0367647058824
0.0218081456639
0.0409356725146
0.0485230458664
0.0351905975635
0.0564102564103
0.0284280936455
0.0746179441894
0.0466067120653
0.047619047619
0.0793650793651
0.0555555555556
0.038740390444
0.041958041958
0.0326797385621
0.0444444444444
0.0312646205253
0.030298394254
0.0232086647911
0.0388888888889
0.0246212121212
0.0224386277484
0.0692307692308
0.0605205601672
0.0440137323618
0.0227911695423
0.02
0.0583333333333
0.0576923076923
0.0196964898256
0.0242857142857
0.0420168067227
0.0494505494505
0.0356402386292
0.0601428102803
0.0311004784689
0.0641025641026
0.0815693752256
0.0555555555556
0.0283720590161
0.0892857142857
0.0598063222688
0.0616201401145
0.0491071428571
0.0216827871388
0.0239441462637
0.0432098765432
0.0220080191576
0.0522319731008
0.0650887573964
0.0399225082416
0.0396696170293
0.0433436532508
0.0612115072983
0.0437260937034
0.0338674381474
0.0593147710393
0.031927072315
0.0242429881041
0.048951048951
0.111111111111
0.0382352941176
0.0661157024793
0.0358851674641
0.0412483251548
0.0541666666667
0.0265724607362
0.0275999041901
0.2
0.0487387956419
0.03755213133
0.026
0.0354568288623
0.0477941176471
0.074196275745
0.0311889215935
0.075
0.07
0.0571428571429
0.0520833333333
0.0351109207595
0.0361634709618
0.0272555614189
0.0966742619649
0.0378793920163
0.0380952380952
0.0305555555556
0.0335968379447
0.0972222222222
0.0205526551971
0.0283254700075
0.0312470318867
0.0444444444444
0.0320218435916
0.031746031746
0.0269704955226
0.0261341341094
0.0232103980864
0.0185185185185
0.040404040404
0.0416666666667
0.0221887095267
0.0391254900836
0.043264525451
0.0330568164951
0.0571428571429
0.02849002849
0.0582174688524
0.0467921901378
0.0515873015873
0.0606060606061
0.0555555555556
0.030303030303
0.0629370629371
0.043137254902
0.0488888888889
0.0316691355425
0.0371145001203
0.0290052756352
0.0388888888889
0.0270833333333
0.0226860651119
0.0641025641026
0.06225061431
0.0455153479338
0.0330882352941
0.02
0.0666666666667
0.0414201183432
0.0208333333333
0.0206060606061
0.0467000634344
0.0454545454545
0.0291666666667
0.0608335763536
0.0417559899765
0.0705128205128
0.0815693752256
0.0555555555556
0.0304683553723
0.075
0.0511616048189
0.0681233854042
0.0580357142857
0.0228239864619
0.0229014307219
0.0368416861993
0.019983381762
0.0666666666667
0.0604395604396
0.0376989753202
0.0633382560826
0.0411764705882
0.0557580625038
0.0419449966546
0.0286042802527
0.063073986523
0.031697857363
0.0294117647059
0.0538461538462
0.102561043985
0.040625
0.0808080808081
0.0382775119617
0.0436746972227
0.0580357142857
0.0250403013345
0.0253394464307
0.2
0.0626276845308
0.0354323780469
0.0247619047619
0.035821439408
0.046218487395
0.0625717101551
0.0335532688949
0.067476117498
0.0583333333333
0.0777777777778
0.0520833333333
0.0323991146522
0.0387983356661
0.0330960388659
0.10946044911
0.0356511924859
0.0388888888889
0.0352564102564
0.0363636363636
0.0555555555556
0.0185185185185
0.0354775557849
0.027515360285
0.030303030303
0.0329580894039
0.0359848484848
0.0245827980625
0.0210229798326
0.0184312011381
0.0216049382716
0.037037037037
0.0401785714286
0.0199218508008
0.0432098765432
0.0450571140188
0.0333724157453
0.0498464010013
0.0297202797203
0.0746179441894
0.0448610317564
0.047619047619
0.0833333333333
0.047619047619
0.0272727272727
0.0413223140496
0.0346020761246
0.0564102564103
0.0396825396825
0.0394341563778
0.0286086595079
0.0416666666667
0.0245098039216
0.0202558259324
0.0692307692308
0.0561976630124
0.0483600571797
0.0243055555556
0.0153846153846
0.0583333333333
0.0512820512821
0.0217583113715
0.0237037037037
0.0491698203956
0.0535714285714
0.0355555555556
0.0608335763536
0.0394736842105
0.0564102564103
0.0815693752256
0.040404040404
0.0284538299514
0.09375
0.0519423086212
0.0630213445879
0.046875
0.024777289253
0.0213281679877
0.035488517285
0.017557749302
0.0596936835438
0.0650887573964
0.0399225082416
0.0429754184484
0.0433436532508
0.059733250102
0.037878140487
0.0338674381474
0.0593147710393
0.0299349669347
0.0294117647059
0.0559440559441
0.150673883584
0.04
0.0681818181818
0.0368421052632
0.0361662305126
0.0529834752917
0.0247631525155
0.0296841629342
0.2
0.0487387956419
0.0331807696893
0.0269605694358
0.0289828828485
0.0392156862745
0.0567591091798
0.0321493655328
0.075
0.0636363636364
0.08
0.0539215686275
0.0317775874262
0.0376858249025
0.026843627642
0.0819577816661
0.0311280628514
0.0345512768345
0.0333333333333
0.0280792094898
0.0888888888889
0.0191923464951
0.0285054801635
0.0301758437158
0.0617283950617
0.0329580894039
0.0336983081633
0.0236373058294
0.0221175735081
0.0196202617802
0.0162037037037
0.0606060606061
0.0328947368421
0.0212266607645
0.0409356725146
0.046497750862
0.0386417445472
0.0564102564103
0.0352564102564
0.0748510313817
0.0474999159774
0.0424836601307
0.0833333333333
0.047619047619
0.0430877821494
0.0699300699301
0.0415224913495
0.0416666666667
0.0375939849624
0.0357576857896
0.0314695254586
0.0320512820513
0.0342834550498
0.0247207686851
0.025641025641
0.037283117008
0.0374347849934
0.0230263157895
0.0242914979757
0.0666666666667
0.043956043956
0.0165631469979
0.0226086956522
0.0441176470588
0.0519480519481
0.0222222222222
0.0537949230733
0.0447368421053
0.0604395604396
0.0627456732504
0.0555555555556
0.0305922285943
0.0625
0.0597829349171
0.0623746348309
0.0528846153846
0.0191361634534
0.0191244918916
0.0432042872006
0.0173652757101
0.0663265306122
0.0659340659341
0.0383482189561
0.0574210963193
0.0483221320753
0.0563720096407
0.0374795088886
0.0334090765965
0.0633503465341
0.031927072315
0.0236842105263
0.0559440559441
0.102561043985
0.0425
0.0743801652893
0.0408207742987
0.0404067233665
0.0477941176471
0.0207163283962
0.0248564199651
0.2
0.0626276845308
0.0331200653103
0.024
0.036154344689
0.0484429065744
0.0684888699184
0.0321493655328
0.0797445024976
0.05
0.075
0.05
0.0452285342269
0.0294117647059
0.0343946190603
0.109277042221
0.0250626566416
0.0364062457614
0.0294117647059
0.0330578512397
0.0444444444444
0.0194923697328
0.0310428613118
0.0253449258414
0.0246913580247
0.0330206300588
0.0396825396825
0.0261827980625
0.0230785653291
0.0177808622383
0.0181610759301
0.037037037037
0.0347222222222
0.0195521305952
0.0424836601307
0.0499206062896
0.037138832452
0.0571428571429
0.0338461538462
0.0678344947176
0.0440397083649
0.0555555555556
0.0972222222222
0.047619047619
0.0330578512397
0.0727272727273
0.0421334773397
0.0458333333333
0.036669525365
0.0336542925079
0.0278912712155
0.0416666666667
0.0263157894737
0.0200431891943
0.0710059171598
0.044273701447
0.0483600571797
0.0262932720322
0.0184615384615
0.0606060606061
0.0461538461538
0.0175438596491
0.0225
0.0330882352941
0.0535714285714
0.0333333333333
0.0639017359228
0.0401002506266
0.0710059171598
0.0625896232735
0.0555555555556
0.0284828118186
0.0714285714286
0.0599495328956
0.0528172629553
0.0572916666667
0.0220094105245
0.0258362509301
0.035028904515
0.0172135457905
0.0666666666667
0.0564102564103
0.0360653073001
0.0746478579742
0.0364145658263
0.0575679654418
0.0429529283411
0.0305561191827
0.054752096344
0.0320727343689
0.0235294117647
0.0559440559441
0.102561043985
0.0315789473684
0.0636363636364
0.0387811634349
0.0399012704171
0.0541666666667
0.0270491163519
0.0261857444072
0.16
0.0724679905672
0.0281005707705
0.0218181818182
0.0329572427647
0.0470588235294
0.0690913132759
0.0256134178204
0.075
0.0583333333333
0.0625
0.0666666666667
0.0461538461538
0.0372425213642
0.0276651038749
0.0598557596967
0.0300489515895
0.0448076870909
0.0229166666667
0.0261852700959
0.0888888888889
0.0140804233473
0.0299261236381
0.0241621925494
0.0555555555556
0.0438190378953
0.0243714609725
0.0242433315394
0.0182820600175
0.0190894583216
0.0138888888889
0.0505050505051
0.0361842105263
0.0218081456639
0.0407407407407
0.0396641960332
0.0387711022093
0.0622222222222
0.0320512820513
0.0523957219672
0.043137254902
0.0462962962963
0.0800668842989
0.0888888888889
0.0324675324675
0.041958041958
0.0371869462136
0.0444444444444
0.0369699989395
0.0448292099407
0.022822357395
0.03125
0.0245098039216
0.0166319275298
0.0549450549451
0.0743826099469
0.0522663071797
0.0238095238095
0.0192307692308
0.047619047619
0.0384615384615
0.0217482606378
0.0237037037037
0.0311699482179
0.0535714285714
0.0355555555556
0.046085525899
0.0421052631579
0.0705128205128
0.0542509139332
0.0555555555556
0.0281733372688
0.1
0.043005581982
0.0635818263773
0.0480769230769
0.017876817558
0.0179497700252
0.0416666666667
0.0148961279792
0.0619047619048
0.0604395604396
0.0426065162907
0.0676548509811
0.0416365113374
0.0407818143987
0.0385025864043
0.0283492663937
0.0378443919138
0.0367429842594
0.028125
0.0448717948718
0.118587449655
0.0333333333333
0.0826446280992
0.0351116238925
0.0353557072755
0.0460526315789
0.0259799028255
0.0261168131908
0.16
0.0563649160777
0.0278397256083
0.0236363636364
0.0297837362443
0.0507665003348
0.0696134308524
0.0307446323716
0.0571428571429
0.05
0.07
0.0611111111111
0.0298548915447
0.0403684192609
0.0303595806772
0.0732542900386
0.0318984353821
0.0345512768345
0.0338541666667
0.033252613855
0.0648148148148
0.0177015242377
0.0285054801635
0.0277603847786
0.040404040404
0.0316907460068
0.0320512820513
0.022343993819
0.0204472212944
0.0182214902719
0.0151515151515
0.0555555555556
0.0296052631579
0.0210004365652
0.0392156862745
0.0511167534594
0.0273548286599
0.0367621342632
0.0284280936455
0.0582174688524
0.0294117647059
0.0359477124183
0.0972222222222
0.0333333333333
0.0397733373687
0.030303030303
0.0326797385621
0.0458333333333
0.0331771896159
0.0256649721611
0.023310759599
0.0388888888889
0.0300925925926
0.0202718616875
0.0461538461538
0.0637565228116
0.0424471883646
0.0257715111935
0.0168269230769
0.0416666666667
0.0549450549451
0.0137326599038
0.0171428571429
0.0430235928462
0.047619047619
0.029016812603
0.0480115933719
0.0415512465374
0.0769230769231
0.0627456732504
0.0512820512821
0.0288833900795
0.0694444444444
0.0460028115788
0.0551436765144
0.046875
0.0162883480776
0.0180707926707
0.0307153587974
0.0162801122075
0.055263014942
0.0659340659341
0.0367503764996
0.0455867767926
0.046439628483
0.0638882775928
0.0350065156044
0.0283962356364
0.054752096344
0.0306991079952
0.0159096547707
0.0576923076923
0.111111111111
0.0411764705882
0.0727272727273
0.0368421052632
0.0436746972227
0.0571501419584
0.026008765723
0.0223489998595
0.2
0.0438649160777
0.0301881132524
0.026
0.0354568288623
0.0514705882353
0.0684888699184
0.0377248693059
0.075
0.05
0.08
0.0539215686275
0.0438886509494
0.0409537987587
0.031047754428
0.0756533369225
0.0318984353821
0.0311111111111
0.03125
0.0368302120054
0.0598290598291
0.0199652777778
0.0272661114608
0.0312304328759
0.0277777777778
0.0320218435916
0.0355922475572
0.0224922923164
0.0224709946935
0.0174765238418
0.0185185185185
0.0396825396825
0.0401785714286
0.0195521305952
0.0432098765432
0.0573454178421
0.0347096573198
0.0428571428571
0.0304487179487
0.0705631478648
0.0406292874374
0.047619047619
0.0972222222222
0.0740740740741
0.030303030303
0.0629370629371
0.038062283737
0.047619047619
0.0413533834586
0.0357576857896
0.0299709766273
0.0297619047619
0.0269607843137
0.0249613767683
0.0299145299145
0.0483949768464
0.0483600571797
0.025
0.0192307692308
0.0606060606061
0.0384615384615
0.0241019741632
0.0226666666667
0.0497737556561
0.0535714285714
0.0333333333333
0.0608335763536
0.0447368421053
0.0549450549451
0.0627456732504
0.0555555555556
0.0303470367607
0.0694444444444
0.0538717739941
0.0635818263773
0.0576923076923
0.0178844688305
0.021745541309
0.0401234567901
0.0138315800688
0.0666666666667
0.0604395604396
0.0360598894367
0.0625369300683
0.0433436532508
0.0652436941673
0.042492040217
0.0286042802527
0.0575184309675
0.0309119144706
0.0293186892937
0.0559440559441
0.0683740293233
0.0315789473684
0.0606060606061
0.0328406125757
0.033950617284
0.05
0.0186397826967
0.0277476634403
0.114285714286
0.0398771964343
0.026878806824
0.024347826087
0.0313655650169
0.0220588235294
0.0684888699184
0.0303667698766
0.0545454545455
0.0416666666667
0.0727272727273
0.0333333333333
0.0313886509494
0.0333429151963
0.0341044033659
0.0819577816661
0.0319735751096
0.025
0.0208333333333
0.0340909090909
0.0864197530864
0.0158850665006
0.0266592658894
0.019653828775
0.0444444444444
0.0410412601175
0.0240384615385
0.0258868665449
0.0191593783784
0.0138895020662
0.0116959064327
0.040404040404
0.0416666666667
0.0135467980296
0.0416666666667
0.0461538461538
0.0231578947368
0.0375
0.0267558528428
0.0746179441894
0.0274509803922
0.0481481481481
0.0987654320988
0.0740740740741
0.020979020979
0.0545454545455
0.0208886298939
0.0392156862745
0.0425838050721
0.0220588235294
0.0266318812045
0.0384615384615
0.01875
0.0213251655328
0.0532544378698
0.0416666666667
0.0482535487028
0.0255681818182
0.019943019943
0.0454545454545
0.0432692307692
0.0214908249983
0.016123482568
0.0335723780421
0.0357142857143
0.0333333333333
0.0534484201555
0.029409950255
0.025641025641
0.0514659338397
0.0617283950617
0.0233099161311
0.0833333333333
0.0485727980041
0.0493678151511
0.0580357142857
0.0231013575145
0.0240497550238
0.0266955711817
0.0155761571944
0.0714285714286
0.0659340659341
0.0400913198178
0.044485352258
0.0490196078431
0.019802539172
0.0437260937034
0.0328798517895
0.0680017838079
0.0300615365181
0.02
0.0461538461538
