0.666666666667
0.633333333333
0.668181818182
0.756204843884
0.457516339869
0.71107447535
0.601067086475
0.532030978189
1.0
0.31383451476
0.603758111592
0.602105263158
0.735396123613
0.727941176471
0.671328671329
0.448234811857
0.825
0.641666666667
0.633333333333
0.694444444444
0.615690756382
0.42428765436
0.444444444444
0.875
0.719075236381
0.555512747478
0.602941176471
0.689946290322
0.422222222222
0.68506006006
0.504280027966
0.566097816977
0.354166666667
0.547185670529
0.580357142857
0.567857142857
0.660394265233
0.442269745194
0.432748538012
0.470085470085
0.698620905872
0.535114077334
0.678355732918
0.655088866986
0.88
1.0
0.692970822281
0.333333333333
0.917796025275
0.825396825397
0.708333333333
0.472222222222
0.649350649351
0.261363636364
0.521008403361
0.717948717949
0.673496949203
0.627450980392
0.657234061496
0.480769230769
0.703431372549
0.67245905192
0.692307692308
0.42975836653
0.476902173913
0.427158712676
0.503496503497
0.733333333333
0.692307692308
0.330329051838
0.614193548387
0.485294117647
0.696428571429
0.539591594358
0.867215635424
0.860367091085
0.923076923077
0.678528316752
0.527777777778
0.659494070002
0.669642857143
0.648463065259
0.535714285714
0.736607142857
0.427626886141
0.554391223661
0.571822912927
0.49117324822
0.9375
0.861538461538
0.784688995215
0.442307692308
0.705882352941
0.589756056073
0.77754920587
0.595029239766
0.646153846154
0.681828156865
0.369444444444
0.707692307692
0.5
0.698076923077
0.606060606061
0.724458204334
0.619047619048
0.775
0.542975040273
0.552771718929
0.8
0.31383451476
0.518768695696
0.716666666667
0.736308407394
0.705882352941
0.692307692308
0.535286936122
0.820366723445
0.641666666667
0.8
0.694444444444
0.598166351551
0.333328288916
0.354166666667
0.707070707071
0.683333333333
0.561458248561
0.704166666667
0.772727272727
0.444444444444
0.672222222222
0.594202898551
0.493311431217
0.333333333333
0.522185670529
0.570674783555
0.626086956522
0.760368663594
0.400990536797
0.324561403509
0.470085470085
0.6875
0.558211375351
0.676407936527
0.67932264213
0.615
0.769644485814
0.588461538462
0.354166666667
0.748675042204
0.825396825397
0.708333333333
0.590277777778
0.348484848485
0.572727272727
0.564705882353
0.759523809524
0.586211634849
0.630946502045
0.514894432819
0.510416666667
0.553442028986
0.738795366286
0.593406593407
0.541666666667
0.660714285714
0.295138888889
0.473443223443
0.680555555556
0.627403846154
0.349128266171
0.623333333333
0.647058823529
0.568181818182
0.552380952381
0.902976649103
0.651629072682
0.65811965812
0.704192710502
0.555555555556
0.559787953241
0.708333333333
0.628644960835
0.690476190476
0.736607142857
0.366842572416
0.514996215318
0.663993785767
0.397340160619
0.807672015603
0.89010989011
0.709202758262
0.721153846154
0.761764705882
0.693161900933
0.742279153796
0.513157894737
0.739448534631
0.53176484044
0.461842105263
0.671328671329
0.619047619048
0.65
0.668181818182
0.724458204334
0.733333333333
0.75
0.577454820558
0.619431721062
1.0
0.329332515489
0.596872697248
0.683636363636
0.679451764978
0.588235294118
0.480769230769
0.383168608032
0.6
0.55
0.45
0.386904761905
0.423388922736
0.501466067
0.464285714286
0.633333333333
0.585434173669
0.3875
0.52142395406
0.698051948052
0.738888888889
0.562785213165
0.607608695652
0.449116419484
0.527777777778
0.769736842105
0.653409090909
0.627692307692
0.524731182796
0.379527329413
0.263888888889
0.555555555556
0.606617647059
0.437665782493
0.811403508772
0.634649545796
0.615
0.6
0.532608695652
0.633333333333
0.390756302521
0.694444444444
0.708333333333
0.555555555556
0.272727272727
0.363636363636
0.67432329134
0.8
0.696720981934
0.278958649662
0.55966994221
0.541666666667
0.42700137971
0.716761376158
0.503496503497
0.733333333333
0.788602941176
0.3375
0.545454545455
0.5
0.769230769231
0.465129388553
0.469677419355
0.521008403361
0.405844155844
0.357894736842
0.63540500506
0.594850936896
0.240384615385
0.60872928
0.30303030303
0.555351623058
0.75
0.83422459893
0.897619047619
0.682293879562
0.398279060054
0.60524454987
0.589466979189
0.475547373671
0.669642857143
0.721153846154
0.801920169848
0.664302357383
0.857843137255
0.454188307542
0.656692738068
0.633223684211
0.558528607635
0.596025729591
0.489705882353
0.335664335664
0.4375
0.73125
0.958333333333
0.838912256734
0.62908496732
0.849264705882
0.627888439139
0.606105052263
1.0
0.4091088778
0.690543673677
0.555454545455
0.752650543474
0.727941176471
0.615384615385
0.520399075385
0.825
0.641666666667
0.7
0.9
0.635551748523
0.470861743042
0.324561403509
0.738888888889
0.638655462185
0.675
0.592948717949
0.803050624598
0.444444444444
0.612170289382
0.608695652174
0.550597519608
0.291666666667
0.47157932278
0.750854134204
0.598181818182
0.664344421036
0.536622720705
0.361111111111
0.505050505051
0.606617647059
0.573624258493
0.75730994152
0.67932264213
0.769090909091
0.789743589744
0.696488294314
0.633333333333
0.79231410511
0.761904761905
0.634920634921
0.416666666667
0.363636363636
0.503496503497
0.571895424837
0.666666666667
0.53149854893
0.484774308064
0.454039010436
0.525
0.566287878788
0.649583383348
0.796153846154
0.699528169369
0.633223684211
0.364658712676
0.51
0.641666666667
0.721153846154
0.349128266171
0.643571428571
0.651260504202
0.667582417582
0.533968456386
0.882352941176
0.637559808612
0.801282051282
0.897263127481
0.527777777778
0.619305187741
0.669642857143
0.726476683788
0.696428571429
0.736607142857
0.427626886141
0.634519875989
0.777777777778
0.660259971566
0.736607142857
0.846153846154
0.784688995215
0.461538461538
0.780185758514
0.825602377123
0.783818942814
0.564473684211
0.75
0.709597158163
0.442429881041
0.587412587413
0.666666666667
0.707352941176
0.727272727273
0.735645933014
0.666666666667
0.839583333333
0.673402330624
0.680179126337
0.9
0.329332515489
0.640482309717
0.585
0.707745999362
0.788602941176
0.721153846154
0.505424354341
0.825
0.7
0.485714285714
0.729166666667
0.614441113291
0.58919688127
0.343137254902
0.707070707071
0.67803513613
0.552380952381
0.595833333333
0.755928853755
0.826388888889
0.678819444444
0.476902173913
0.593693605847
0.422222222222
0.566303317588
0.714285714286
0.60507031475
0.747695852535
0.613673901581
0.361111111111
0.40404040404
0.645833333333
0.560754248117
0.666666666667
0.648967881765
0.700952380952
0.828571428571
0.754985754986
0.444444444444
0.772071137273
0.825396825397
0.606060606061
0.416666666667
0.348484848485
0.755244755245
0.690196078431
0.733333333333
0.570044439764
0.630946502045
0.618457252779
0.525
0.595833333333
0.633490179592
0.801282051282
0.721153846154
0.606617647059
0.545955882353
0.51
0.733333333333
0.538461538462
0.385416666667
0.597575757576
0.727941176471
0.568181818182
0.452083333333
0.934471747142
0.814241804542
0.88141025641
0.897263127481
0.472222222222
0.599693786107
0.675
0.598222608592
0.857142857143
0.870535714286
0.439468991404
0.603598125366
0.626308665389
0.579518071097
0.966666666667
0.815934065934
0.752877107647
0.769230769231
0.761764705882
0.709548375023
0.68795115243
0.461842105263
0.75
0.6560031615
0.544117647059
0.619230769231
0.5
0.73125
0.808080808081
0.784688995215
0.686274509804
0.870535714286
0.673003766682
0.591290237448
1.0
0.447388071045
0.629043865657
0.569523809524
0.735396123613
0.716386554622
0.615384615385
0.603958840108
0.775975351227
0.641666666667
0.738888888889
0.729166666667
0.534585391762
0.613003095975
0.380952380952
0.844444444444
0.655976312601
0.525
0.652243589744
0.763636363636
0.527777777778
0.611111111111
0.574534161491
0.483548678311
0.30303030303
0.547185670529
0.827651515152
0.56
0.618754576927
0.511235262436
0.388888888889
0.444444444444
0.602678571429
0.511239756961
0.777777777778
0.653328153273
0.726363636364
0.697849614019
0.713286713287
0.633333333333
0.785068055738
0.761904761905
0.708333333333
0.380952380952
0.286363636364
0.454545454545
0.588235294118
0.789743589744
0.634920634921
0.650663580234
0.544901981416
0.5
0.502450980392
0.627930603903
0.796153846154
0.675544346419
0.625
0.413194444444
0.392307692308
0.641666666667
0.641025641026
0.413407916058
0.616296296296
0.716386554622
0.696428571429
0.533333333333
0.934471747142
0.769736842105
0.789743589744
0.897263127481
0.40404040404
0.622045909668
0.75
0.669442752665
0.785714285714
0.75
0.417087670455
0.549227126762
0.674281828414
0.476227896872
0.785714285714
0.846153846154
0.784688995215
0.480769230769
0.780185758514
0.78990551788
0.675631808311
0.564473684211
0.75
0.718203818241
0.544117647059
0.671328671329
0.788677037592
0.8
0.647727272727
0.718421052632
0.595029239766
0.775
0.690879508738
0.679487179487
1.0
0.329332515489
0.603293791463
0.6174313482
0.649351885655
0.686274509804
0.476500644957
0.562613896825
0.825
0.668181818182
0.8
0.781862745098
0.556107779958
0.571895424837
0.422222222222
0.680555555556
0.636368469464
0.483717875683
0.65
0.645821818266
0.844444444444
0.633347434338
0.578063241107
0.58332036961
0.555555555556
0.547185670529
0.758546364626
0.549230769231
0.711421098518
0.545718021056
0.340277777778
0.606060606061
0.575657894737
0.579843062019
0.75730994152
0.69746626293
0.787368421053
0.789743589744
0.88141025641
0.507936507937
0.807498571616
0.743464052288
0.708333333333
0.380952380952
0.435606060606
0.839160839161
0.705882352941
0.645833333333
0.62030075188
0.590001815528
0.573886129363
0.400641025641
0.719952556045
0.730814017416
0.397435897436
0.529546272389
0.518092105263
0.402960526316
0.546558704453
0.733333333333
0.593406593407
0.364389233954
0.542608695652
0.639705882353
0.649350649351
0.4
0.848074688318
0.872368421053
0.815934065934
0.78432091563
0.527777777778
0.670103911561
0.5625
0.719180876031
0.741758241758
0.766826923077
0.392319868597
0.559228292425
0.79927931321
0.507285809802
0.928571428571
0.89010989011
0.785360711662
0.692307692308
0.844290254089
0.751460220261
0.724476387074
0.555535633967
0.789743589744
0.709597158163
0.461842105263
0.671328671329
0.5
0.85
0.818181818182
0.775594711676
0.62908496732
0.788602941176
0.575966729645
0.606105052263
1.0
0.447388071045
0.577807637493
0.54
0.762532248403
0.823529411765
0.692307692308
0.562613896825
0.837317276225
0.55
0.675
0.675
0.72365654763
0.514705882353
0.488539072978
0.777777777778
0.501253132832
0.564296809302
0.602941176471
0.727272727273
0.422222222222
0.652636741505
0.529891304348
0.484286553185
0.222222222222
0.602741226084
0.892857142857
0.6
0.699539170507
0.520137488819
0.354140980636
0.388888888889
0.590277777778
0.542335662575
0.743464052288
0.698888488055
0.834782608696
0.828571428571
0.863076923077
0.606060606061
0.748675042204
0.888888888889
0.826388888889
0.380952380952
0.363636363636
0.763636363636
0.674135637436
0.710416666667
0.605047168522
0.572122972634
0.561581858126
0.5
0.565789473684
0.598616308693
0.923076923077
0.567981082482
0.625
0.486425532596
0.470769230769
0.69696969697
0.646153846154
0.350877192982
0.64125
0.545955882353
0.696428571429
0.483333333333
0.909926470588
0.802005012531
0.923076923077
0.783384615769
0.527777777778
0.552484863942
0.535714285714
0.648463065259
0.642857142857
0.802083333333
0.416912600427
0.697578775114
0.665549185786
0.475575418767
0.966666666667
0.789743589744
0.742983971935
0.839160839161
0.6918767507
0.812121984966
0.855421240293
0.445820433437
0.717948717949
0.732266550346
0.435294117647
0.671328671329
0.5
0.615789473684
0.668181818182
0.736842105263
0.686111111111
0.839583333333
0.674527705243
0.631898703056
0.8
0.447388071045
0.518768695696
0.512727272727
0.688738136602
0.752941176471
0.741758241758
0.448234811857
0.825
0.641666666667
0.5625
0.9
0.646153846154
0.629527118329
0.453643424908
0.556479405604
0.54953373557
0.627307619273
0.504166666667
0.602261212206
0.844444444444
0.435823754789
0.578063241107
0.447000562164
0.527777777778
0.738888888889
0.604957531671
0.577777777778
0.603307980576
0.520364463551
0.263888888889
0.505050505051
0.633223684211
0.573624258493
0.672222222222
0.555298744465
0.832380952381
0.933333333333
0.801282051282
0.422222222222
0.690196078431
0.694444444444
0.68056851654
0.622222222222
0.405844155844
0.503496503497
0.632178085632
0.666666666667
0.536064984623
0.673009602182
0.394285714286
0.4375
0.502450980392
0.535706743207
0.741758241758
0.833333333333
0.6875
0.440476190476
0.461538461538
0.619047619048
0.480769230769
0.401002506266
0.616296296296
0.471694275399
0.696428571429
0.533333333333
0.761764705882
0.715789473684
0.88141025641
0.624064505374
0.527777777778
0.673945692187
0.9
0.614210051088
0.828571428571
0.697115384615
0.423460219474
0.54190357496
0.708333333333
0.431987711396
0.897619047619
0.815934065934
0.852130325815
0.755244755245
0.728638948405
0.525738308753
0.690963364322
0.423326661686
0.416666666667
0.75
0.50625
0.560897435897
0.729166666667
0.633333333333
0.909090909091
0.686602870813
0.619047619048
0.805921052632
0.673003766682
0.583943070565
0.8
0.42633451476
0.561710313982
0.555454545455
0.648552697597
0.823529411765
0.789743589744
0.594786691146
0.685714285714
0.55
0.7
0.825
0.582170385122
0.549777850439
0.432748538012
0.564102564103
0.618824609814
0.483717875683
0.677083333333
0.748183811738
0.680555555556
0.61503895417
0.578063241107
0.533803461398
0.40404040404
0.489705882353
0.801282051282
0.552458708795
0.643430400585
0.508945086184
0.30303030303
0.583333333333
0.518092105263
0.562422168597
0.686274509804
0.741192925162
0.585
0.533050946816
0.696488294314
0.444444444444
0.514705882353
0.62908496732
0.826388888889
0.316666666667
0.41958041958
0.393939393939
0.571895424837
0.710416666667
0.580600818279
0.47480198498
0.491227633364
0.525
0.631944444444
0.648699574
0.646153846154
0.77380952381
0.632697003397
0.451001445886
0.487980769231
0.5
0.741758241758
0.281519528029
0.514285714286
0.667279411765
0.619047619048
0.450959427856
0.805740206892
0.789473684211
1.0
0.78432091563
0.564102564103
0.64803396454
0.590277777778
0.63287217163
0.736607142857
0.75
0.298021622983
0.554984344718
0.598949496549
0.50779119673
0.868421052632
0.89010989011
0.770181208325
0.538461538462
0.835913312693
0.79851904379
0.588331785375
0.49043062201
0.717948717949
0.695178638258
0.302283440644
0.721153846154
0.666666666667
0.761764705882
0.763636363636
0.718421052632
0.686274509804
0.839583333333
0.672229214538
0.514151029274
0.9
0.31383451476
0.551549503393
0.585
0.707745999362
0.849264705882
0.692307692308
0.619803439308
0.825
0.55
0.8
0.781862745098
0.680274089715
0.62908496732
0.388888888889
0.65811965812
0.618824609814
0.466666666667
0.6875
0.81026466412
0.65811965812
0.678819444444
0.565217391304
0.571234801679
0.236111111111
0.566303317588
0.802106970687
0.53225075798
0.709203036053
0.450167419216
0.361111111111
0.456349206349
0.602678571429
0.542335662575
0.777777777778
0.745490431948
0.72
0.621428571429
0.761217948718
0.555555555556
0.690697886435
0.761904761905
0.826388888889
0.555555555556
0.30303030303
0.755244755245
0.647058823529
0.690476190476
0.682330827068
0.590001815528
0.558703956629
0.386904761905
0.552696078431
0.741482338525
0.463675213675
0.6
0.625
0.45
0.5
0.69696969697
0.557692307692
0.427948099457
0.623333333333
0.746606334842
0.696428571429
0.516666666667
0.934471747142
0.872368421053
0.741758241758
0.78432091563
0.527777777778
0.615933463942
0.590277777778
0.685535734457
0.828571428571
0.836538461538
0.355404663919
0.594355501611
0.722222222222
0.421288261773
0.966666666667
0.815934065934
0.737305791754
0.741758241758
0.780185758514
0.863102377123
0.82472701364
0.461842105263
0.675
0.709597158163
0.568186892937
0.671328671329
0.416666666667
0.615789473684
0.69696969697
0.623971638939
0.611111111111
0.775
0.542122637831
0.706845793004
0.685714285714
0.301154332346
0.525851795927
0.584347826087
0.669510966775
0.363970588235
0.692307692308
0.429100874487
0.572727272727
0.458333333333
0.763636363636
0.45
0.486524089715
0.457516339869
0.540935672515
0.680555555556
0.639471502192
0.3875
0.416666666667
0.715909090909
0.777777777778
0.532149727771
0.460358056266
0.399927478302
0.422222222222
0.686111111111
0.600961538462
0.589488773747
0.571862394022
0.430401565944
0.216374269006
0.40404040404
0.708333333333
0.386083743842
0.708333333333
0.646153846154
0.509473684211
0.58125
0.655518394649
0.633333333333
0.439215686275
0.794444444444
0.888888888889
0.555555555556
0.251748251748
0.572727272727
0.375995338091
0.627450980392
0.543803640236
0.363970588235
0.481904761905
0.480769230769
0.4125
0.61617951688
0.692307692308
0.5
0.748355263158
0.485795454545
0.52849002849
0.522727272727
0.627403846154
0.391415944626
0.451176470588
0.529411764706
0.428571428571
0.483333333333
0.800653594771
0.532964502194
0.320512820513
0.642314343724
0.555555555556
0.496698642012
0.708333333333
0.671975202603
0.642857142857
0.870535714286
0.427626886141
0.685418018179
0.507215852452
0.484912658805
1.0
0.89010989011
0.801920169848
0.574358974359
0.857843137255
0.281852377123
0.783818942814
0.526315789474
0.821327134966
0.642125628996
0.4
0.530769230769
