0.197151125333
0.126890577339
0.173838743965
0.109182986591
0.111561861241
0.151033635246
0.15039579037
0.114862102207
0.24464728133
0.157495137781
0.141098278683
0.137875340639
0.175480322907
0.129270300236
0.138137728206
0.123468669836
0.157418412141
0.163560979047
0.136430551705
0.165952657474
0.159259680058
0.11488810734
0.132238359087
0.182645659233
0.123309834303
0.12307436337
0.146766166676
0.110604062957
0.17900301976
0.110541603952
0.107107560632
0.138601512753
0.19378623859
0.127966798813
0.123482276441
0.107928929336
0.120190399605
0.111857488623
0.170954674956
0.174572894571
0.150356542803
0.122490523942
0.152710760334
0.151452861475
0.137450911019
0.142119588529
0.11060786994
0.166677016546
0.191704371811
0.152992803337
0.177848199177
0.178568669364
0.150878235342
0.137052289378
0.134450998873
0.156898156961
0.119251469903
0.131457360153
0.149069337384
0.1195889627
0.177068902034
0.1188959055
0.137277477847
0.112703608028
0.105153231087
0.130742815609
0.130603622508
0.164889140128
0.15431232372
0.135031348483
0.115408552605
0.155037212491
0.169602744392
0.136183260799
0.118335631546
0.111923792241
0.190322226009
0.15601343425
0.188203582946
0.140613166232
0.198534535052
0.129031120274
0.137168190161
0.175470302687
0.149715653947
0.0879539843003
0.151574466539
0.124687081956
0.142436381739
0.148064071007
0.12755985391
0.171132612906
0.136661611987
0.157320990092
0.120555790071
0.134190617576
0.20667240221
0.125342466259
0.137878038656
0.240447405141
0.187447508893
0.133405292716
0.176215552563
0.107546092089
0.118863515677
0.150651548008
0.144698642595
0.10998784377
0.236274315897
0.157495137781
0.13633763427
0.136259284534
0.17025666434
0.129628633343
0.132371145419
0.134674720999
0.172884462442
0.160677441859
0.148642296043
0.175268524588
0.159905834462
0.0943688784964
0.132360727456
0.192564764656
0.123325345372
0.118938533086
0.147369211878
0.115083954622
0.195995752081
0.111333614594
0.109165506026
0.139607579327
0.180981525207
0.123992763284
0.123118061946
0.115096240195
0.118666293462
0.105407921933
0.178879449595
0.173793334298
0.142732471301
0.111511355148
0.143508036663
0.14990038084
0.132591589368
0.137522575393
0.0976362247739
0.177736011657
0.189493458902
0.157279909977
0.176686040168
0.188264491629
0.136882148675
0.164606433178
0.120178175632
0.14508171707
0.131205759503
0.14212417691
0.135455920503
0.113615770406
0.178355384663
0.123279969488
0.122923104845
0.126505495145
0.111388528587
0.116481747863
0.1401871557
0.162899924925
0.151194780134
0.155263278472
0.122289381983
0.156206066137
0.158104484354
0.139885230057
0.129263422661
0.112883504033
0.180053872397
0.148058373447
0.179635542422
0.136758696752
0.207854542048
0.127686470517
0.162746674721
0.168819989649
0.14055036772
0.0854757545055
0.140994540072
0.124498936037
0.132717524317
0.151482402245
0.122111646331
0.18129663143
0.136804502898
0.154758781308
0.125470544483
0.12910320282
0.221453942288
0.120631230894
0.139345588705
0.233163840325
0.185845376311
0.132415936963
0.168756303515
0.117298969853
0.124201368904
0.159364310474
0.138964739835
0.111212443742
0.24464728133
0.160208287753
0.142361462091
0.137049701192
0.170552182555
0.123089206075
0.118405309625
0.123175580633
0.135357828689
0.155564292611
0.128061937062
0.174998991865
0.150383030422
0.111019579712
0.131623573651
0.195039945089
0.125617390896
0.116346101619
0.134399235075
0.119213131441
0.187658297872
0.10509764587
0.113709567306
0.127423374634
0.187633007957
0.13631674492
0.122970560042
0.121238326896
0.122014250737
0.0952425470557
0.16860408882
0.170030609624
0.144408952432
0.11581741515
0.156780680104
0.152798763382
0.137373241417
0.131082459532
0.102122764479
0.190171464978
0.172612512851
0.151003572065
0.166653533835
0.19700412277
0.109195400293
0.14127881185
0.139826073427
0.155907164588
0.150074760663
0.128452334282
0.147668998877
0.122707599859
0.166725287599
0.126040185898
0.11680833027
0.138238744344
0.123308911292
0.134393119455
0.14742655085
0.139320488412
0.159545109341
0.159499458194
0.115885004258
0.154627039476
0.164452694427
0.123217627528
0.116841744849
0.102332433807
0.149202890801
0.130323297778
0.188982995851
0.136646043819
0.20712421924
0.145586230986
0.161937758591
0.184103988814
0.146508390748
0.0992743418328
0.147561049707
0.124551097753
0.140722030439
0.144665977103
0.1268155985
0.16140628996
0.144371525908
0.152891546796
0.12242115714
0.130937049982
0.186694435382
0.126086503731
0.129885769574
0.187738609859
0.17250615033
0.133598230595
0.187723694013
0.115308658339
0.123327188855
0.164826181573
0.161868657559
0.110305855539
0.24464728133
0.163709152458
0.148194034257
0.131268667513
0.169040471619
0.1278955251
0.125814134983
0.131929676155
0.157418412141
0.160677441859
0.140162181556
0.19511706081
0.170295264073
0.11008185972
0.128000892008
0.191799221882
0.131105769838
0.128672270207
0.130628879221
0.118680227265
0.181833146081
0.107963421857
0.108074555749
0.14532146112
0.152512184912
0.122212935328
0.12692360717
0.107575053376
0.1153200291
0.107531378168
0.171018260447
0.171633475292
0.139212605695
0.118647390452
0.162234952179
0.157256178961
0.135552979779
0.136098513594
0.10680544253
0.189320568832
0.189339026941
0.145625101223
0.180961990469
0.18407635975
0.147914989594
0.143184103525
0.132420091611
0.15547598991
0.11996390898
0.142333745209
0.137029372733
0.11933300086
0.168450006026
0.124015760157
0.139723414403
0.131189903854
0.110321682808
0.128746687554
0.138011170848
0.147379604995
0.15713606897
0.140995945015
0.114426242826
0.151796513591
0.162745678559
0.133199780047
0.12698891075
0.107942222791
0.182583294522
0.165783579201
0.178721591645
0.141525053765
0.205824613637
0.129781580582
0.167328719999
0.188643747498
0.144366159989
0.0989550169708
0.151628225867
0.127536774912
0.129413948624
0.153410033752
0.131043666411
0.173727447292
0.138328772193
0.16311812173
0.125207160816
0.13209049624
0.224735440169
0.130423316238
0.135752674314
0.22675273325
0.197151125333
0.13351155436
0.177106873271
0.108260791612
0.126955729656
0.15536310628
0.155778711593
0.109417474189
0.232787028125
0.166870756171
0.146688660942
0.132678935473
0.173088926455
0.12684042606
0.13724407805
0.137074511662
0.157418412141
0.15440718372
0.140356547726
0.173914376685
0.162786382278
0.119282041166
0.126711465166
0.184422433456
0.122668549459
0.1266217941
0.146109107377
0.117613725304
0.203533796871
0.106376105785
0.106275502966
0.145377803296
0.188051308697
0.124167258775
0.131880509222
0.106239564503
0.130474997567
0.114737176658
0.175342762912
0.170184774994
0.147899675801
0.116815022639
0.155826291427
0.14942982489
0.139159260751
0.140460685302
0.105242141064
0.175437945109
0.193910769535
0.151250045923
0.158554929689
0.18407635975
0.153863086041
0.158802536875
0.140794482967
0.158155997894
0.123528118736
0.141649783283
0.143795075594
0.113087270756
0.173936689856
0.121515709007
0.131481552709
0.136524299708
0.112616749965
0.131599912026
0.13762287306
0.153624096544
0.156360494007
0.139092042582
0.11882737195
0.161308717978
0.153831994878
0.128321449319
0.127779679982
0.11431257123
0.189421392794
0.165783579201
0.165065863731
0.140944840815
0.175588446154
0.136244921775
0.162929738157
0.18359659635
0.14794156862
0.0978361664772
0.144186354092
0.122800744447
0.141379964245
0.150659357106
0.125987325959
0.198984715494
0.135054849344
0.159000443445
0.127656980275
0.124593528599
0.210427792378
0.130428925362
0.142787604471
0.232808734294
0.187447508893
0.134726091753
0.181403082189
0.111025148189
0.127699697096
0.161071284618
0.151268766742
0.109375939394
0.24464728133
0.175090637532
0.145584033921
0.131353170102
0.176598379814
0.131390535746
0.123644216066
0.133774353664
0.163711175641
0.160677441859
0.151069128128
0.174417110513
0.160058394612
0.123489006257
0.132451066378
0.195544407097
0.12068570845
0.1207070032
0.139623423915
0.116378752031
0.181854462103
0.110636133613
0.118586913619
0.138803290233
0.168679026008
0.122738280547
0.134626094172
0.1093998125
0.113608006162
0.108234043483
0.17858760945
0.165052061965
0.145974041643
0.111302978193
0.16266208363
0.154885243977
0.136850431059
0.131073547887
0.109009191016
0.189320568832
0.18936867466
0.149818888552
0.178848334994
0.172373739483
0.14768476457
0.149311642385
0.137036936121
0.153188331499
0.122537107497
0.150572491901
0.137039387223
0.116962030069
0.167163675691
0.125545716573
0.139723414403
0.119592030468
0.11565592303
0.127719929302
0.12958515011
0.149082716938
0.159766089524
0.137814848939
0.116620078294
0.166849836954
0.169602744392
0.135129342863
0.127779679982
0.118528607405
0.179978403962
0.165783579201
0.170148834698
0.140083137439
0.203161093557
0.124313634982
0.163067872223
0.182585740337
0.149871339761
0.0918893296099
0.153581249907
0.124690175703
0.139176408753
0.150556201834
0.131043666411
0.178367885933
0.139990023547
0.156460464452
0.123127471074
0.131283300936
0.224735440169
0.128191101544
0.138081057354
0.225707591075
0.19886618362
0.139107778193
0.183856538096
0.107292481789
0.13184590146
0.159435279967
0.155852767462
0.112992136219
0.24464728133
0.16691317305
0.14614540296
0.127786604308
0.164246172791
0.128195824219
0.11527889117
0.134539668036
0.157418412141
0.162829144742
0.148642296043
0.184764091503
0.15149837929
0.136366027716
0.132307264915
0.176938387251
0.120385898727
0.113343927633
0.132907581676
0.110367995958
0.197917960214
0.107166405918
0.107574914157
0.141012214663
0.199979974891
0.120109360914
0.128910714403
0.108760469597
0.126796436974
0.110372832186
0.170334885759
0.183344817667
0.14053031017
0.119157660332
0.157342967096
0.153535981849
0.14063406174
0.131131518969
0.1101982614
0.191426347706
0.191205632008
0.143713916464
0.178848334994
0.172373739483
0.154825256335
0.168736388437
0.138511906561
0.142952415957
0.118902069804
0.14256869485
0.140546928921
0.104573185184
0.181016240516
0.124651639319
0.117177985834
0.120208942571
0.103260253217
0.126663387995
0.142380552838
0.161228664686
0.13575759873
0.141067377907
0.114251817879
0.162991764219
0.167141671149
0.135051337333
0.121553480029
0.113985157531
0.185206221776
0.143901181355
0.182491349772
0.142516445467
0.184596399098
0.13517242146
0.158817101671
0.187507838407
0.144162870416
0.0878565177906
0.144182315912
0.118219943172
0.141685200646
0.152170585848
0.12626126405
0.181513819954
0.144944709476
0.157396568247
0.127948328669
0.129169877102
0.210789010129
0.129784017594
0.134565757727
0.233163840325
0.187447508893
0.138076084886
0.180176860523
0.112320140534
0.120194346692
0.157936626836
0.155472569223
0.110933952091
0.24464728133
0.175735257377
0.145197416805
0.131834131511
0.172133515796
0.128548846458
0.132756322183
0.136691112666
0.169262376217
0.156197070677
0.149691877781
0.173803650094
0.171164882676
0.117099209777
0.14092110103
0.201779425769
0.111899558836
0.12029250739
0.149457931544
0.11905728883
0.195224845085
0.101751732283
0.108974248453
0.136495407322
0.155088501592
0.116995518454
0.131428727766
0.107251795895
0.1277474816
0.112487979774
0.168456500017
0.16963760705
0.144400657895
0.113551972059
0.162247577219
0.155311500354
0.138688686475
0.136523180693
0.106540177121
0.178895565307
0.192909900533
0.156324360217
0.191603205165
0.172373739483
0.148198666959
0.180776431614
0.138498991909
0.142999037734
0.130120193656
0.137636729734
0.139675048185
0.126273268516
0.168762640679
0.124390878279
0.142275916356
0.12055092835
0.115873019807
0.130400307743
0.130159269373
0.157333858096
0.147275415016
0.141680479481
0.119232990046
0.155669215583
0.169602744392
0.136678522981
0.131297070877
0.114676889526
0.190322226009
0.152899176205
0.184376865406
0.141191525799
0.196732513831
0.127988985979
0.151155821123
0.192017903349
0.146206246168
0.0992102737402
0.15598949153
0.121403942404
0.144519716226
0.14526065015
0.124891451918
0.203606037298
0.133884172457
0.15595551477
0.129854076224
0.126870352889
0.217752672849
0.127605691443
0.145045066036
0.222064471702
0.187447508893
0.124546257544
0.171021340902
0.107615412269
0.121954592899
0.15536310628
0.14928562256
0.115591738268
0.20601709552
0.184017698262
0.14381153159
0.129629448679
0.176382801116
0.127663059289
0.131022342026
0.136297079639
0.157418412141
0.159013777988
0.146277237681
0.19511706081
0.165069720087
0.115836880376
0.133697415998
0.158601412177
0.124466444574
0.120246999735
0.133187152527
0.107802743352
0.218448048839
0.103246261203
0.108436232227
0.123480495317
0.195517447581
0.1230609016
0.12362869531
0.109063852393
0.120080448142
0.108404260794
0.17858219631
0.183492527019
0.13833848759
0.116730980859
0.154213789852
0.146163084156
0.146210050811
0.139605451322
0.105056193099
0.161161657989
0.184806154077
0.153427963569
0.171146383194
0.201540854969
0.139498625953
0.15152280592
0.132840715283
0.149771014015
0.126407246733
0.151622423182
0.139113537401
0.114963123718
0.167751312669
0.120557150471
0.128948991207
0.145693746919
0.120548882668
0.133137586329
0.128666589505
0.128516437739
0.139190052424
0.133938166257
0.126219242663
0.14845059031
0.169602744392
0.141152678916
0.115588019584
0.112355995998
0.194810429692
0.146412150344
0.168885604203
0.139263153209
0.205683397172
0.124206601795
0.158192481864
0.170619213638
0.142988491107
0.089817731668
0.150822094709
0.1068506004
0.141152538284
0.147730927635
0.129234783453
0.186279651555
0.137957936319
0.144153186762
0.126141709006
0.127781067899
0.198336886511
0.142885438452
0.135077094188
0.2045047167
0.186070509659
0.129661589393
0.185158151589
0.106752869831
0.123067200974
0.159117962889
0.157465682692
0.10673380035
0.214314518534
0.168829772564
0.135346714717
0.127911481732
0.155365879078
0.137274063048
0.131964115421
0.133290635673
0.146636038052
0.156197070677
0.150309777852
0.18789439152
0.138395687023
0.117077151282
0.13040295091
0.166903287705
0.121461675617
0.111021206896
0.140855598519
0.115695168783
0.163424416653
0.108290880475
0.105857239581
0.136262819342
0.18199004053
0.11278939776
0.128773869289
0.106928864095
0.111374466196
0.107854826931
0.173589439532
0.180809206868
0.139374142628
0.118903534719
0.155501384254
0.150702290334
0.140600032555
0.122427662307
0.106921048509
0.162730721148
0.183054043682
0.131551891443
0.191603205165
0.140706925144
0.151573040721
0.138726485624
0.131439635323
0.138468901942
0.117472145245
0.115326863422
0.136806857752
0.12046806665
0.179825136366
0.126109621167
0.127406942413
0.129042122715
0.112632964923
0.122990173554
0.132784183547
0.136140462005
0.150982504605
0.130752716256
0.124105220862
0.160230008349
0.160729331261
0.133446416106
0.117592116227
0.116886041094
0.192669718016
0.148169192733
0.184628714629
0.138648459448
0.184015903788
0.122544460149
0.150759496426
0.180215094049
0.141313163215
0.096234134395
0.1321763121
0.127936073971
0.135547071812
0.152170585848
0.129083161493
0.192290416971
0.141079316074
0.160026845214
0.123641682922
0.130450181492
0.205403324002
0.135628767434
0.126553934082
0.236432246041
0.197151125333
0.133612005231
0.176375831141
0.108031035022
0.1232326702
0.161264926341
0.150508794641
0.113344672529
0.243158806892
0.160480400373
0.142675195572
0.133519853416
0.179380147667
0.133245666613
0.13239703534
0.131463279718
0.157418412141
0.151431043646
0.148642296043
0.180816994042
0.16635009986
0.120911791896
0.130909212301
0.171962285893
0.121662972951
0.115653823508
0.14346673347
0.123529092124
0.168212287769
0.106395510739
0.102326908215
0.141786850999
0.155687716169
0.115726414907
0.13167579433
0.107978605097
0.117693774009
0.105408766645
0.178214798784
0.157143995553
0.141957864047
0.113320231339
0.162716704484
0.154142487469
0.139249266882
0.130380991819
0.10769653893
0.178564262031
0.18266500518
0.148076131138
0.191603205165
0.19700412277
0.15748356821
0.160459413089
0.135966226137
0.145694216866
0.123372831939
0.137628614035
0.143130792623
0.1064974732
0.171595054716
0.125085662146
0.116666391355
0.12087627341
0.115873019807
0.127916242001
0.141472815025
0.147150724401
0.140652253088
0.151639472321
0.115815945749
0.161311384928
0.169602744392
0.133030830513
0.127779679982
0.113985157531
0.178419568149
0.155057465978
0.184376865406
0.142919286905
0.190801064734
0.130876352424
0.156824417389
0.198191038408
0.139008603135
0.0944128445754
0.145884181891
0.125322955538
0.141379964245
0.146959861252
0.127919682855
0.199949849024
0.140495349336
0.161190914282
0.12616498235
0.124718634272
0.199021265743
0.126630457851
0.132149649503
0.222064471702
0.143640545217
0.127156708715
0.157381560188
0.106126635942
0.118821271865
0.161109513166
0.150803765904
0.109553272586
0.210028529022
0.135868581921
0.145558118691
0.130561943685
0.160421064564
0.116156687022
0.138113392211
0.119752666961
0.13913125192
0.152156703721
0.154131369595
0.179720673934
0.142082283868
0.111023557386
0.13746680677
0.171968588294
0.124985969309
0.125906421703
0.117834528379
0.120044244441
0.196319598731
0.110361572599
0.110809750153
0.139392756808
0.161840808063
0.122517998896
0.127710637543
0.119137221003
0.126946495314
0.103432812896
0.162747646249
0.166022554558
0.150739152321
0.111701461689
0.149910868383
0.146658271403
0.132395011411
0.1304699818
0.105900060372
0.181887912542
0.168437630875
0.147318122939
0.181714981109
0.196213250738
0.11046491678
0.145675992094
0.116674775801
0.148675632882
0.144036092321
0.133763530319
0.142557806282
0.115511753729
0.171298849703
0.121726988337
0.131356258062
0.128913956703
0.117647991721
0.145077960217
0.12745229685
0.13721709026
0.14568155983
0.149353159275
0.117104594507
0.160113895929
0.157439645272
0.142127142382
0.124328061557
0.105499064139
0.15444108742
0.134149100392
0.178968836093
0.138704138707
0.197632793353
0.129415991439
0.146849374277
0.179890646065
0.155289986005
0.0983315462786
0.14508477485
0.119476883303
0.147852627085
0.152170585848
0.129219240832
0.179813488874
0.150311851748
0.155144670741
0.126862196623
0.123800610178
0.205470018943
0.130104818607
0.121165870893
0.200659301927
