0.21910135557
0.146342138054
0.191818412291
0.127087419707
0.130325822753
0.168643141286
0.16556345535
0.135008100442
0.26195889491
0.175521562136
0.156997800102
0.153298811554
0.189678886866
0.149044036677
0.15683743154
0.141870722018
0.174676348677
0.182924901425
0.156216400283
0.181639427228
0.176543137767
0.133234034277
0.151533635338
0.198981428029
0.141340217883
0.141063636094
0.160613322981
0.130925798374
0.196871871658
0.130434373125
0.125568319916
0.154561628037
0.201003260174
0.144439069597
0.142232653702
0.126609277956
0.137687722487
0.13082204241
0.184628419953
0.186381064942
0.166168258805
0.139809123241
0.170084422404
0.167028000772
0.154625126423
0.159651739264
0.129765022799
0.178828849977
0.204488424084
0.169621715907
0.202542034496
0.191681593347
0.168821868051
0.155505332454
0.153494581902
0.174508624227
0.14080717996
0.148726631136
0.165374819115
0.137898962647
0.187604226873
0.137695183767
0.153387768406
0.135111562175
0.124169835046
0.146653647623
0.145521753835
0.184552809758
0.172751368003
0.152994460592
0.134646250479
0.170406630697
0.182477144873
0.152878661806
0.13830572018
0.128796899432
0.202692270518
0.173236307953
0.202303309376
0.159513825557
0.208817263754
0.143449926887
0.153536868697
0.192830865932
0.165307034821
0.108068051651
0.168456794721
0.143786896254
0.16177307834
0.165776005342
0.144513858288
0.18507129786
0.153188071022
0.173037426173
0.142308942377
0.153931646212
0.215594059761
0.144214110482
0.151898800025
0.248401666609
0.209145833409
0.154567061122
0.193988473637
0.12508329175
0.136161920277
0.16986464608
0.160262560097
0.130711229936
0.251226474224
0.175521562136
0.152801937544
0.15459824063
0.183969064902
0.148569063466
0.153425750403
0.151643317065
0.190671809002
0.177881659467
0.169523389193
0.189233898419
0.177341492924
0.116737073929
0.150720706722
0.206360634193
0.139620480288
0.13978898511
0.161415923626
0.134637941486
0.208869060214
0.131123260077
0.128510354539
0.154571672008
0.191120074282
0.140838134029
0.141837527292
0.132180566214
0.136885245713
0.126144799087
0.191989301435
0.18596719347
0.159496421469
0.130693628167
0.159262453288
0.167463951328
0.149083582737
0.156918819836
0.116232224874
0.189756699584
0.201100761865
0.173481391514
0.201916189309
0.201805498407
0.153529217895
0.183703568162
0.141862846384
0.161893322905
0.149999341043
0.158067022331
0.152847451463
0.13415279552
0.189635989173
0.14200651589
0.140284639152
0.149115485639
0.130281395466
0.13122233226
0.154604154809
0.185073999927
0.170408402962
0.170573150713
0.140952526371
0.170821091999
0.173855170827
0.159967642017
0.149846403172
0.127845299273
0.192038238883
0.165249346504
0.200089354303
0.155727453479
0.218409865163
0.14284149704
0.176383090421
0.185540650806
0.156634900433
0.104542172545
0.15753703445
0.142377628418
0.153943207079
0.168585998363
0.139318014592
0.199193487516
0.153621395154
0.173348060979
0.146718527684
0.150804006056
0.228414267299
0.139314235406
0.152907755146
0.241482821044
0.204797802171
0.151875839129
0.185029352025
0.13368609802
0.143064106864
0.177951897942
0.156292086569
0.131574255594
0.26195889491
0.178178598656
0.15977969135
0.154164990569
0.184278734022
0.143032226057
0.138571565314
0.140913903469
0.153710056315
0.175655672376
0.150407778386
0.188846755321
0.166569580713
0.13168189685
0.14997417997
0.209988260233
0.14136035746
0.134447332825
0.151016002482
0.13794717902
0.206116356702
0.126099490354
0.131103005293
0.144156897579
0.197533898083
0.152537488658
0.142962647471
0.137812089173
0.140916014188
0.117117512854
0.182746823012
0.183621263006
0.16071436827
0.133267017641
0.173434110799
0.167969290922
0.153168782392
0.146266296248
0.121948137248
0.202937926458
0.185368038439
0.169322822544
0.191702336914
0.208481543005
0.130683860657
0.163112292588
0.158426261984
0.175020645574
0.168331164016
0.1427712208
0.165463031676
0.142434985442
0.180661393723
0.143403639563
0.135004383368
0.158472119827
0.140813525773
0.147772875825
0.161845315152
0.1619218217
0.177412206136
0.175852475994
0.133619215411
0.169097743646
0.176145739672
0.14172104786
0.136282117449
0.12031808226
0.161592284207
0.149316250586
0.201834770791
0.15645377646
0.217825967296
0.161563186309
0.176494069912
0.198751979356
0.163062010523
0.117692979668
0.164534872443
0.144168632099
0.15858089077
0.161199743223
0.143552804049
0.176994847537
0.160970809288
0.166835913214
0.142271637388
0.149952196472
0.196917753825
0.144236100753
0.144515974193
0.199066481086
0.190667546631
0.153142086306
0.203896405706
0.132924795899
0.14107523626
0.182258349247
0.176177390335
0.131177564668
0.26195889491
0.177639068097
0.164272307799
0.148187565945
0.183766654354
0.147771624289
0.14382340078
0.148314203742
0.174676348677
0.177881659467
0.163355445065
0.209295715681
0.186921674947
0.130357829006
0.14722360609
0.205282091821
0.147604609346
0.147439122529
0.146193485971
0.138637904503
0.200273277891
0.128874276027
0.125423053632
0.160756903134
0.165167853131
0.13817364516
0.14509222859
0.125689134486
0.133582543067
0.128273664315
0.185401515344
0.186745089021
0.155178912428
0.136931918948
0.178924234004
0.173378249718
0.152910742986
0.154705889555
0.126505603391
0.203219291322
0.200266999743
0.162160107119
0.204836003385
0.194983002926
0.162713424056
0.163019912353
0.15237590507
0.172089996746
0.140584385587
0.157372285197
0.153344406932
0.139607765822
0.180104269293
0.142300546082
0.156266725385
0.151037525149
0.128934402772
0.14440353241
0.152149991092
0.169693822272
0.176033868241
0.158658266984
0.132372267707
0.168599887187
0.176540150676
0.151966435728
0.146677953334
0.125495316087
0.197680132622
0.185024155593
0.197172233209
0.159312469788
0.215666576995
0.145735930187
0.182091540449
0.202984368853
0.159272390631
0.117467482904
0.168565189025
0.146333219951
0.151628243195
0.17034754603
0.148066052672
0.188456771703
0.15560628172
0.177985688285
0.146346806926
0.15205652437
0.231745268811
0.148742975532
0.150931903348
0.23489304911
0.21910135557
0.152538194598
0.191609254079
0.126150039049
0.145856714248
0.174670110424
0.171741247648
0.129924526639
0.252109842314
0.183474323113
0.163632119556
0.150480306538
0.187059397673
0.147056514914
0.156049676137
0.156243120502
0.174676348677
0.170859428646
0.15911239185
0.188299635002
0.179482339597
0.138962904383
0.145757429831
0.199614684925
0.140745436016
0.144841114969
0.160349553759
0.136817918563
0.220845280621
0.127603516203
0.125981547508
0.161274128394
0.198341425181
0.140464896634
0.149086367599
0.125753412932
0.147498553606
0.135148133576
0.188663822727
0.186661992877
0.163715125839
0.13569233124
0.172830930371
0.165700872148
0.155594779596
0.156781913218
0.125112478317
0.18976341912
0.206040505697
0.168730980856
0.183488379457
0.194983002926
0.168289843202
0.177441170887
0.159995031456
0.174646305384
0.142360689239
0.158584837266
0.160297046469
0.133570526584
0.185485355061
0.139881796858
0.150263325136
0.158829206288
0.131922301601
0.147956636186
0.151649902606
0.176789926936
0.173719836312
0.156706729085
0.137295063866
0.176277909142
0.167080097352
0.14783238931
0.148232001542
0.130641306555
0.201779362778
0.185024155593
0.184319546741
0.160285821734
0.189513909363
0.151563728986
0.177219897069
0.198999424127
0.162514492532
0.116979679202
0.160663292894
0.142929624662
0.161603239103
0.167050509441
0.143082837538
0.213916876096
0.152383572067
0.176710250903
0.14922511639
0.144722552568
0.218874760005
0.148358437574
0.157242325788
0.241320690137
0.209145833409
0.154996537465
0.197109672442
0.128941451523
0.145415738954
0.180115195908
0.167708578326
0.130812431897
0.26195889491
0.188705333053
0.162522383707
0.148536573775
0.190306796253
0.150394476995
0.146277126131
0.150023217789
0.180355976368
0.177881659467
0.171564329612
0.188285385783
0.175996077229
0.143599499576
0.151947039217
0.211372721414
0.138356346165
0.140400658663
0.156646454237
0.136073770873
0.199192960769
0.131460456387
0.135552829671
0.153869375102
0.177949994748
0.139243498252
0.15371030619
0.127508838552
0.132389565827
0.128558191955
0.192059761032
0.179780812946
0.161931431594
0.130353947442
0.179204889057
0.170728244011
0.153459781242
0.149678749375
0.127466622792
0.203219291322
0.202001699486
0.167181968516
0.20562685308
0.184830018946
0.162880249458
0.168696763238
0.156524082916
0.17009273494
0.142716234324
0.166146699294
0.153626579264
0.137164857399
0.178895323009
0.143441280047
0.156266725385
0.140936136228
0.135070701141
0.142800518427
0.1450826091
0.171686038829
0.17797048308
0.156198879663
0.136142989459
0.180983338206
0.182477144873
0.155297645676
0.148232001542
0.13351193329
0.191285258588
0.185024155593
0.185032293852
0.159080921442
0.212182800434
0.14146056625
0.178082824633
0.198083987919
0.164272920956
0.111150156063
0.169803598602
0.143345824953
0.160361097942
0.168304854418
0.148066052672
0.191273852879
0.157177871469
0.174375231681
0.144166929651
0.150996135676
0.231745268811
0.146781339093
0.151926622369
0.234729660615
0.225243493014
0.158314137237
0.198843731162
0.124604137603
0.14912264
0.177576652714
0.17089655298
0.133664980085
0.26195889491
0.181901768927
0.162195529024
0.146091361009
0.178704873139
0.147179442489
0.13667705644
0.151258000815
0.174676348677
0.180430545966
0.169523389193
0.198718038629
0.169269213362
0.153214602969
0.151037883023
0.192395040851
0.137988241086
0.135307772711
0.1495348151
0.130400068866
0.21661759509
0.127604548479
0.127233997858
0.156580501473
0.213431891303
0.138028053024
0.147741860958
0.127025330995
0.142813068174
0.130527976337
0.185954287101
0.196804058254
0.157256228186
0.137819413515
0.173732116262
0.169304778002
0.156651652104
0.149847951345
0.130171203123
0.206511126237
0.203932055669
0.161290238158
0.20562685308
0.184830018946
0.17042242713
0.187603373498
0.158001077513
0.159949868527
0.139047783832
0.158440616995
0.156825634073
0.124146293125
0.192075463833
0.143181843768
0.134673424345
0.14103609148
0.1220732011
0.141994974808
0.155922812615
0.181921364585
0.15605049023
0.157808637359
0.133981992267
0.178302867805
0.180293881189
0.15380509232
0.142145525715
0.130814352017
0.197574851393
0.162492952757
0.200908614595
0.160215921592
0.194711416687
0.151178059174
0.174092028002
0.201946015775
0.158982783657
0.108343424231
0.161167948923
0.138305758761
0.161920495557
0.170046615898
0.143108224316
0.197087318983
0.161361786406
0.175154948507
0.148805514778
0.149092758598
0.219567550358
0.148069005757
0.150084686831
0.241482821044
0.209145833409
0.158058799031
0.195881183394
0.12952362795
0.139303046247
0.17575994671
0.169768029006
0.131526048627
0.26195889491
0.190093151295
0.161871631661
0.148606238031
0.186565951063
0.149226832576
0.152942843544
0.15320671435
0.186497157229
0.172618385
0.165798210347
0.187732833915
0.186819600864
0.137693879045
0.159745838694
0.21488704212
0.128152131182
0.139638619135
0.164496579762
0.138274992737
0.210063189599
0.123491988212
0.12755454592
0.15373556734
0.166436427813
0.135377113625
0.151248136899
0.126461138059
0.145072577552
0.133061073746
0.183293339216
0.18217656095
0.160543265243
0.132085757455
0.178362068731
0.171035617088
0.155927945111
0.154646670543
0.126735757185
0.193378235608
0.203789865871
0.173835792221
0.215922035071
0.184830018946
0.163741471415
0.200142111514
0.15760027435
0.161032807844
0.149336186182
0.153647768116
0.156095759
0.144638383943
0.180191641211
0.141341883655
0.158749892328
0.14251595061
0.134538405894
0.146838885694
0.144678146539
0.17716241404
0.167370159659
0.158009514446
0.138441062385
0.17116889832
0.182477144873
0.154627007601
0.151322258308
0.132424194276
0.202692270518
0.171959469731
0.199766746419
0.160437950348
0.205649475261
0.144910877637
0.168239423441
0.205545954502
0.161090574418
0.11863627099
0.173017994733
0.140718085015
0.164097462585
0.161863685375
0.142089383455
0.220279306544
0.151759822695
0.1730765762
0.150272202145
0.146464083457
0.225310334096
0.146327858867
0.157675540213
0.23204029819
0.209145833409
0.144257747998
0.187897975511
0.125497842218
0.14007625613
0.174670110424
0.164794769218
0.135805050995
0.221475346872
0.196751718672
0.159658110352
0.146575439503
0.191391978502
0.147717815678
0.150663933538
0.154420745712
0.174676348677
0.178337211961
0.164818629065
0.209295715681
0.182860349949
0.136715115526
0.151762324714
0.17258372397
0.141072935488
0.139599677748
0.147909095925
0.128260631407
0.233410896479
0.123822101777
0.125739387226
0.138153939956
0.205625153145
0.140311681729
0.143050233738
0.128112094331
0.138472271354
0.129408768738
0.192127542927
0.197521050945
0.154756004928
0.134773625108
0.171614508244
0.160942282971
0.162810856139
0.156503458217
0.1252362564
0.17585040277
0.199424628844
0.170336553181
0.199719843028
0.214633052599
0.155552359359
0.170477423347
0.152900611052
0.164775627897
0.146374245373
0.167670495589
0.155641526695
0.134463461288
0.179295323622
0.13829369064
0.147699810021
0.169380383958
0.138983426087
0.148160791393
0.144456701258
0.150245470599
0.155805000923
0.153201525174
0.144593015213
0.164509996817
0.182477144873
0.161049613145
0.135598166803
0.129693269259
0.205470744154
0.163877721876
0.187606744635
0.157363017966
0.216373538708
0.138764420194
0.172267815977
0.187120661995
0.15889423159
0.108655085811
0.168986135195
0.126437883407
0.160229617161
0.164239034631
0.146377132616
0.202894702811
0.156414304027
0.16055807828
0.145699926289
0.145919045502
0.208194891169
0.159288383599
0.149472003603
0.213791068532
0.208439001511
0.148705667597
0.200915876436
0.124820284603
0.139894670095
0.177125480041
0.171306754668
0.126852544942
0.227457852841
0.183822233368
0.152285515046
0.145812598993
0.169760629818
0.155868561711
0.153775869489
0.151119729222
0.164113603533
0.172618385
0.171517119257
0.201862806036
0.157723660589
0.138619383285
0.14915308452
0.183838632861
0.137776954053
0.13185822318
0.155662961799
0.135769747835
0.179654682871
0.129015553521
0.12577385641
0.152747684661
0.192349242933
0.130555178597
0.148485127659
0.12484518721
0.131049229634
0.127525877025
0.187856895546
0.195572568797
0.154474487888
0.136967933276
0.171905761581
0.16703184209
0.155996675397
0.140387003312
0.126573526657
0.178626581527
0.195557373069
0.149924355852
0.215922035071
0.154067188142
0.167814028879
0.160353985545
0.150215421752
0.158181350277
0.138032379844
0.132936877649
0.153694984313
0.141044703635
0.190371322855
0.142861261986
0.145802184837
0.150435909748
0.130976650252
0.140725171964
0.146986772372
0.158587602313
0.169852153282
0.14917078769
0.141377997884
0.175454555213
0.173595159405
0.151693309966
0.137851894237
0.132287105029
0.204763670648
0.166586697416
0.199636545312
0.156757806021
0.193740642082
0.137525680262
0.166577292974
0.193906592783
0.157565774136
0.11550568162
0.149590091047
0.146027101653
0.15696089307
0.170046615898
0.146069374346
0.207138308086
0.158462886953
0.177692618635
0.14275150844
0.150045889696
0.214200192792
0.153253223271
0.141000691494
0.24454113522
0.21910135557
0.152860144253
0.193435029104
0.125733562054
0.142351352518
0.179785389983
0.165689376208
0.132730260827
0.259587974775
0.177033642443
0.158513702592
0.150775763205
0.192979175448
0.153412096719
0.153168817174
0.149681755297
0.174676348677
0.1694797593
0.169523389193
0.19489776227
0.184008347494
0.141509687492
0.149614502821
0.187496838022
0.138099428511
0.135592337955
0.158589620794
0.142720486733
0.18574367524
0.127807132303
0.122230581146
0.157985348242
0.167461662397
0.133598902751
0.150411516548
0.127070290638
0.136205537531
0.125302486269
0.191064562702
0.173262091775
0.15788258215
0.131811627356
0.179582515402
0.169964963153
0.155809181931
0.148384672901
0.127087691623
0.192997738938
0.196312238344
0.166291233465
0.215922035071
0.208481543005
0.171931896325
0.178552268048
0.155167629183
0.162066342888
0.143052465757
0.153632606561
0.159042403652
0.1258127795
0.182883294135
0.143297535759
0.134367859102
0.14239962974
0.134538405894
0.144853665028
0.156198066511
0.167090394257
0.159427064577
0.168833692678
0.134776481583
0.17823684837
0.182477144873
0.152976712449
0.148232001542
0.130814352017
0.1883112733
0.173205969633
0.199766746419
0.161772805268
0.200718490669
0.147705415224
0.172258006041
0.211451433069
0.155012387773
0.114547342599
0.163101863625
0.143480573201
0.161603239103
0.16531422932
0.144781987539
0.214840023101
0.156416597267
0.178419365738
0.147245194952
0.143232192865
0.208512183921
0.145566786348
0.148653531167
0.23204029819
0.16245106213
0.149452752762
0.174421471881
0.123102176942
0.136603075447
0.179332803744
0.166495133756
0.130353435676
0.228360611447
0.155994437622
0.160983727865
0.148992881808
0.175704192805
0.133314890384
0.155307582451
0.139408444615
0.157696445888
0.170408846593
0.175948654916
0.191832341264
0.158618526737
0.13091860131
0.157348934492
0.188893076623
0.141257543033
0.143724664862
0.137206476058
0.138336559489
0.21316325426
0.129213696815
0.12948677021
0.15557005185
0.171698994457
0.140561012472
0.147168628876
0.135447975916
0.143801395029
0.123270973669
0.175747764179
0.183998030555
0.166539605071
0.129636543153
0.167086286522
0.164579720299
0.148925885683
0.147794209674
0.125706055433
0.196157906942
0.181630718045
0.16540109927
0.205828194332
0.209180914581
0.132343018708
0.163990610674
0.136349344883
0.167346897906
0.16225447278
0.148402154952
0.159329840671
0.13469516698
0.184336808792
0.139340813195
0.149958998296
0.148293896087
0.136961035227
0.158175875976
0.143344794732
0.160176415429
0.163348543433
0.166613794817
0.13467258575
0.175323824456
0.170013050791
0.16069953827
0.144603773612
0.122490526319
0.169354090374
0.15366879512
0.194922911972
0.157495759462
0.210183471559
0.145632205647
0.162378829458
0.195146207598
0.170386063369
0.116807848187
0.160289236722
0.139232723306
0.167524113094
0.170046615898
0.145635961831
0.194032269093
0.165439559692
0.171387103724
0.147338349807
0.144640874128
0.213668346317
0.148114817354
0.137784304503
0.211405410177
