0.219973558509
0.147112937313
0.192274028414
0.127810327097
0.13121584223
0.169173209194
0.166265433467
0.135459816089
0.262720739048
0.175793447134
0.157587238541
0.153994135388
0.190274772276
0.149691281905
0.158199250586
0.142579696827
0.174914106348
0.18320508825
0.156685873657
0.18213396588
0.176594951385
0.133685698153
0.151894473725
0.200064110405
0.142032346652
0.142057332014
0.161546668694
0.131613629013
0.197647149356
0.131121716725
0.126576869338
0.155335093251
0.201358513513
0.145064040509
0.143002085837
0.127396685336
0.138464816167
0.131373762748
0.184880034141
0.187352813694
0.16672524775
0.140290827282
0.170346096692
0.167835584887
0.155161492913
0.160636147776
0.130335985645
0.178944261372
0.20478779272
0.170044516157
0.202822971503
0.192436659023
0.169705897167
0.155855947617
0.15409751921
0.175299028038
0.141009850454
0.149272931205
0.165854261491
0.139045029419
0.187724398768
0.138608251903
0.154231962358
0.135430810594
0.124933032651
0.147176772206
0.146098591229
0.184957910874
0.173021914006
0.153472461703
0.135203947692
0.17076842539
0.183298139568
0.153374314669
0.139357140778
0.129454432273
0.202822779954
0.174156507692
0.202619314258
0.159908785224
0.209267306027
0.14406288809
0.154467570634
0.193398069436
0.165778190075
0.108827011873
0.168839953669
0.144336205211
0.162138588182
0.166245160698
0.145250599796
0.185376113589
0.153553270286
0.173936093702
0.142907912799
0.154145442319
0.215922277818
0.144903827644
0.152231995402
0.248620807499
0.210018036348
0.15529991165
0.194448966374
0.125727198785
0.137116426528
0.170542187236
0.160924775428
0.131130183596
0.251988318362
0.175793447134
0.153579057022
0.155193036568
0.184562447337
0.149200883362
0.154540475352
0.152125307298
0.191061039809
0.178076406904
0.169905715284
0.189775644311
0.177554476365
0.117305186866
0.151103786685
0.207013434976
0.140293577941
0.140815435811
0.162134936637
0.135358089856
0.209508404445
0.131807566135
0.129290320879
0.155351000088
0.191435855028
0.141676820416
0.142593779174
0.132945449085
0.137637191663
0.126760905038
0.19215189036
0.186938942223
0.159949393285
0.131385098887
0.159548371001
0.16823129084
0.14956302804
0.15749509067
0.116958881192
0.189981187784
0.20124252632
0.173763146777
0.202048389017
0.202292636849
0.154458617379
0.184177607273
0.142559798504
0.162650632201
0.150381584577
0.158631211874
0.153421661974
0.135240582993
0.189904037775
0.142859963303
0.141180273508
0.149656272703
0.131086187849
0.131809508213
0.155017350565
0.185363442757
0.170621081463
0.171061400144
0.141577708843
0.171186157398
0.174582584474
0.160333000398
0.15090525983
0.128488564048
0.192227314601
0.166294246476
0.200335694314
0.1560467269
0.219033516168
0.143593099816
0.177094050553
0.186230019827
0.157103632737
0.10534600798
0.158141380146
0.142906945157
0.154332310071
0.169088664816
0.140187014756
0.199322388214
0.154033185143
0.174344296456
0.147312687081
0.151031611652
0.228756972663
0.140212304017
0.153452518801
0.241682040035
0.205162736268
0.152479257241
0.185434256967
0.134426496773
0.143929472662
0.178327875172
0.156962477147
0.132124564742
0.262720739048
0.178480693098
0.160331323824
0.154741718264
0.184788665852
0.143888561595
0.139487582724
0.141373863332
0.15404562399
0.175874050731
0.150847746185
0.189547224598
0.166857929613
0.132213690232
0.15026314605
0.210773505028
0.141983551411
0.135266510835
0.151624480847
0.138595810098
0.206842251034
0.126833054548
0.131942290769
0.144841149117
0.197754808354
0.153123951375
0.14355342568
0.138402715435
0.141541475031
0.117848423958
0.183097650433
0.184092059686
0.161389755672
0.133788188789
0.173662109764
0.168626768005
0.153603820287
0.147089728438
0.122591811916
0.202937926458
0.18550951477
0.169795646635
0.191834536621
0.209014016737
0.131677883973
0.16362863688
0.158985605894
0.17544287709
0.168664444576
0.143465920918
0.165849624483
0.143651757621
0.181000504092
0.144195115792
0.135940225681
0.159086666606
0.141565836339
0.148378380967
0.162209733291
0.162475700104
0.177881897893
0.17625370623
0.134318004484
0.169536480189
0.176840796894
0.142070459944
0.137422186557
0.120756368082
0.162150158876
0.150176315919
0.201834770791
0.15686352696
0.218329784123
0.162114678856
0.177566595472
0.199513383043
0.163461318808
0.118545930504
0.165162126463
0.144583359533
0.159056330638
0.161759266411
0.144303789951
0.177281799491
0.161395913307
0.167363820788
0.143000034563
0.150387078513
0.197202709558
0.144958153709
0.145257807155
0.199347121715
0.191321698836
0.153758652443
0.204180284818
0.133591475594
0.141977899024
0.182692775352
0.176747512257
0.131695224696
0.262720739048
0.177911197692
0.164922504684
0.148884837409
0.184329297394
0.148439413296
0.14485910137
0.148928852177
0.174914106348
0.178076406904
0.163737771156
0.209527752762
0.187141861499
0.130822325606
0.14751397047
0.206000172682
0.148307946229
0.148639847695
0.146949174516
0.139348170082
0.201134697555
0.129470863017
0.126197229847
0.161473334448
0.165917702022
0.139012800309
0.145824479468
0.126409029645
0.134346040339
0.128864869537
0.185662579928
0.187179961062
0.155614195667
0.137427771941
0.17908140652
0.17397918339
0.153344144927
0.155447357291
0.127201532807
0.203219291322
0.200525189593
0.162709590348
0.205293910711
0.19587271297
0.163008259393
0.163488730909
0.152894456512
0.172775013382
0.140817182309
0.15788755275
0.153769457467
0.140845754859
0.180278892108
0.143004819275
0.157168059299
0.151498615915
0.129797751841
0.145021861053
0.152542682124
0.16997188068
0.176411375873
0.159087912077
0.133036411772
0.169104461609
0.177358370251
0.152407600773
0.147779308922
0.126071295072
0.197821517844
0.185970456958
0.197488238091
0.159599187758
0.216258040734
0.146352765673
0.182986858718
0.203671101841
0.159789259454
0.118234378229
0.169112409668
0.146998218364
0.152123197362
0.170730817722
0.148839234634
0.188589495648
0.155995351564
0.179060364662
0.147003956777
0.152305088249
0.23191650939
0.149502097425
0.151509596041
0.235092268102
0.219973558509
0.153106314756
0.192078614729
0.126797545184
0.146649905
0.175098406602
0.172442008498
0.130465329521
0.253062147487
0.183776417555
0.164225777582
0.151068007764
0.187589570886
0.147683845056
0.15713178967
0.156731298712
0.174914106348
0.171268002297
0.159615212191
0.188724789599
0.179720578105
0.139396708064
0.146053472309
0.200465128282
0.141347130822
0.145965873217
0.161030295929
0.137508823227
0.221729324861
0.12827250808
0.126847650869
0.161875635863
0.19912141577
0.141173531647
0.149699131091
0.126493086843
0.148270302568
0.135756942422
0.188951920776
0.187096864918
0.164141597303
0.136263903309
0.173034538838
0.166491157834
0.15605947958
0.157541890771
0.125805476247
0.189878830515
0.206223955269
0.169293925475
0.18366484758
0.19587271297
0.168714924991
0.177861448095
0.160524612974
0.175333228129
0.142614549245
0.159174797683
0.160762959925
0.134747285849
0.185744273249
0.140762896776
0.151099752081
0.159301291591
0.132515267338
0.148693536409
0.152145821831
0.176893353971
0.174030959192
0.157268301079
0.13790077813
0.176819372969
0.167926929058
0.148325472142
0.149224679659
0.13127703074
0.201920748001
0.185970456958
0.184714552844
0.160672575212
0.190064224112
0.152135133757
0.178157754348
0.199647490737
0.163051543196
0.117668908556
0.161223159052
0.143490185003
0.16195463137
0.167617715102
0.143961657384
0.214035861356
0.15277508496
0.177630285177
0.14983025397
0.144994959211
0.219201038591
0.149090252404
0.157646536314
0.241539831028
0.210018036348
0.155672449717
0.197579815437
0.129613117633
0.146362869278
0.180547666707
0.168311285792
0.13127532852
0.262720739048
0.18885692863
0.163143026188
0.149155012946
0.190814462885
0.151041815396
0.147084025711
0.150625139886
0.180591325634
0.178076406904
0.171989136379
0.18860976866
0.176240691403
0.144061393531
0.152244377407
0.212226809684
0.139018025118
0.141536598365
0.157301716149
0.136750930276
0.19990722577
0.132080258079
0.136231365417
0.154529597681
0.178208360813
0.14007445046
0.154268372942
0.128170925517
0.133112301437
0.129174924111
0.192347282161
0.180424958222
0.162393799127
0.131080006968
0.17937079338
0.171291795796
0.153979562144
0.150341748359
0.12825123187
0.203219291322
0.20213818699
0.167604768766
0.205759052788
0.185692951148
0.163638703406
0.169218114806
0.156930421456
0.170885338108
0.142957137746
0.166739674509
0.154058531497
0.138242073436
0.179104598103
0.144189695988
0.157168059299
0.141501816882
0.135765482152
0.143546474103
0.145515503128
0.171964097236
0.178218049208
0.156725113597
0.136786985455
0.18148813142
0.183298139568
0.155640901172
0.149224679659
0.134133016668
0.191491566449
0.185970456958
0.185495187742
0.159492708448
0.212884407814
0.141945446132
0.178921796464
0.198736316414
0.164784201624
0.111879842375
0.170258717079
0.143864513039
0.160704888069
0.168767489619
0.148839234634
0.191617692085
0.157605534427
0.175335821628
0.144812816099
0.151244699555
0.23191650939
0.147488089503
0.152497912095
0.234830558072
0.22591880712
0.158922894658
0.199489102057
0.125315064168
0.149915079799
0.17811074248
0.171441710207
0.134121827734
0.262720739048
0.182053364504
0.162780977509
0.146800321472
0.179251280001
0.147839573825
0.13775277519
0.151908629555
0.174914106348
0.180715558832
0.169905715284
0.199143718103
0.169503213044
0.153975498818
0.151430896517
0.193108877155
0.138654488053
0.136094088759
0.150344716244
0.131226663786
0.217524698371
0.128282392425
0.128027725089
0.157355972407
0.213431891303
0.138769337872
0.148473502282
0.127767361753
0.143554269748
0.131180872527
0.186187035145
0.197374960019
0.157644214974
0.138326939301
0.17392932567
0.169950845294
0.157168156901
0.150642909501
0.130988203671
0.206511126237
0.20407657185
0.161729345708
0.205759052788
0.185692951148
0.170925005774
0.18806575157
0.15857990433
0.160684198834
0.139299314723
0.159077963552
0.157304654121
0.125286631969
0.192235986954
0.144040646795
0.135536320149
0.141531831537
0.122975799331
0.142677818924
0.156261713102
0.182181863133
0.156457235402
0.15837020016
0.134729139353
0.17879411701
0.181064550848
0.154203045724
0.143003052155
0.13140510166
0.197696038727
0.163652961594
0.201002913467
0.160519423903
0.195035784177
0.151682746871
0.174995536129
0.202574675778
0.159544051565
0.109193680133
0.161790863949
0.13878880593
0.162199060393
0.170476205727
0.143893113302
0.197206304244
0.161768712532
0.176197361454
0.149342815479
0.149364346964
0.21986873059
0.148785702522
0.150560028191
0.241682040035
0.210018036348
0.158793631661
0.196184920503
0.130252009979
0.140306276667
0.176194372815
0.170322293446
0.132064438309
0.262720739048
0.190425754134
0.16256684305
0.149289077846
0.187096077693
0.149882914753
0.154095151967
0.153786402573
0.186648525779
0.172834953941
0.166378149195
0.1882728171
0.187023879109
0.138095895029
0.16011832476
0.215684909743
0.128790178417
0.140565388268
0.165271359474
0.138971204922
0.210543718963
0.124147763932
0.128220017248
0.154338584642
0.166917965876
0.136120964668
0.151902636787
0.127229584769
0.145821532533
0.133559043688
0.183549854506
0.183401177298
0.161010312311
0.132620868762
0.178577263006
0.171781079348
0.156376999919
0.155365322445
0.127362544027
0.193472663113
0.204050900344
0.174257691853
0.216054234779
0.185692951148
0.164458629278
0.20052327049
0.158170377234
0.161610804567
0.149612382898
0.154240026156
0.156618565096
0.145695283516
0.18038736136
0.142211274418
0.159570047533
0.143110543616
0.13519322124
0.147392868943
0.145193688578
0.177256438617
0.167564756155
0.158581446783
0.139058949246
0.171659161291
0.183298139568
0.15497873653
0.152318726288
0.132961312071
0.202822779954
0.172800764225
0.200082751301
0.160684917837
0.20566412313
0.145441309066
0.168920952493
0.206170127621
0.161532117875
0.119353401034
0.173467223201
0.14125191917
0.164370159764
0.162435412156
0.142971500433
0.220408370567
0.152153216449
0.173981812713
0.150765105759
0.146735646023
0.225468402323
0.147018147627
0.158236455733
0.232239517181
0.210018036348
0.144983294301
0.188232086332
0.126229933634
0.141000426806
0.175098406602
0.165421350097
0.136219279314
0.222981402747
0.197579652739
0.16028854868
0.147186680597
0.191817142505
0.14838696783
0.151672764963
0.154878133015
0.174914106348
0.178565871463
0.165389608698
0.209527752762
0.182999195939
0.137027144509
0.152041912495
0.173035216022
0.141803951751
0.140887959908
0.148809658595
0.129016357178
0.234230604967
0.124556059777
0.126643855558
0.138895045161
0.206200584777
0.141103687385
0.14372561698
0.128831751677
0.139132580019
0.130033557679
0.192289907357
0.197955922986
0.155161161654
0.13541948186
0.171789743194
0.1619567258
0.163304165718
0.157420237468
0.125956408567
0.176133863586
0.199497292804
0.170655267976
0.199852042736
0.215272021076
0.156278708438
0.17080225557
0.153508787846
0.165628255185
0.146523179593
0.168207900042
0.156037571651
0.135434395586
0.179573493713
0.139078025916
0.148542116692
0.169808863152
0.139756351542
0.148891056042
0.144994590634
0.150336610244
0.156134389884
0.153675263571
0.145157089418
0.165082494305
0.183298139568
0.1613539165
0.136535983542
0.1301875059
0.205612129376
0.164765479122
0.188143191173
0.157778072754
0.216845167486
0.139565534358
0.173234975976
0.187729791278
0.159261070606
0.109527821193
0.169663261079
0.127215776599
0.160431329805
0.164911415849
0.147250566634
0.203023766834
0.156793136115
0.161710876483
0.146351434928
0.146282300022
0.208400379864
0.160028138907
0.1502770456
0.214111078944
0.208657625804
0.149333463197
0.201219613546
0.125596195258
0.140731411793
0.177598821104
0.171866105795
0.127478305667
0.228963908715
0.184094118366
0.152904582037
0.146417007731
0.170378332076
0.156654888392
0.154784905302
0.151603045863
0.164724639799
0.172834953941
0.171851534007
0.202208814438
0.158155053374
0.139169270743
0.149393736319
0.184558238778
0.138516835361
0.132859857562
0.156321668646
0.136440294156
0.180408653119
0.129657333409
0.126475966829
0.153306380466
0.193007982221
0.131524437671
0.149174720237
0.125709710772
0.131791774182
0.128244568926
0.188151080786
0.196095895415
0.155028716946
0.137510709287
0.172189728918
0.167878576754
0.156433759159
0.140908987486
0.127239783344
0.178741992923
0.195693066427
0.150505028049
0.216054234779
0.154789435301
0.168428340521
0.160595281944
0.150789613986
0.158902694948
0.138375822966
0.133727835291
0.15411027073
0.142293306805
0.190498408954
0.143719291903
0.146533033045
0.151064933707
0.131718363419
0.14126818492
0.147409714561
0.158761511237
0.169993104224
0.149681251208
0.1418555529
0.176039561591
0.174431904551
0.152193749229
0.138967818396
0.132963891672
0.205003357052
0.167697784131
0.19987962599
0.157135002018
0.19437466853
0.138166874804
0.167452393208
0.194510157817
0.158231341422
0.116234282155
0.150239313535
0.146571684836
0.157375324621
0.170476205727
0.146858356427
0.207271032031
0.158851956798
0.17864062038
0.143441414654
0.150374663277
0.214450453669
0.15396218792
0.141507663724
0.244753401945
0.219973558509
0.153440441794
0.193769139924
0.126478958755
0.143206687761
0.180264866512
0.166408907724
0.133260192721
0.260540279948
0.17730552744
0.159181145514
0.151408394224
0.193566515085
0.154117158315
0.154219911675
0.150305359634
0.174914106348
0.169671210179
0.169905715284
0.195313525609
0.18413002786
0.141831692591
0.149868524164
0.188256362646
0.138705640176
0.136575238681
0.159356261313
0.143403553589
0.186302055495
0.12847891603
0.12300949711
0.158589160558
0.168003392717
0.134386509738
0.151197897081
0.127755953053
0.13698893149
0.125918572004
0.191387926686
0.173868920263
0.15835775998
0.132491349903
0.179748419725
0.170713048737
0.156297116914
0.148978166118
0.127916112336
0.192997738938
0.196568563314
0.166854178084
0.216054234779
0.209014016737
0.172498672044
0.179059486646
0.155698806379
0.162821609925
0.14328994202
0.154321843789
0.159523735871
0.127074152194
0.183140826386
0.144159413354
0.135319583489
0.142848472341
0.13519322124
0.145496560441
0.156579950666
0.167229017998
0.159793357354
0.169197467375
0.135469317672
0.178693520228
0.183298139568
0.153478091259
0.149224679659
0.13140510166
0.188667572428
0.174363136803
0.200082751301
0.162055945767
0.201178518021
0.148315770344
0.173165231626
0.21202759287
0.155627342995
0.115259027123
0.163736389905
0.14400302162
0.16195463137
0.165743819149
0.145641084537
0.215013381352
0.156831453171
0.179554249563
0.147795235174
0.14355989185
0.208938337878
0.146267213919
0.149231075196
0.232239517181
0.162870758985
0.150026020105
0.175009644183
0.123700601196
0.137564350396
0.179801800196
0.167011455461
0.130875837096
0.229289310151
0.156237512687
0.161528319419
0.149646088696
0.176344404033
0.133988797661
0.156388055506
0.139847658541
0.158582929045
0.170606458646
0.176296224089
0.192440309976
0.15891813954
0.131653345723
0.157696994864
0.189693418526
0.141976370824
0.144373316243
0.137804042714
0.139007090145
0.213949071361
0.129889426489
0.130173499922
0.156232290516
0.172303827804
0.141326008917
0.147764916611
0.135969673933
0.144505340415
0.123895077002
0.176272296671
0.184440742568
0.167048648399
0.130155049547
0.167450687809
0.165218661184
0.149446794011
0.148518262363
0.126356543937
0.196261777198
0.181816772594
0.165807300823
0.205998076126
0.209921094158
0.132992984079
0.164666960156
0.136899677357
0.167807031207
0.162526081091
0.149048402488
0.159940661712
0.135808655679
0.184610778134
0.140036564003
0.150808931859
0.148911653026
0.137691594232
0.15868890883
0.143865698614
0.160216779855
0.163704277613
0.167122992362
0.135194833656
0.175830662092
0.170455681831
0.161085818418
0.145498321181
0.123143402218
0.169715160708
0.154493790673
0.195274028508
0.157894923195
0.210806325178
0.146223237648
0.163174903231
0.195854537051
0.170767336018
0.117592499299
0.160788132359
0.139708020391
0.16771996685
0.170476205727
0.146517540037
0.194278900329
0.165862054391
0.171858323806
0.148027851593
0.144785133964
0.214064332765
0.148881295967
0.138307490906
0.21151639738
