0.780173160436
0.761465076603
0.784797935332
0.0739902600768
0.717124520806
0.191979291555
0.729096113455
0.690142096012
1.0
0.209924223151
0.707927202965
0.827142382884
0.83836197918
0.827705115697
0.858490239947
0.194303188989
0.196830427365
0.24286852829
0.693406202772
0.214875062771
0.208877495286
0.586792906618
0.601035666553
0.239383210791
0.801592941698
0.681022137695
0.827470651988
0.776905376896
0.124931545663
0.116369641019
0.66104868627
0.723338291238
0.569504070018
0.729576887681
0.744424016631
0.217323725965
0.169277099522
0.652508356564
0.190316532625
0.157622982726
0.796150384831
0.763770404299
0.117437493905
0.780450432051
0.909668171685
1.0
0.136630242603
0.570899712489
0.135051978672
0.950138926758
0.830163773712
0.680531275387
0.108437485869
0.121536896053
0.701719112188
0.828715229245
0.147064291992
0.773008134314
0.180148592044
0.197783942302
0.859688918405
0.7730822628
0.77595459957
0.204580031131
0.183171808095
0.599234327582
0.700333273924
0.893404617149
0.748511890417
0.524740218557
0.0944079180311
0.666602505656
0.839850059479
0.105175623939
0.0492111602569
0.128643775838
0.955990593021
0.812729804955
0.203440717946
0.796492575624
0.765654477039
0.798750350007
0.160972313434
0.861368725702
0.671206372809
0.12935199107
0.141496835103
0.166260558944
0.199440609954
0.279732155531
0.138681026328
0.703945237413
0.78634320557
0.236430195379
0.233993181292
0.725265486896
0.816259619227
0.765881410874
0.592825050277
0.863174543555
0.728872757679
0.906337335242
0.813864995921
0.847527186434
0.103518268978
0.869717353317
0.736868103682
0.722630549293
0.846929712583
0.285758761141
0.680283903617
0.881635114631
0.795682487645
0.779902198907
0.804440397571
0.167279458919
0.91070248935
0.237208254876
0.816538357709
0.280085980642
0.135563673804
0.0841930578768
0.589480879038
0.229930619257
0.773996957596
0.762288211223
0.945214313235
0.810865363432
0.672626743353
0.816286966276
0.750322750636
0.761396334511
0.550237001219
0.671145051462
0.704139432629
0.740160354621
0.0951089537498
0.134970937133
0.181765420869
0.277400906205
0.756918887258
0.150281213815
0.763248479826
0.815150017502
0.833683876636
0.850603567807
0.702737890384
0.65264315299
0.826090036925
0.958441662771
0.807635194674
0.767788153561
0.240684945938
0.762815118996
0.711169723438
0.81893515673
0.139280371653
0.726961301376
0.732366352246
0.161018228044
0.711099612886
0.867495931717
0.117007784698
0.314652136592
0.183818565737
0.157397473617
0.680034147137
0.885935632088
0.197842925895
0.560244128631
0.142492318211
0.760614520185
0.750970730141
0.68129741483
0.980812891024
0.240621608081
0.850270497558
0.132133253199
0.728311205775
0.682551873015
0.179049979821
0.769666078638
0.312125783659
0.849679238325
0.699016825654
0.144365260913
0.773548084106
0.639763595457
0.212921841242
0.0804287200435
0.160344266057
0.849956592987
0.103694771462
0.81078517755
0.147198480839
0.162385436084
0.893349401496
0.724841807546
0.638917939184
0.819545460116
0.247942156375
0.74329544571
0.817596783557
0.858109404698
0.864280496939
0.83108727213
0.716974033922
0.784359992395
1.0
0.0738367531123
0.755168326072
0.802176023443
0.809592969958
0.692070345284
0.658329421177
0.104032848762
0.67455932838
0.296665045272
0.684255814548
0.30518844226
0.224664784953
0.620869702812
0.280253200414
0.162095607244
0.75820374291
0.0931643173015
0.77852143485
0.820040399426
0.113563848412
0.75235703028
0.737412846053
0.668330506514
0.165168051042
0.867469160244
0.7784402941
0.162229757039
0.673178493001
0.581412367846
0.18333928349
0.729079263014
0.232328748071
0.6570388619
0.106438749225
0.784143514756
0.837383036742
0.738045981051
0.696939967656
0.105865422118
0.6036216808
0.909405650893
0.823848916269
0.818889370853
0.450756448839
0.572736305138
0.804565629625
0.861468112765
0.755822436912
0.612837170608
0.781165851163
0.261940438601
0.687038250066
0.81846377489
0.674686049685
0.899747873139
0.199715709869
0.220437970201
0.748741492093
0.658432931873
0.817572123114
0.621178612202
0.165107435411
0.727246676602
0.654839964851
0.223641641574
0.894075586285
0.128442674148
0.566566203946
0.247532062414
0.200681656481
0.723337084908
0.778831583816
0.982516482123
0.149481708044
0.857042294602
0.612596134022
0.154872465607
0.759763681945
0.669769223032
0.206278259366
0.825938730832
0.120297267015
0.379914892811
0.178061924402
0.621624227687
0.741486778661
0.778529994663
0.91238710431
0.757997317442
0.68146631577
0.553529428355
0.544250102521
0.873260080249
0.266338922575
0.133060962565
0.805383948355
0.14324257373
0.751467917965
0.743092548663
1.0
0.162064677817
0.778183678947
0.728239938529
0.829063636004
0.8299288233
0.753718494904
0.236024768347
0.196830427365
0.237208254876
0.775912143018
0.170675201813
0.748859503006
0.595906847902
0.103109814717
0.396675472267
0.829467330926
0.806588306079
0.878349009269
0.887874327192
0.643917115662
0.746704898782
0.697639516865
0.720645272019
0.23688327857
0.677019619375
0.11230405223
0.730582544331
0.733392296214
0.138113857078
0.158442698443
0.372542922454
0.125050062927
0.755866781477
0.150278415053
0.802530957268
0.877307585855
0.88915159781
0.815167911604
0.11575977337
0.861464200907
0.897542868386
0.808365525424
0.702546866621
0.517701763877
0.140306342646
0.127814170069
0.778542985264
0.217091898118
0.674693037783
0.679518327686
0.110794722566
0.722319596465
0.799683213389
0.911888423745
0.156817469524
0.164507127387
0.559181484199
0.664976360838
0.775338619709
0.812812943843
0.567635821433
0.134845061188
0.828597447823
0.799325871119
0.174000277987
0.961359235688
0.117963073539
0.906973273844
0.978832502707
0.348513612052
0.0895322352145
0.864663508397
0.856183451954
0.842177242486
0.879939520967
0.667361747755
0.122583779829
0.821007712567
0.762242661012
0.104063305118
0.853817288222
0.138492333636
0.693614423761
0.222554841611
0.944387646092
0.836406111255
0.153706852746
0.906564364667
0.806272303641
0.644456453932
0.773130033362
0.780173160436
0.848946783785
0.807850194256
0.156408813411
0.81842730448
0.921516118322
0.841385235716
0.779972461471
1.0
0.184103349576
0.147345860234
0.777852006159
0.821700321074
0.859160281221
0.867793350104
0.189651982926
0.201261803882
0.756185116963
0.703753774179
0.220908005267
0.180874939632
0.0819837589903
0.550651064742
0.264451814315
0.822485364849
0.668187799714
0.875060148066
0.111718746109
0.917475741748
0.809587037881
0.685694805037
0.814966038156
0.175836364377
0.765726605564
0.837064352408
0.725398347366
0.844511038593
0.784278612875
0.200789434202
0.383717933386
0.786572278315
0.780372577045
0.798089062915
0.728363276147
0.821415429153
0.902459996971
0.136355938657
0.676704141742
0.844466982594
0.950138926758
0.0941796691577
0.702546866621
0.171744817498
0.271162631378
0.816857132618
0.781338196141
0.248568461208
0.719792074369
0.785235795495
0.0690230611261
0.77268050698
0.800777894397
0.867147621257
0.154598499296
0.198981236207
0.236538732688
0.667356846231
0.850188387401
0.653962706881
0.599840436421
0.1616735869
0.853857222171
0.762839665868
0.156473580671
0.982012085335
0.191686503064
0.95232314244
0.978832502707
0.694563250987
0.754606952335
0.0308770154064
0.799077688997
0.861497061419
0.96315968111
0.699478611101
0.0778052447643
0.775921831816
0.763718715508
0.165202950639
0.231539119623
0.181678873474
0.862077909829
0.1504330902
0.832255125189
0.806350410184
0.133975417109
0.906564364667
0.832273363836
0.712467878254
0.803543156693
0.728872757679
0.872317037616
0.929717215315
0.160568867625
0.862730946797
0.973011585448
0.829505154739
0.771637872907
1.0
0.199734197552
0.750079278654
0.753983778158
0.827294111078
0.843446606435
0.723234357704
0.241422095782
0.243627195214
0.237208254876
0.800111178815
0.218834021732
0.254037459925
0.2316398524
0.627213098007
0.271424304859
0.78407294187
0.701988242047
0.917866981358
0.86079444528
0.137613871707
0.795580515326
0.788262475566
0.721041236835
0.279055914456
0.762673182793
0.924224586951
0.692079259862
0.722876505342
0.675221100948
0.600056828181
0.231421294606
0.765838140753
0.728778362591
0.850662891811
0.761084872623
0.82998145667
0.810974814376
0.832875838534
0.11575977337
0.24895472774
0.909556404952
0.830571933959
0.658643096705
0.564996726884
0.649050566731
0.702292437828
0.874993808571
0.0709373007966
0.77404272051
0.735695268559
0.619374874693
0.725472544189
0.772949740112
0.911888423745
0.242022146597
0.743846722576
0.183886529106
0.586160916101
0.804149112665
0.756498093595
0.6087174136
0.158804163523
0.889689797654
0.839850059479
0.64284555083
0.982012085335
0.183622318909
0.275456333263
0.978832502707
0.217714747612
0.191611906287
0.823433161419
0.817846523235
0.874545325165
0.833732635647
0.728624685333
0.123168579624
0.241436758814
0.704703322897
0.845569296393
0.864258185034
0.138492333636
0.678050121293
0.211742930629
0.893506682118
0.747100351108
0.190608889065
0.906564364667
0.78854230657
0.724256518695
0.822989463893
0.904043301502
0.864744289034
0.824903742744
0.174407021421
0.204971990803
0.920679077267
0.79220486098
0.819082755636
1.0
0.159595393115
0.150183314047
0.760937492164
0.75587605289
0.113099646123
0.124837828942
0.184210750274
0.196830427365
0.237847866218
0.816538357709
0.139316304137
0.18659153464
0.159820899455
0.115245829559
0.181119004838
0.698532864878
0.642377044072
0.873829761423
0.131676904235
0.230156619558
0.800082003709
0.690640985417
0.756134095972
0.745412254232
0.763389725307
0.853801992748
0.106992081636
0.113929672856
0.683947557187
0.180985744492
0.372736942465
0.209918745315
0.718623307749
0.169137584323
0.752628974659
0.923549517098
0.889265409204
0.934948938668
0.784117044621
0.836121179066
0.835368395901
0.830571933959
0.658643096705
0.136671629891
0.259606124047
0.801013612767
0.164750402262
0.259006458932
0.705794512918
0.781010613015
0.0529032468924
0.862637613842
0.842481931409
0.122627058365
0.253012927963
0.154456209983
0.194037526909
0.761722047863
0.841204665829
0.196432031999
0.181012728447
0.682039006578
0.831156049738
0.825290973977
0.213507364802
0.888776213211
0.106000254886
0.178586979338
0.165086160284
0.329914237073
0.0764987238323
0.140100637039
0.886396258698
0.864894965563
0.906196250363
0.630087122802
0.097192534175
0.0991254938776
0.672018319996
0.939326575804
0.205027560465
0.147425809151
0.821391785443
0.19254124709
0.172230499107
0.174745396659
0.130868141219
0.913751721231
0.820176579761
0.644179855929
0.819545460116
0.728872757679
0.881852895882
0.870148794414
0.833684262985
0.824102899294
0.106624792155
0.740743101258
0.740713867839
1.0
0.209397747631
0.76358987271
0.745373060194
0.841905473976
0.85320767105
0.851566203364
0.116974770911
0.278827074248
0.221078100267
0.856948987845
0.160291050044
0.243094372461
0.0808867046071
0.668034618262
0.879872019029
0.668494693764
0.127603043958
0.829356680548
0.795490070664
0.107119297133
0.786190461973
0.734924860166
0.709662106449
0.501355055936
0.753172814697
0.961571407772
0.706306484432
0.184601485577
0.231490174604
0.20409679202
0.202089762407
0.115899711315
0.693518363493
0.834764214364
0.798311496641
0.900334769706
0.92015080973
0.905472914591
0.139777365124
0.80758973487
1.0
0.917418524523
0.658643096705
0.55815303198
0.85310689932
0.796112011199
0.209577688678
0.130694458107
0.668882928606
0.730106304965
0.62292474512
0.75627468144
0.764076620245
0.932221864419
0.0963984648532
0.743095224086
0.202135897904
0.646026421558
0.801690837076
0.198367971025
0.550505901248
0.13889311931
0.709186380878
0.839850059479
0.607670199929
0.982012085335
0.184824274066
0.955990593021
0.181540040524
0.224776134206
0.737111807631
0.758102934238
0.804239920659
0.746419625841
0.943470379086
0.680516522513
0.0795349497659
0.195930946102
0.71593174762
0.119521686644
0.160148678362
0.135015395721
0.970422153664
0.111165524277
0.183266145363
0.150720713135
0.631148694397
0.851316723865
0.827092865154
0.682320833646
0.7955999258
0.728872757679
0.739553178343
0.775789241284
0.816315958833
0.202891349588
0.921516118322
0.808804432467
0.18911136938
0.872848611608
0.117015805802
0.696230410862
0.698323670072
0.822600036845
0.849770966635
0.271311179775
0.0830566705326
0.196830427365
0.289443001824
0.745028765329
0.170675201813
0.795220364851
0.139517608541
0.250667130712
0.360990991876
0.738442382709
0.740443522392
0.734452837244
0.127066081232
0.218137272382
0.680924596761
0.700885665462
0.679390358543
0.252305789158
0.831596416347
0.138027190084
0.148746955883
0.110680310274
0.701964405971
0.205662911105
0.265148286589
0.210233428714
0.744973816085
0.832605481516
0.713885061672
0.938066070783
0.933333333333
0.884507302323
0.219819742365
0.799288330793
0.883404941178
0.801173892649
0.927747879613
0.197440564595
0.0436743978193
0.735520372198
0.796666470435
0.0724739522006
0.806276357873
0.679454725359
0.151156361612
0.750555389525
0.14157513345
0.165311249149
0.913718910129
0.795944480153
0.155735311209
0.649625781119
0.1866360626
0.633550294327
0.580978502843
0.127965441506
0.66121135978
0.839850059479
0.646297543597
0.150592207263
0.864794665201
0.95232314244
0.128758283031
0.383494399956
0.199464203652
0.265765834093
0.757518955195
0.335957337132
0.835661121815
0.140209128428
0.163554047158
0.819690875573
0.648845839534
0.17392626743
0.179281923237
0.123358423311
0.879513062755
0.165258176762
0.666341547642
0.165594010575
0.60505166108
0.68126113958
0.926858609729
0.698674396036
0.701301274204
0.0482033695244
0.783394209658
0.936734046017
0.215454450526
0.134012912624
0.145175188173
0.817051534742
0.758896798004
0.826088753494
0.17212104789
0.177175588109
0.718843286741
0.106590265805
0.883270234222
0.249166757653
0.207836365973
0.244325313824
0.221078100267
0.764633773351
0.164560152104
0.0828188950502
0.688138360114
0.0878504856739
0.326523317448
0.723103104434
0.634783655101
0.921641143029
0.0915723334081
0.251450458043
0.165426832464
0.688832777304
0.714228049554
0.21024798229
0.701122341927
0.195276449377
0.104805166364
0.1405492411
0.156116991098
0.266129855794
0.225726444808
0.1808639269
0.735300077896
0.802986758795
0.821422970671
0.753538431084
0.676942975763
0.811520397476
0.593952152347
0.159389981552
0.75067959438
0.917418524523
0.113565650322
0.150922375975
0.143045145927
0.217279128236
0.168528338716
0.194426569347
0.141154917163
0.253599253154
0.189224954869
0.815214484034
0.12114474687
0.2926861617
0.216449591636
0.187608045213
0.158306594924
0.154665494761
0.66141126169
0.0923223569168
0.488166817276
0.250152868263
0.843702246268
0.785154221276
0.13225670978
0.12343922676
0.848010814219
1.0
0.148248364049
0.234984346216
0.149412411795
0.118631548899
0.130526606714
0.175914448298
0.805113505558
0.607480258454
0.125988127427
0.173077081742
0.111684252001
0.154266915858
0.205027560465
0.241007639694
0.763101975292
0.159687585286
0.88294999924
0.098379437425
0.150127742699
0.852512459625
0.820775026115
0.555471207871
0.855928657697
0.780173160436
0.880715369646
0.86172623747
0.140290554746
0.841438903872
0.955879751085
0.812998877681
0.145640037957
1.0
0.205633232402
0.123212151047
0.779085199863
0.830664930569
0.901601555772
0.816661534875
0.130905276339
0.196830427365
0.214536477092
0.816538357709
0.138484738896
0.294233787815
0.0789769322852
0.590412323329
0.294870155704
0.740571960678
0.595038270543
0.830995624897
0.862244794073
0.239627581691
0.817075151854
0.662932309631
0.774921804174
0.545479672642
0.738653568503
0.881315353464
0.165953308105
0.150460204883
0.639165868235
0.188948897615
0.136944290398
0.764883091904
0.686198408465
0.852898822334
0.877386456518
0.855149167456
0.780610950567
0.857284680667
0.736570976875
0.749492157486
0.909556404952
0.917418524523
0.818889370853
0.587305929194
0.2097439556
0.747458354903
0.786931563777
0.196594775
0.73389918682
0.769506875644
0.161666332069
0.768975200587
0.117870586334
0.1520400218
0.28513116626
0.743095224086
0.209235056482
0.646005822779
0.787655833724
0.154949563785
0.609728505746
0.146935298085
0.891120307225
0.839850059479
0.189342091763
0.982012085335
0.148120840929
0.227435850599
0.054808871205
0.207827860495
0.740700186717
0.121912924257
0.832237105498
0.127155313368
0.947818811464
0.62966442119
0.0609351904035
0.799684689626
0.20250611404
0.165202950639
0.120801939496
0.0739304234163
0.212570681377
0.116705290684
0.922292901835
0.150682891062
0.12936039491
0.84022183126
0.820176579761
0.653909779762
0.7955999258
0.245669814849
0.775701755437
0.184548138398
0.752331430686
0.734542254927
0.908083945624
0.137268581557
0.807401440529
0.216630521087
0.233305424393
0.121162510085
0.73453476593
0.151304885254
0.53262611732
0.812015609279
0.200616485728
0.139792307317
0.19886699601
0.178088095895
0.16524289438
0.154186684629
0.141879641181
0.118281401006
0.151927059954
0.76466301023
0.112290709397
0.710055103729
0.829613216158
0.832070150071
0.721062162096
0.722024378023
0.633309897648
0.111781703896
0.799492639677
0.102605072342
0.716910528371
0.712392859459
0.159333462658
0.225192343863
0.20025193861
0.114012564844
0.599505128624
0.823624926467
0.774552830816
0.686439725011
0.211635150969
0.77059462448
0.356869196976
0.637064869766
0.905480194693
0.903540371704
0.817775170249
0.167361457662
0.713582357933
0.182053715665
0.167574419826
0.15236987961
0.592537179086
0.720746407302
0.148161742035
0.662591670996
0.761007449936
0.767554742536
0.674451255462
0.179384444515
0.265747033483
0.182194545636
0.666236550197
0.16815523196
0.204845134047
0.0693635604564
0.717930063049
0.661351465546
0.619609297261
0.22823123016
0.12875031446
0.612487253607
0.21064667481
0.724397257753
0.151533816597
0.208967367017
0.79144680139
0.733868424495
0.967043002772
0.698716794227
0.151591626586
0.178842878906
0.150956954595
1.0
0.205027560465
0.103087662714
0.283440882026
0.150416052137
0.516211501018
0.839007557583
0.678091943983
0.887252395631
0.788164976905
0.557075639049
0.733148650708
