0.111111111111
0.0333333333333
0.0636363636364
0.0368421052632
0.0261437908497
0.0404411764706
0.0213338528757
0.0192043895748
0.2
0.03487050164
0.0300937126241
0.0273684210526
0.0343858954117
0.0441176470588
0.0691533876719
0.0256134178204
0.075
0.0583333333333
0.0666666666667
0.0462962962963
0.0366063136323
0.032525282006
0.0298262529356
0.100476300185
0.0350877192982
0.0358974358974
0.0294117647059
0.0320905251312
0.0444444444444
0.0187687687688
0.024946845532
0.0269570389037
0.0416666666667
0.0329580894039
0.0257936507937
0.0214285714286
0.0197132616487
0.0152506808688
0.0233918128655
0.042735042735
0.0450723165079
0.0194902548726
0.0357029333115
0.0444444444444
0.0352
0.0666666666667
0.025198938992
0.037037037037
0.046439628483
0.0515873015873
0.0833333333333
0.0555555555556
0.0519480519481
0.0227272727273
0.0336134453782
0.0512820512821
0.0464480654623
0.0392156862745
0.028226772817
0.0384615384615
0.0343137254902
0.0201679338401
0.0532544378698
0.0277777777778
0.0289920619719
0.0266974195423
0.020979020979
0.0666666666667
0.0532544378698
0.0161136122848
0.021935483871
0.0294117647059
0.0535714285714
0.0383023919583
0.0484788869373
0.0441213892864
0.0710059171598
0.0590024623263
0.0555555555556
0.0295078834389
0.0892857142857
0.0493614139417
0.0357142857143
0.0491071428571
0.01875
0.0173722974474
0.0300959427856
0.0141129032258
0.0625
0.0615384615385
0.0382775119617
0.0384615384615
0.0415224913495
0.0425638421087
0.040296038291
0.0376304868305
0.0461538461538
0.0238095238095
0.0194444444444
0.0615384615385
0.0833333333333
0.0423076923077
0.0606060606061
0.0402476780186
0.031746031746
0.05
0.0193639787893
0.0207407407407
0.16
0.03487050164
0.0281005707705
0.0333333333333
0.0313904721451
0.0415224913495
0.0644315647165
0.0289344289796
0.0863543919416
0.0583333333333
0.08
0.0462962962963
0.0344530010657
0.0215503739654
0.0266100901081
0.0894084890903
0.0333333333333
0.04
0.0361111111111
0.0351239669421
0.0493827160494
0.0203703703704
0.0289855072464
0.028189224641
0.037037037037
0.0272185670529
0.0249867875185
0.0260869565217
0.0230414746544
0.0135928995525
0.0175438596491
0.042735042735
0.04296875
0.0177975528365
0.0412058201079
0.0410256410256
0.03
0.0512820512821
0.0230769230769
0.0416666666667
0.0415224913495
0.0515873015873
0.0833333333333
0.0694444444444
0.030303030303
0.0545454545455
0.0352941176471
0.052380952381
0.0390807756566
0.0346020761246
0.0254236234877
0.0364583333333
0.0235507246377
0.0241935483871
0.043956043956
0.0416666666667
0.0406817821597
0.0173611111111
0.0201465201465
0.0648148148148
0.0432692307692
0.0179040136498
0.0226666666667
0.038062283737
0.0454545454545
0.0380952380952
0.0581746643248
0.0325814536341
0.0598290598291
0.0563354168402
0.0617283950617
0.0246017435792
0.0833333333333
0.045410785126
0.047619047619
0.0491071428571
0.0171568627451
0.015821357561
0.0379425020438
0.0119474313023
0.0541572267188
0.0659340659341
0.0337715599172
0.0576923076923
0.0411764705882
0.0565111008936
0.0393534843331
0.0312358592001
0.0600650228255
0.0193452380952
0.0236842105263
0.0559440559441
0.0952380952381
0.0325
0.0636363636364
0.0402476780186
0.0444444444444
0.046875
0.0213812560652
0.0222222222222
0.2
0.0387450018223
0.0316031953527
0.0290909090909
0.0302392541713
0.0346020761246
0.0505700925454
0.0218953490304
0.06
0.05
0.05
0.0297619047619
0.0235294117647
0.0347985659486
0.0282108623046
0.0872382268882
0.03081232493
0.025
0.0231481481481
0.0324675324675
0.0777777777778
0.0168650793651
0.0282608695652
0.0224558209742
0.0555555555556
0.0441443516903
0.0284090909091
0.0246153846154
0.0172043010753
0.013554547479
0.0138888888889
0.0617283950617
0.0367647058824
0.0159151193634
0.0438596491228
0.0388888888889
0.03
0.04
0.0217391304348
0.0666666666667
0.0252100840336
0.0462962962963
0.0833333333333
0.0740740740741
0.0247933884298
0.0330578512397
0.0392156862745
0.0533333333333
0.0497657844239
0.0160427807487
0.0273703847655
0.0416666666667
0.0203333990338
0.0215970410736
0.041958041958
0.0666666666667
0.0539304367855
0.01875
0.0227272727273
0.0416666666667
0.0591715976331
0.0221490185025
0.0167741935484
0.0336134453782
0.0324675324675
0.0210526315789
0.0445001782933
0.0297425468448
0.0192307692308
0.0419813296552
0.030303030303
0.0262086717828
0.09375
0.0607153776171
0.0619047619048
0.0470547503146
0.0163043478261
0.020174818329
0.0327481655105
0.0145681581686
0.0446428571429
0.0576923076923
0.0400913198178
0.0442868238255
0.0490196078431
0.0302792205028
0.0358845541456
0.0423342976843
0.0531932007271
0.0214285714286
0.0264705882353
0.027972027972
0.0625
0.040625
0.0833333333333
0.0401002506266
0.0359477124183
0.0514705882353
0.0221317602172
0.0219478737997
0.2
0.0430640924
0.0377765881628
0.0236363636364
0.032817311788
0.0441176470588
0.0585144049532
0.025993252509
0.075
0.0583333333333
0.07
0.0666666666667
0.0390467345411
0.0341689224688
0.0224084969331
0.0983493379993
0.0336134453782
0.05
0.0320512820513
0.0382405059333
0.0493827160494
0.0166666666667
0.0264650283554
0.0256091869585
0.0277777777778
0.0295510250256
0.0313211778503
0.0254545454545
0.0206731975416
0.0181906007019
0.0185185185185
0.0505050505051
0.0367647058824
0.0198938992042
0.0409356725146
0.0410256410256
0.0327272727273
0.0564102564103
0.0284280936455
0.0666666666667
0.0415224913495
0.047619047619
0.0793650793651
0.0555555555556
0.0330578512397
0.041958041958
0.0326797385621
0.0444444444444
0.0312646205253
0.0274509803922
0.0205660735563
0.0388888888889
0.0246212121212
0.020022246941
0.0692307692308
0.0512820512821
0.0416746013344
0.0227911695423
0.02
0.0583333333333
0.0576923076923
0.0179040136498
0.0242857142857
0.0420168067227
0.0494505494505
0.0356402386292
0.0576784733759
0.0311004784689
0.0641025641026
0.0815693752256
0.0555555555556
0.0259669374262
0.0892857142857
0.0514846602886
0.0535714285714
0.0491071428571
0.01875
0.0239441462637
0.0432098765432
0.0197710718002
0.0491071428571
0.0650887573964
0.0382775119617
0.0355029585799
0.0433436532508
0.0612115072983
0.0437260937034
0.0338674381474
0.0555555555556
0.0257142857143
0.0222222222222
0.048951048951
0.111111111111
0.0382352941176
0.0661157024793
0.0358851674641
0.037037037037
0.0541666666667
0.0255197284722
0.0246913580247
0.2
0.0387450018223
0.0361756743271
0.026
0.033952925628
0.0477941176471
0.0698008617762
0.0288813916766
0.075
0.07
0.0571428571429
0.0520833333333
0.0326183842391
0.0341012189218
0.0250447906899
0.0894084890903
0.0357142857143
0.0380952380952
0.0305555555556
0.0335968379447
0.0972222222222
0.0199652777778
0.0244565217391
0.0312470318867
0.0444444444444
0.0320218435916
0.031746031746
0.0246967475408
0.0253456221198
0.022315414603
0.0185185185185
0.040404040404
0.0416666666667
0.0201149425287
0.037037037037
0.04
0.0304761904762
0.0571428571429
0.02849002849
0.0493827160494
0.0441176470588
0.0515873015873
0.0606060606061
0.0555555555556
0.030303030303
0.0629370629371
0.043137254902
0.0488888888889
0.0316691355425
0.0346020761246
0.0277146927886
0.0388888888889
0.0270833333333
0.0200943740301
0.0641025641026
0.0576923076923
0.0429010250207
0.0330882352941
0.02
0.0666666666667
0.0414201183432
0.0208333333333
0.0206060606061
0.0441176470588
0.0454545454545
0.0291666666667
0.0582152183927
0.0417559899765
0.0705128205128
0.0815693752256
0.0555555555556
0.029082077948
0.075
0.0454791519523
0.0612244897959
0.0580357142857
0.0197368421053
0.0209665658848
0.0368416861993
0.0191158900836
0.0666666666667
0.0604395604396
0.0376989753202
0.0591715976331
0.0411764705882
0.0557580625038
0.0419449966546
0.0286042802527
0.0555555555556
0.0255102040816
0.0294117647059
0.0538461538462
0.0833333333333
0.040625
0.0808080808081
0.0382775119617
0.0392156862745
0.0580357142857
0.0250403013345
0.0222222222222
0.2
0.0526338907112
0.0339933548166
0.0247619047619
0.0343858954117
0.046218487395
0.0585144049532
0.0335532688949
0.067476117498
0.0583333333333
0.0777777777778
0.0520833333333
0.0296296296296
0.0387983356661
0.0304115315521
0.10946044911
0.0336134453782
0.0388888888889
0.0352564102564
0.0363636363636
0.0555555555556
0.0185185185185
0.0310559006211
0.0254499304374
0.030303030303
0.0329580894039
0.0359848484848
0.0224
0.0202870353091
0.017628802153
0.0216049382716
0.037037037037
0.0401785714286
0.0179310344828
0.0432098765432
0.0380952380952
0.0309090909091
0.0461538461538
0.0297202797203
0.0666666666667
0.0424836601307
0.047619047619
0.0833333333333
0.047619047619
0.0272727272727
0.0413223140496
0.0346020761246
0.0564102564103
0.0396825396825
0.0367647058824
0.0260861860564
0.0416666666667
0.0245098039216
0.0187304890739
0.0692307692308
0.047619047619
0.0455823390845
0.0243055555556
0.0153846153846
0.0583333333333
0.0512820512821
0.0217583113715
0.0237037037037
0.046218487395
0.0535714285714
0.0355555555556
0.0582152183927
0.0394736842105
0.0564102564103
0.0815693752256
0.040404040404
0.0249682090637
0.09375
0.0481529487438
0.0561224489796
0.046875
0.0196078431373
0.0203417454356
0.035488517285
0.014888337469
0.0561224489796
0.0650887573964
0.0382775119617
0.0384615384615
0.0433436532508
0.0567211964318
0.037878140487
0.0338674381474
0.0555555555556
0.0251322751323
0.0294117647059
0.0559440559441
0.111111111111
0.04
0.0681818181818
0.0368421052632
0.0321637426901
0.05
0.0239560577798
0.025641025641
0.2
0.0387450018223
0.0320015580586
0.025726306175
0.0276097538086
0.0392156862745
0.0529916114922
0.0321493655328
0.075
0.0636363636364
0.08
0.0539215686275
0.0292850509058
0.0376858249025
0.026843627642
0.0819577816661
0.0294784580499
0.0307692307692
0.0333333333333
0.0280792094898
0.0888888888889
0.0185185185185
0.0256916996047
0.0284546521761
0.0617283950617
0.0329580894039
0.0336983081633
0.0215384615385
0.0209241499564
0.018817862795
0.0162037037037
0.0606060606061
0.0328947368421
0.0194491461948
0.0409356725146
0.04
0.0357894736842
0.0564102564103
0.0352564102564
0.0634920634921
0.0449826989619
0.0424836601307
0.0833333333333
0.047619047619
0.0378787878788
0.0699300699301
0.0415224913495
0.0416666666667
0.0375939849624
0.0330882352941
0.0286948046621
0.0320512820513
0.0342834550498
0.0223860118959
0.025641025641
0.034164275638
0.0350956539659
0.0230263157895
0.0242914979757
0.0666666666667
0.043956043956
0.0165631469979
0.0226086956522
0.0441176470588
0.0519480519481
0.0222222222222
0.0513305861689
0.0447368421053
0.0604395604396
0.0627456732504
0.0555555555556
0.0305922285943
0.0625
0.0538028201233
0.0549450549451
0.0528846153846
0.0175438596491
0.01833535385
0.0432042872006
0.0150537634409
0.0663265306122
0.0659340659341
0.0383482189561
0.0532544378698
0.0460287188578
0.0538914948535
0.0374795088886
0.0334090765965
0.0564102564103
0.0257142857143
0.0236842105263
0.0559440559441
0.0833333333333
0.0425
0.0743801652893
0.0387811634349
0.0359477124183
0.0477941176471
0.0207163283962
0.0219478737997
0.2
0.0526338907112
0.0316600890056
0.024
0.034781215649
0.0484429065744
0.0644315647165
0.0321493655328
0.0797445024976
0.05
0.075
0.05
0.0422961383206
0.0294117647059
0.0322759545208
0.109277042221
0.0250626566416
0.0333333333333
0.0294117647059
0.0330578512397
0.0444444444444
0.0182291666667
0.0271739130435
0.0236237343017
0.0246913580247
0.0330206300588
0.0396825396825
0.024
0.021198156682
0.017053688158
0.0181610759301
0.037037037037
0.0347222222222
0.0178359096314
0.0424836601307
0.0461538461538
0.0347826086957
0.0571428571429
0.0338461538462
0.0606060606061
0.0415224913495
0.0555555555556
0.0972222222222
0.047619047619
0.0330578512397
0.0727272727273
0.0392156862745
0.0458333333333
0.036669525365
0.0311418685121
0.0255790038851
0.0416666666667
0.0263157894737
0.0185421343009
0.0710059171598
0.0405700773202
0.0455823390845
0.0262932720322
0.0184615384615
0.0606060606061
0.0461538461538
0.0175438596491
0.0225
0.0330882352941
0.0535714285714
0.0333333333333
0.0612833779619
0.0401002506266
0.0710059171598
0.0582638394468
0.0555555555556
0.0284828118186
0.0714285714286
0.0493614139417
0.0459183673469
0.0572916666667
0.0178571428571
0.0258362509301
0.035028904515
0.015531660693
0.0666666666667
0.0564102564103
0.0345573940435
0.0699300699301
0.0364145658263
0.0575679654418
0.0429529283411
0.0305561191827
0.0512820512821
0.0260989010989
0.0235294117647
0.0559440559441
0.0833333333333
0.0315789473684
0.0636363636364
0.0387811634349
0.0361111111111
0.0541666666667
0.0260806026691
0.0224867724868
0.16
0.0526338907112
0.0281005707705
0.0218181818182
0.0313781443688
0.0470588235294
0.0653238155884
0.0256134178204
0.075
0.0583333333333
0.0625
0.0666666666667
0.0461538461538
0.0352784718023
0.0276651038749
0.0598557596967
0.0280112044818
0.0410256410256
0.0229166666667
0.0261852700959
0.0888888888889
0.0134099616858
0.0256916996047
0.0241621925494
0.0555555555556
0.0438190378953
0.0243714609725
0.0222222222222
0.0182820600175
0.0182584022298
0.0138888888889
0.0505050505051
0.0361842105263
0.0198938992042
0.0407407407407
0.0358974358974
0.0361904761905
0.0622222222222
0.0320512820513
0.0444444444444
0.043137254902
0.0462962962963
0.0800668842989
0.0888888888889
0.0324675324675
0.041958041958
0.0346020761246
0.0444444444444
0.0369699989395
0.0392156862745
0.0201797661601
0.03125
0.0245098039216
0.0146786598749
0.0549450549451
0.0694444444444
0.0494885890845
0.0238095238095
0.0192307692308
0.047619047619
0.0384615384615
0.0200501253133
0.0237037037037
0.0285875318423
0.0535714285714
0.0355555555556
0.046085525899
0.0421052631579
0.0705128205128
0.0499251604299
0.0555555555556
0.0281733372688
0.1
0.040994170681
0.0571428571429
0.0480769230769
0.0166666666667
0.0164332543421
0.0416666666667
0.0131421744325
0.0619047619048
0.0604395604396
0.0426065162907
0.0629370629371
0.0392156862745
0.0407818143987
0.0367219053857
0.0283492663937
0.0333333333333
0.030612244898
0.028125
0.0448717948718
0.104166666667
0.0333333333333
0.0826446280992
0.0334928229665
0.031746031746
0.0460526315789
0.0250403013345
0.0219396388806
0.16
0.04737050164
0.0267090644987
0.0236363636364
0.0285204575275
0.0484429065744
0.0660970996774
0.0290139849339
0.0571428571429
0.05
0.07
0.0611111111111
0.0277777777778
0.0403684192609
0.0282564501495
0.0671063283755
0.0300751879699
0.0307692307692
0.0338541666667
0.033252613855
0.0648148148148
0.0171935221453
0.0256916996047
0.0260391932389
0.040404040404
0.0316907460068
0.0320512820513
0.0204614336591
0.0197978584795
0.0174708589632
0.0151515151515
0.0555555555556
0.0296052631579
0.0191570881226
0.0392156862745
0.047619047619
0.026
0.0333333333333
0.0284280936455
0.0493827160494
0.0294117647059
0.0359477124183
0.0972222222222
0.0333333333333
0.034965034965
0.030303030303
0.0326797385621
0.0458333333333
0.0331771896159
0.0235294117647
0.0212554108608
0.0388888888889
0.0300925925926
0.019550342131
0.0461538461538
0.0595238095238
0.0398328654516
0.0257715111935
0.0168269230769
0.0416666666667
0.0549450549451
0.0137326599038
0.0171428571429
0.0404411764706
0.047619047619
0.029016812603
0.0459169070032
0.0415512465374
0.0769230769231
0.0627456732504
0.0512820512821
0.0265707731663
0.0694444444444
0.0390872754457
0.0491071428571
0.046875
0.0131578947368
0.0173007589189
0.0307153587974
0.0142314990512
0.0526315789474
0.0659340659341
0.0367503764996
0.0414201183432
0.046439628483
0.0610770275007
0.031458747491
0.0283962356364
0.0512820512821
0.0247252747253
0.0138888888889
0.0576923076923
0.111111111111
0.0411764705882
0.0727272727273
0.0368421052632
0.0392156862745
0.0541666666667
0.0250775025664
0.0178799489144
0.2
0.03487050164
0.028855091409
0.026
0.033952925628
0.0514705882353
0.0644315647165
0.035417339389
0.075
0.05
0.08
0.0539215686275
0.0407729802989
0.0409537987587
0.0267398331825
0.0756533369225
0.0300751879699
0.0311111111111
0.03125
0.0368302120054
0.0598290598291
0.0199652777778
0.0245746691871
0.0292940923938
0.0277777777778
0.0320218435916
0.0355922475572
0.0204711829992
0.0218216318786
0.0157953480427
0.0185185185185
0.0396825396825
0.0401785714286
0.0178359096314
0.0432098765432
0.0484848484848
0.032
0.0428571428571
0.0304487179487
0.0617283950617
0.038062283737
0.047619047619
0.0972222222222
0.0740740740741
0.030303030303
0.0629370629371
0.038062283737
0.047619047619
0.0413533834586
0.0330882352941
0.0273283853924
0.0297619047619
0.0269607843137
0.0227950548153
0.0299145299145
0.0444444444444
0.0455823390845
0.025
0.0192307692308
0.0606060606061
0.0384615384615
0.0208755170467
0.0226666666667
0.0497737556561
0.0535714285714
0.0333333333333
0.0582152183927
0.0447368421053
0.0549450549451
0.0627456732504
0.0555555555556
0.027613944045
0.0694444444444
0.0501380466719
0.0571428571429
0.0576923076923
0.0162037037037
0.0208545790039
0.0401234567901
0.0117302052786
0.0666666666667
0.0604395604396
0.0360598894367
0.0549450549451
0.0433436532508
0.0652436941673
0.042492040217
0.0286042802527
0.05
0.0257142857143
0.0275
0.0559440559441
0.0555555555556
0.0315789473684
0.0606060606061
0.0328406125757
0.033950617284
0.05
0.0178587232751
0.0266666666667
0.114285714286
0.0317004560364
0.026878806824
0.024347826087
0.030049649687
0.0220588235294
0.0644315647165
0.0238389374715
0.0545454545455
0.0416666666667
0.0727272727273
0.0333333333333
0.0282729802989
0.0311498771901
0.0341044033659
0.0819577816661
0.0319735751096
0.025
0.0208333333333
0.0340909090909
0.0864197530864
0.0152329749104
0.0230179028133
0.018178521741
0.0444444444444
0.0410412601175
0.0240384615385
0.0247591018997
0.0176899063476
0.013243125106
0.0116959064327
0.040404040404
0.0416666666667
0.0135467980296
0.0416666666667
0.0461538461538
0.0231578947368
0.0375
0.0267558528428
0.0666666666667
0.0274509803922
0.0481481481481
0.0987654320988
0.0740740740741
0.020979020979
0.0545454545455
0.0185758513932
0.0392156862745
0.0357990167828
0.0220588235294
0.0239892899697
0.0384615384615
0.01875
0.0189098998888
0.0532544378698
0.0416666666667
0.0482535487028
0.0255681818182
0.019943019943
0.0454545454545
0.0432692307692
0.0173962642056
0.0152941176471
0.0311418685121
0.0357142857143
0.0333333333333
0.0512061398877
0.0259982683997
0.025641025641
0.0475788402759
0.0617283950617
0.0209669374262
0.0833333333333
0.0410436752602
0.0459183673469
0.0580357142857
0.01875
0.0231306824813
0.0266955711817
0.0142314990512
0.0714285714286
0.0659340659341
0.0400913198178
0.0410256410256
0.0490196078431
0.019802539172
0.0437260937034
0.0328798517895
0.0647795991076
0.0235898838089
0.02
0.0461538461538
