0.111111111111
0.0371204837269
0.0636363636364
0.0387797355838
0.0368835491079
0.0477199468569
0.0293505636824
0.0219828164392
0.2
0.0662267152429
0.0350537200938
0.0314917641554
0.039566588196
0.0441176470588
0.0739483847288
0.0279209477373
0.075
0.0636828441139
0.0666666666667
0.0490450826532
0.0498114958091
0.032525282006
0.0333726218909
0.100476300185
0.0369109667104
0.0396794819627
0.0308670045419
0.0320905251312
0.064238708695
0.0210533430965
0.0282049072317
0.0352380942581
0.0498784966965
0.0349276288685
0.0307880429936
0.0277086139507
0.0208339354279
0.0175789322002
0.0288130056146
0.0529724770672
0.0450723165079
0.0226570478467
0.0372649604047
0.0518068606129
0.0392371451312
0.0666666666667
0.025198938992
0.0529020569949
0.0509886680708
0.0515873015873
0.0833333333333
0.0646844772959
0.0607178920213
0.0322738359438
0.0336134453782
0.0542779155053
0.0519833605109
0.0416671706257
0.0344994130067
0.0384615384615
0.0357440459814
0.0230453459705
0.0570547460558
0.0357844854782
0.0309243876033
0.0266974195423
0.0230565523366
0.0817151558455
0.0532544378698
0.0202888864579
0.021935483871
0.0319941810815
0.0535714285714
0.0458684036239
0.0532072741844
0.0441213892864
0.0710059171598
0.0731193482399
0.0620420360839
0.0381558943131
0.0892857142857
0.0599495328956
0.0440722883183
0.0491071428571
0.0229328247294
0.0181767614315
0.0337129630993
0.0175475213006
0.0625
0.0615384615385
0.0382775119617
0.0438781944458
0.0415224913495
0.0491913366345
0.0433533341279
0.0376304868305
0.0559796611049
0.0302443790076
0.0228329967635
0.0615384615385
0.102561043985
0.0423076923077
0.0606060606061
0.0402476780186
0.0386593874761
0.0552675653076
0.0281296445911
0.0256914707398
0.16
0.0662267152429
0.0344253429045
0.0346527507846
0.0363459174169
0.0415224913495
0.0684888699184
0.0289344289796
0.0863543919416
0.0636828441139
0.08
0.0518882274113
0.0491630640052
0.023841765121
0.0309399719389
0.0958958838723
0.0367975034165
0.0449166598849
0.0395707636744
0.0351239669421
0.0798648586794
0.0225360184213
0.0324245723738
0.0344945612884
0.044336441508
0.0303331551068
0.0272789690915
0.0336581960778
0.0248062168689
0.015066405515
0.0262348059829
0.042735042735
0.04296875
0.020073413396
0.0412058201079
0.0515523621938
0.0331540196337
0.0578935299928
0.0230769230769
0.0516057635701
0.0440397083649
0.0515873015873
0.0833333333333
0.0785733661848
0.0353255161179
0.0606037135591
0.0352941176471
0.0551628263025
0.0442701147647
0.0392775745478
0.0280662147225
0.0364583333333
0.0277777827063
0.0273214449593
0.0474849015573
0.0458993799545
0.0427981388036
0.0173611111111
0.0233898042844
0.0765285137704
0.0432692307692
0.0228379599478
0.0234583171374
0.040492793267
0.0454545454545
0.0466809090688
0.0609675794831
0.0341897188791
0.0598290598291
0.0682804741517
0.0617283950617
0.0305554877428
0.0833333333333
0.0489734037473
0.0597126630733
0.0491071428571
0.0222861345695
0.0166127811393
0.0398510369949
0.0153047195212
0.0570982434187
0.0659340659341
0.0367037024758
0.0622061876792
0.0411764705882
0.0647227460935
0.0425181731371
0.0312358592001
0.06757638724
0.0274502527373
0.0268944179865
0.0559440559441
0.0952380952381
0.0325
0.0636363636364
0.0402476780186
0.047012691111
0.0516246095678
0.0288924043114
0.0279601556031
0.2
0.0665362885671
0.0396712796595
0.0301704324602
0.0356666466119
0.0370677276728
0.0549655065142
0.0241861644673
0.06
0.0553495107805
0.0654459893344
0.036674841228
0.033438172703
0.0347985659486
0.0314433609174
0.108963798567
0.0348878191455
0.025
0.0305154679521
0.0337335961098
0.0843748650343
0.019459495928
0.0313560281799
0.026906646843
0.0555555555556
0.0472617193021
0.0320265928559
0.0303852781052
0.0199893265878
0.0151917763263
0.0205274984133
0.0690749899632
0.0413844474723
0.0168642010821
0.0455038881683
0.0502928368211
0.0347508681289
0.0454260691444
0.0228455844939
0.0746179441894
0.0252100840336
0.0490450826532
0.0833333333333
0.0859025814457
0.0302724638642
0.0385653594339
0.044345270203
0.0559297489935
0.0556964576902
0.0262727793656
0.0311439052443
0.0416666666667
0.0245747925423
0.0257688404914
0.0464493152687
0.0725924652696
0.0565447596985
0.01875
0.0247851316192
0.0504519408833
0.0626848393674
0.0293710739706
0.0184499329495
0.0336134453782
0.036322973072
0.0253924737656
0.056368877939
0.0312637514477
0.0230367811095
0.054545573685
0.0425321192309
0.035461661029
0.103027153954
0.0719091516428
0.0739983773591
0.0470547503146
0.0188057449301
0.0221576437854
0.0384127267426
0.0186734950688
0.0501255048372
0.0576923076923
0.0415117453036
0.0442868238255
0.0490196078431
0.0358869216484
0.0408673757444
0.0423342976843
0.0683442379215
0.0294040944967
0.0300211447788
0.027972027972
0.0769207829887
0.040625
0.0833333333333
0.0419456128367
0.0446216623256
0.0560951123436
0.0295700377645
0.0275440342021
0.2
0.0651104529959
0.0403468818991
0.0259070665433
0.0379980045722
0.0441176470588
0.0625717101551
0.0281296797505
0.075
0.0636828441139
0.0759373785308
0.0699652102949
0.0504115243956
0.0341689224688
0.0297534287911
0.10548547226
0.0370627464177
0.05
0.0360431888551
0.0382405059333
0.0713763429945
0.0191664838774
0.029156470629
0.0334761895452
0.0277777777778
0.0330116784189
0.0354777290689
0.0310601201902
0.0221426695724
0.0196641066644
0.0263817556776
0.0505050505051
0.0367647058824
0.0226952929891
0.0425799115601
0.0515523621938
0.0373566451351
0.0564102564103
0.0284280936455
0.0746179441894
0.0466067120653
0.047619047619
0.0793650793651
0.0673840629272
0.0442194658784
0.0466182411993
0.0326797385621
0.049565823593
0.0354160918117
0.0327498786052
0.0232086647911
0.0388888888889
0.0290519047025
0.0245921930757
0.0741711698725
0.0605205601672
0.0440137323618
0.0227911695423
0.0218122021179
0.0688756623933
0.0576923076923
0.0245372688533
0.0242857142857
0.0420168067227
0.0494505494505
0.0444623818922
0.0623259024648
0.0341637254326
0.0641025641026
0.0915478359601
0.0620420360839
0.033465957721
0.0998881759479
0.0598063222688
0.0686884478893
0.0491071428571
0.0229258293423
0.0239441462637
0.0468148870063
0.0238816852224
0.0522319731008
0.0650887573964
0.0399225082416
0.0396696170293
0.0433436532508
0.0676798052705
0.0472424145968
0.0338674381474
0.0624409729355
0.0336898087824
0.0276315404231
0.048951048951
0.111111111111
0.0382352941176
0.0661157024793
0.0358851674641
0.0452291008384
0.0567590091511
0.036533504625
0.0292579368055
0.2
0.0656905536617
0.0411230888243
0.0284977731977
0.0393803180686
0.0477941176471
0.074196275745
0.0311889215935
0.075
0.07
0.0663134470524
0.0551757179848
0.0452912781458
0.0394635752045
0.0310105403128
0.103161656747
0.0378793920163
0.0380952380952
0.0355931069798
0.0335968379447
0.105468581293
0.0226375671029
0.0283254700075
0.0362913012046
0.0576558617408
0.0374442289331
0.0367438134714
0.0320234638166
0.0267864884073
0.0232103980864
0.0263817556776
0.040404040404
0.0442662042647
0.024056602754
0.0408610757427
0.0458899329348
0.0353862125362
0.0601639997981
0.0294166333404
0.0652477360073
0.0467921901378
0.0515873015873
0.0606060606061
0.0673840629272
0.0353255161179
0.0629370629371
0.043137254902
0.051485304549
0.0375615825482
0.0392775745478
0.0301362048791
0.0388888888889
0.0307201413121
0.02344504324
0.0682195646373
0.06225061431
0.0455153479338
0.0330882352941
0.0227243586758
0.0719225354729
0.0414201183432
0.0260524260497
0.0213471329955
0.0467000634344
0.0454545454545
0.0343202292633
0.0608335763536
0.0417559899765
0.0705128205128
0.0915478359601
0.0555555555556
0.0363577196105
0.075
0.0511616048189
0.0711526601649
0.0580357142857
0.0253622004049
0.0229014307219
0.0368416861993
0.0215708680395
0.0666666666667
0.0604395604396
0.039119400806
0.0633382560826
0.0430551158767
0.0622263604759
0.0461645817267
0.0286042802527
0.0662001884192
0.0337963531574
0.0329996436319
0.0538461538462
0.102561043985
0.040625
0.0808080808081
0.0382775119617
0.0500735629467
0.0608132240905
0.0325844631927
0.0271561454219
0.2
0.0795794425505
0.039165651791
0.0271407363787
0.039566588196
0.046218487395
0.0625717101551
0.0335532688949
0.067476117498
0.0636828441139
0.0777777777778
0.0551757179848
0.0435224668503
0.0442549102484
0.0376556560942
0.116596583371
0.0356511924859
0.0388888888889
0.0371594161958
0.0363636363636
0.0687527325497
0.0206841665695
0.0354775557849
0.0359392672197
0.0362752703247
0.0369202148502
0.038477846922
0.0303836281897
0.0217370372146
0.0191531186659
0.0307787149572
0.037037037037
0.0431376422294
0.021715028299
0.0449454622024
0.0478700506086
0.0355384633169
0.0498464010013
0.0297202797203
0.0746179441894
0.0448610317564
0.047619047619
0.0833333333333
0.0580521010366
0.0332997102506
0.0468298222438
0.0346020761246
0.0594061206335
0.0442952855564
0.0417324229571
0.0286086595079
0.0416666666667
0.0259401244128
0.0228862733591
0.0741711698725
0.0561976630124
0.0483600571797
0.0243055555556
0.0181089740604
0.0688756623933
0.0550880631608
0.0266595283438
0.0237037037037
0.0491698203956
0.0535714285714
0.0435688484642
0.0608335763536
0.0411623627178
0.0564102564103
0.0915478359601
0.0463008408844
0.0333267345585
0.09375
0.0519423086212
0.0690798941092
0.046875
0.0276141166011
0.0221183370712
0.0371107719934
0.0206064042647
0.0596936835438
0.0650887573964
0.0399225082416
0.0429754184484
0.0433436532508
0.0679448953019
0.0413944613804
0.0338674381474
0.0624409729355
0.0315671303304
0.0329996436319
0.0600896344562
0.150673883584
0.0430053967408
0.0681818181818
0.0383935054758
0.0399374916866
0.0555758177762
0.032404605584
0.0305108496056
0.2
0.0735852391588
0.0363396936266
0.0279931570064
0.0325651990804
0.0392156862745
0.0567591091798
0.0321493655328
0.075
0.0694721935788
0.08
0.0568320482994
0.0417886044044
0.0455161148319
0.0318447329003
0.0932176107017
0.0311280628514
0.0345512768345
0.0349826051475
0.0280792094898
0.102083063402
0.020293351684
0.0285054801635
0.0371957661614
0.0691875725423
0.0369202148502
0.0373411790263
0.0283015842546
0.0226112470309
0.0196202617802
0.0230840362179
0.0606060606061
0.0328947368421
0.0212266607645
0.0409356725146
0.0491231583458
0.0398716256493
0.0564102564103
0.0352564102564
0.0748510313817
0.0474999159774
0.0424836601307
0.0833333333333
0.0580521010366
0.0481102679643
0.0699300699301
0.0415224913495
0.0441008063481
0.0419639547376
0.0380559523688
0.0314695254586
0.0320512820513
0.036982471202
0.0274211589136
0.0283856926642
0.037283117008
0.0374347849934
0.0230263157895
0.0266742819558
0.0719225354729
0.0472183398521
0.0201938201919
0.0236412832228
0.0441176470588
0.0519480519481
0.0261487461054
0.0558493793123
0.0447368421053
0.0604395604396
0.070421412277
0.0620420360839
0.0368234727089
0.0772241422077
0.0597829349171
0.065636930727
0.0528846153846
0.0216743773964
0.0191244918916
0.0466195602709
0.0180753228379
0.0663265306122
0.0659340659341
0.0397068868122
0.0574210963193
0.0483221320753
0.0651961781156
0.0419877760495
0.0334090765965
0.0662360713613
0.0336898087824
0.0285662929515
0.0559440559441
0.102561043985
0.0455053967408
0.0743801652893
0.0408207742987
0.0467696439116
0.0524186417554
0.0284300977045
0.0256524886117
0.2
0.0884055774799
0.0383388918646
0.0264977731977
0.0397366609209
0.0484429065744
0.0721987397664
0.0342524161605
0.0797445024976
0.0553495107805
0.0830242661708
0.0532985436282
0.0522859527026
0.0330785471978
0.0397018217324
0.117206080288
0.028031968096
0.0364062457614
0.0323478706593
0.0330578512397
0.0584083681968
0.0210707097979
0.0310428613118
0.0354920600723
0.0393707105762
0.0363224012641
0.042294252331
0.0310336476248
0.0247040315464
0.0184350999979
0.0244835611914
0.037037037037
0.0347222222222
0.0203475040592
0.0424836601307
0.0529499226171
0.0392656723157
0.0601639997981
0.0338461538462
0.0678344947176
0.0440397083649
0.0555555555556
0.0972222222222
0.0580521010366
0.0385369266741
0.0727272727273
0.0421334773397
0.0507016126961
0.0410394951402
0.0358173669354
0.0278912712155
0.0416666666667
0.0301440083987
0.0219815635983
0.0748062253457
0.044273701447
0.0483600571797
0.0262932720322
0.0193749813124
0.0653841231572
0.0461538461538
0.0219291590454
0.0232421723164
0.0352014249047
0.0535714285714
0.039223119158
0.0639017359228
0.0401002506266
0.0710059171598
0.0697170952267
0.0620420360839
0.0332519866846
0.0820310330908
0.0599495328956
0.0558465377159
0.0572916666667
0.0243058898063
0.0274336915544
0.0366511592234
0.0217305289851
0.0666666666667
0.0564102564103
0.0373673639954
0.0746478579742
0.0382037518153
0.0621338228339
0.0458299181629
0.0305561191827
0.0576378211712
0.0337676732798
0.0289858568281
0.0559440559441
0.102561043985
0.0315789473684
0.0636363636364
0.0387811634349
0.0416938362734
0.0567590091511
0.0337052600068
0.0284987741077
0.16
0.0893340340602
0.0332104255826
0.0228977051874
0.0397800942063
0.0470588235294
0.0690913132759
0.0256134178204
0.075
0.0636828441139
0.0705242661708
0.0699652102949
0.0584160978888
0.0422258819865
0.0307048486938
0.0598557596967
0.0318909701506
0.0448076870909
0.0266938868863
0.0261852700959
0.102083063402
0.014649137766
0.0299261236381
0.0295667668186
0.0621250195794
0.0438190378953
0.0273190551514
0.0287348589118
0.0199977904739
0.0198371586183
0.0205274984133
0.0624570656963
0.0361842105263
0.0226952929891
0.0428234435317
0.0426935123607
0.0409966013466
0.0622222222222
0.033093712508
0.0523957219672
0.043137254902
0.0462962962963
0.0800668842989
0.103083097735
0.0367725203089
0.041958041958
0.0371869462136
0.0522166375685
0.0428446070237
0.0472806942919
0.0238978721587
0.0345540376586
0.0288133208885
0.0183221596872
0.0620027701475
0.0743826099469
0.0522663071797
0.0238095238095
0.0213634648335
0.0513732396235
0.0384615384615
0.0232363254325
0.0237037037037
0.0333528079719
0.0535714285714
0.0435688484642
0.0478318137021
0.0443331619635
0.0705128205128
0.0619266529598
0.0555555555556
0.0312032502443
0.1
0.043005581982
0.0692364725972
0.0480769230769
0.0188663806464
0.0191586440112
0.0436944850522
0.016392123889
0.0619047619048
0.0604395604396
0.0426065162907
0.0676548509811
0.0416365113374
0.0437671826935
0.0432362669232
0.0303010833073
0.0415958341892
0.0388414800538
0.029970989637
0.0486719085079
0.118587449655
0.0333333333333
0.0826446280992
0.0351116238925
0.0387678007186
0.0501903636759
0.0334227554752
0.0279503189814
0.16
0.0715443552214
0.0307730121215
0.0259070665433
0.0330794671777
0.0507665003348
0.0696134308524
0.0307446323716
0.0611530707534
0.0553495107805
0.0759373785308
0.0644096547394
0.0365543574238
0.0403684192609
0.0337192986349
0.078743624085
0.0318984353821
0.0345512768345
0.0385768711268
0.033252613855
0.0703123875286
0.0199890119516
0.0285054801635
0.0347803072242
0.0524144197643
0.0351867390477
0.035112245237
0.0264821250888
0.0209844542457
0.0182214902719
0.0226573324398
0.0610655017317
0.0336106147257
0.0218547265821
0.0410533652077
0.0539296900492
0.0297374809887
0.0394725635647
0.0284280936455
0.0582174688524
0.031315046462
0.0359477124183
0.0972222222222
0.0404304377563
0.0444094781209
0.0342984799464
0.0326797385621
0.0507016126961
0.0371309717935
0.0275035854245
0.0241903712332
0.0388888888889
0.0314434508343
0.02147177675
0.0494474465817
0.0637565228116
0.0424471883646
0.0257715111935
0.0196574839697
0.0504519408833
0.0549450549451
0.0178986943303
0.0178214146892
0.0430235928462
0.047619047619
0.0335977571334
0.0516135095319
0.0415512465374
0.0769230769231
0.070421412277
0.0611985017414
0.0349030794797
0.0776908035151
0.0460028115788
0.0604449073455
0.046875
0.0175968135548
0.0192796666566
0.0307153587974
0.0210080420768
0.0576854789004
0.0659340659341
0.038052433195
0.0455867767926
0.046439628483
0.0690629159706
0.0381712044084
0.0298967252008
0.0576378211712
0.0323940469061
0.0193152913556
0.0614924213284
0.111111111111
0.0411764705882
0.0727272727273
0.0368421052632
0.0478896361818
0.0597424844428
0.0331653548093
0.0246894785315
0.2
0.0662267152429
0.0349531288019
0.0284977731977
0.0393803180686
0.0514705882353
0.0684888699184
0.0377248693059
0.075
0.0553495107805
0.08
0.0568320482994
0.0564024221722
0.0446205812506
0.0345941233834
0.0860470252631
0.0318984353821
0.0311111111111
0.0324869538606
0.0368302120054
0.0649037423341
0.0214890009849
0.0272661114608
0.0391278456272
0.0442920493982
0.0355178366325
0.0380852459943
0.0269838196889
0.0230082276447
0.0174765238418
0.0263817556776
0.0396825396825
0.0429637902836
0.0203025998021
0.0449454622024
0.0609255189563
0.0358780443669
0.0458782855123
0.0304487179487
0.0705631478648
0.0406292874374
0.047619047619
0.0972222222222
0.0859025814457
0.0369996780562
0.0629370629371
0.038062283737
0.0504009215406
0.047851345647
0.0380559523688
0.0299709766273
0.0297619047619
0.0283911048049
0.0268229941126
0.0326591969377
0.0483949768464
0.0483600571797
0.025
0.0218503448806
0.0653841231572
0.0384615384615
0.0284586752882
0.0234583171374
0.0497737556561
0.0535714285714
0.0408457954352
0.0608335763536
0.0447368421053
0.0549450549451
0.074690730562
0.0620420360839
0.0338383129432
0.0776908035151
0.0538717739941
0.0692364725972
0.0576923076923
0.0205636946592
0.0231883909051
0.0419259620217
0.017522681085
0.0666666666667
0.0604395604396
0.0374185572927
0.0625369300683
0.045321174607
0.072907896354
0.0455060295541
0.0286042802527
0.0606446328636
0.032674650938
0.0307954810033
0.0559440559441
0.0683740293233
0.0333025615321
0.0606060606061
0.0328406125757
0.0359721400685
0.0525923424845
0.0266037823941
0.0286074175785
0.132626894105
0.0463364845684
0.0329285888652
0.0253804136575
0.0337165207628
0.0220588235294
0.0684888699184
0.0303667698766
0.0545454545455
0.0470161774472
0.0781248895735
0.0397854073684
0.0338625586706
0.0333429151963
0.0391322795815
0.0879045602163
0.0319735751096
0.025
0.0255839333689
0.0340909090909
0.0937498500381
0.0180880944136
0.0283088406427
0.0295571782345
0.0444444444444
0.0426825430047
0.0298728959176
0.0328200376556
0.0198409323661
0.0150415445177
0.0186839164584
0.046414890778
0.0437282564343
0.0143240697081
0.0436192005332
0.0491831624813
0.0256659498198
0.0402016419943
0.0267558528428
0.0746179441894
0.0274509803922
0.0481481481481
0.0987654320988
0.0859025814457
0.020979020979
0.0545454545455
0.0226255229157
0.0460681744919
0.0481191001207
0.0243570901087
0.0277628104485
0.0384615384615
0.0225672541577
0.0233333775449
0.0570547460558
0.0457096175977
0.0482535487028
0.0272072781489
0.0207876093485
0.0550384809636
0.0461237396783
0.0250048060827
0.0168219976893
0.0356486785325
0.0357142857143
0.039223119158
0.0574505492222
0.029409950255
0.025641025641
0.061818316843
0.0617283950617
0.0272206145149
0.0994442276878
0.0512787418631
0.0584996450836
0.0580357142857
0.0231013575145
0.0254926046199
0.0283178258901
0.0190833032183
0.0714285714286
0.0659340659341
0.0415117453036
0.044485352258
0.0490196078431
0.0274273871942
0.0472424145968
0.0346172607588
0.0680017838079
0.0318977203382
0.0231514400815
0.0461538461538
