0.183964892537
0.0921480665219
0.1423557463
0.0770224862794
0.0752489265637
0.112947415545
0.120269139646
0.0718264491914
0.2
0.112553593028
0.10227911178
0.089937873115
0.146772226094
0.0914242323619
0.104077885485
0.0875445632145
0.116023280867
0.13967520191
0.101292526213
0.124554162901
0.124343565551
0.0837162474696
0.092423935895
0.15920913978
0.0936279118887
0.0947637704439
0.107058517909
0.0767565565637
0.150567511449
0.0731524793419
0.0752737442931
0.101471357772
0.149825852748
0.0949861741968
0.084788124453
0.0725056354595
0.0816012353209
0.0733141938162
0.12705136174
0.129088094417
0.110209515504
0.0816938597527
0.114354355235
0.116289164056
0.0912411856095
0.111996701633
0.0717370015237
0.110468190737
0.152594494623
0.110985317043
0.153876645027
0.141730764403
0.117450567919
0.108104080786
0.0979764073221
0.122647680361
0.0882237314432
0.0984106201683
0.114316497307
0.087377574504
0.136577744881
0.0831548321946
0.104613648054
0.080202048632
0.0706380558525
0.0915958457212
0.0927020294634
0.129211004429
0.120743508714
0.0966379813695
0.0790890657272
0.11725455869
0.145276785006
0.104259778322
0.0966669209474
0.0732636332302
0.148778307363
0.125771295289
0.153652673197
0.10108391792
0.17093469211
0.101843621785
0.0988639118192
0.150285721393
0.112203177881
0.0547840958244
0.115943780485
0.0869727890919
0.104946224253
0.114446669761
0.0889078257255
0.135450925328
0.0851677501065
0.125460761147
0.0884217062192
0.0974887665023
0.161466171749
0.101981886658
0.0937819174664
0.208852341837
0.174261276096
0.0993549735102
0.141699465784
0.0733189113506
0.080037291123
0.114542503824
0.113079511223
0.0674506412923
0.191103127813
0.112553593028
0.0990699859393
0.0917736486163
0.14122768989
0.08874587725
0.0963260885182
0.0959818226027
0.13323642113
0.134033146025
0.11427980652
0.134928228062
0.128394532605
0.0710541581942
0.0924496650382
0.171763440215
0.0905550162609
0.0942583082929
0.103181905802
0.0812060078648
0.168725590704
0.0738767683179
0.0760166065262
0.102409167855
0.138068664798
0.0938351024391
0.0862064675647
0.079832080535
0.0811819103742
0.0689732959229
0.137080962564
0.132628539454
0.106288285521
0.0737202745253
0.10046405409
0.112247135294
0.0905032645963
0.107266150231
0.0609215459232
0.131453203939
0.148684065875
0.11819141248
0.155272316564
0.15121827942
0.099760613585
0.136977736791
0.0847837914753
0.111826571482
0.0988748891888
0.104628759039
0.100780002731
0.0826529603018
0.138229861403
0.086758185021
0.0951729346868
0.0904496804049
0.0765343726709
0.0755916750238
0.0952643958461
0.12831283624
0.115327722206
0.118872557958
0.0867784692396
0.11170189023
0.135282488844
0.103725906898
0.108527170287
0.0737384603997
0.140467531514
0.119309597685
0.142135482654
0.0931047323916
0.178862582748
0.0930588050742
0.12427570228
0.141709587178
0.101208190974
0.0516786503185
0.10720598954
0.082844656691
0.0994417662845
0.117346444933
0.0862100981681
0.14648456418
0.0883894714855
0.122871463212
0.0916884948508
0.0928961252783
0.179005343793
0.0984437925127
0.0944953684199
0.202700477235
0.160911749719
0.0974387400041
0.136059304509
0.0822793244403
0.0874122852524
0.12280146693
0.110989890731
0.0706514300242
0.2
0.113312071393
0.106963162922
0.0928210874622
0.143295698024
0.0849967309392
0.0822308980983
0.0806685414595
0.0964169176648
0.127405857479
0.0878333391135
0.141385080137
0.114053709917
0.085972568465
0.0897287865285
0.171846567221
0.0897146199337
0.0875427853129
0.0933109576101
0.0838638997728
0.167352699411
0.0670098040082
0.0821468582319
0.091908782634
0.144360253339
0.104956157189
0.0864962478526
0.0834656758043
0.0868269221067
0.0604946656565
0.12534873537
0.126222304435
0.106557018428
0.0750035904541
0.11581798481
0.113722250789
0.0909942239304
0.100185938368
0.0657011441753
0.141727449441
0.133365735213
0.114843449675
0.148179261333
0.155932796163
0.0831719479937
0.111164811496
0.101670457849
0.120961941264
0.116571605379
0.0886098584663
0.111776563834
0.0902031518789
0.128574167662
0.0894616044567
0.0885227908049
0.0981786657316
0.0833016777929
0.098509929508
0.10915389769
0.106571724738
0.129917041532
0.12375226631
0.0834835824786
0.112012040927
0.140417693918
0.0867957426633
0.0928674237319
0.0614769946885
0.108590935912
0.101431049787
0.153888385248
0.0976154240236
0.17892436118
0.119717758391
0.120116050278
0.157474206106
0.105250850362
0.0637573027296
0.114943428147
0.0854313978688
0.104337609737
0.111196896488
0.08937666859
0.116516313904
0.094899848921
0.115580315806
0.08668087428
0.0949482796914
0.142648139691
0.101767485965
0.090071939671
0.152267087374
0.155216044136
0.0966332537529
0.157923915551
0.0835289636587
0.0852912835082
0.127797986216
0.131772316929
0.068231005602
0.2
0.114744335386
0.113412081706
0.0897668485893
0.140208540584
0.0911343617867
0.0915965978663
0.0958095823336
0.116023280867
0.134033146025
0.10953744175
0.153816414527
0.134842304818
0.0822108059096
0.0853345256289
0.170008794221
0.0978530586615
0.102419720923
0.0884200674461
0.0839553597395
0.155218065972
0.0703004452272
0.0767025998572
0.108142006387
0.110314034463
0.0930441721773
0.0860256860843
0.0717154393508
0.0767730788357
0.0704614499362
0.131327332505
0.129737478796
0.105555611064
0.0777555518113
0.120964967651
0.117294921862
0.0913089395795
0.108429862265
0.0701805143186
0.140138933496
0.148386079977
0.104703689345
0.156365160271
0.14328277614
0.101477107759
0.115242824787
0.0985832163433
0.116063054621
0.0901821576449
0.105273292513
0.102581156573
0.0889955160788
0.126913260055
0.08686521172
0.110003166849
0.0914911693753
0.0743326268964
0.0932592987091
0.0940959744008
0.113992654208
0.123798862783
0.102432724708
0.081685104842
0.109812671505
0.137107467905
0.0996283373453
0.106026716622
0.0712322095134
0.145956264842
0.134918123964
0.144339866855
0.0975545211379
0.175129932403
0.101635896703
0.127592610705
0.1616757776
0.105181179591
0.0617427779083
0.117624888992
0.0875263929064
0.0987654315729
0.116814676868
0.0948698564878
0.139985756516
0.0883337574091
0.131057689399
0.0914709515981
0.0913964626912
0.182174932264
0.107352135723
0.0884016181273
0.195585994292
0.183964892537
0.0958865559856
0.146621420799
0.0765191746375
0.0881704990495
0.117563624628
0.127215228216
0.0671311231968
0.2
0.122804927485
0.111654145503
0.0897896508738
0.141199708768
0.0881666013179
0.102860100132
0.105097637798
0.116023280867
0.123148793886
0.0928700515148
0.132617890277
0.128000656012
0.0932183002798
0.0843057244531
0.161819222166
0.0906947934063
0.100317787258
0.102508241233
0.0831533373079
0.183235389014
0.0694759212386
0.0719446481543
0.107007142046
0.154278464562
0.0959858064035
0.0916145334905
0.0741174593855
0.0914969618823
0.080227629316
0.135382669884
0.132770741078
0.111710833513
0.0772476099199
0.115036528827
0.11271883261
0.0959171049876
0.111937950626
0.0679170306191
0.12788336068
0.153605232245
0.110931542956
0.136724264444
0.14328277614
0.108603005813
0.13216837382
0.104534559457
0.12075864262
0.0914002593983
0.104365813212
0.109557645814
0.0832264405665
0.132432346897
0.0873578287389
0.103177430932
0.100938556048
0.0759100782711
0.0940673157806
0.0966779239835
0.11776236542
0.119031781437
0.101347731314
0.0833886206344
0.118928122315
0.125242912644
0.0929715554536
0.106915543424
0.0727818663688
0.147777564038
0.134918123964
0.126692736379
0.0973866684548
0.152826418004
0.101708789094
0.119834740058
0.154176870974
0.108333923937
0.0605458317065
0.110514411918
0.0846855454213
0.105765920252
0.116631199082
0.0906717475002
0.160789659089
0.0871269442926
0.131782091301
0.0935695132087
0.0865303101252
0.166375540023
0.106022288176
0.0945354899546
0.203937215683
0.174261276096
0.0993647361867
0.147171712101
0.0784836514107
0.088980841054
0.122049853369
0.122941914247
0.0693677313855
0.2
0.125938733715
0.112842557498
0.0887192244873
0.146192684821
0.0913900018392
0.0951973392047
0.0967830124967
0.122514364758
0.134033146025
0.115866451689
0.131042845972
0.126756208335
0.0994015830513
0.0908861146074
0.177932269581
0.0876859685735
0.0934278387048
0.100501176575
0.0811929310385
0.154988608153
0.0735891045756
0.0837676959759
0.0982212835603
0.130488715647
0.0943233161468
0.0951905547657
0.0754569163214
0.0747788961413
0.0717931250347
0.138521031738
0.125173759596
0.107593881727
0.0720104411468
0.12132942234
0.114801006783
0.0943007669912
0.102060354745
0.0721516981578
0.140138933496
0.149992345991
0.10948788148
0.159095536549
0.135883998422
0.105310042515
0.117467312662
0.100123846426
0.118925531661
0.0888242693491
0.114073590389
0.101219575469
0.0867530450908
0.124638449609
0.0877798491663
0.110003166849
0.0847588165423
0.078583090805
0.0917171564806
0.0870512234161
0.114666852526
0.126422413297
0.0991667233999
0.0841279564407
0.125271411783
0.145276785006
0.0977445255109
0.106915543424
0.0763352001347
0.139114126174
0.134918123964
0.133952107317
0.0982540891621
0.174028750426
0.0933324851188
0.126757643163
0.156954811592
0.111374198907
0.0566930844335
0.121256408417
0.0837569495865
0.106149811088
0.116443219551
0.0948698564878
0.144976638835
0.0901891830318
0.131150519156
0.0904003648495
0.0924554766326
0.182174932264
0.106710352713
0.092252386185
0.189702385245
0.185679950824
0.102808580844
0.154074933891
0.0730622112554
0.0929013050196
0.123136982773
0.125448867385
0.0740376276668
0.2
0.120176323054
0.111194454299
0.0855523616692
0.13595328552
0.0887902791258
0.0867090222552
0.0975583249156
0.116023280867
0.13494427826
0.11427980652
0.145850392769
0.118331394149
0.113879734286
0.0950394477309
0.152630661598
0.087270527974
0.0877214079603
0.0939328721551
0.0797556095233
0.175654402163
0.0698002377453
0.0739171576836
0.10301682153
0.159161351123
0.0895640897591
0.0915523476533
0.0752586331508
0.0857815061232
0.0751187090818
0.131459839699
0.141656558991
0.102147815367
0.078590715813
0.115781487726
0.113235229614
0.097837318923
0.101361963179
0.0734337775767
0.149508644215
0.151371948345
0.105873858887
0.159095536549
0.135883998422
0.110401354892
0.14035263481
0.104794417888
0.10469576028
0.0856639423097
0.105870981812
0.10456724099
0.0762122183992
0.14076842994
0.0882780117833
0.0855198911949
0.0849468472975
0.0686169697823
0.0884891783793
0.0986782971523
0.125807770616
0.103161004427
0.107225370701
0.0821771000547
0.127893844723
0.142595718619
0.0987320217034
0.0995363383013
0.0739054840331
0.144963810865
0.113860971701
0.143250892793
0.0989290253598
0.150668143022
0.103289487892
0.123074464068
0.161314764366
0.10458242874
0.0540462608321
0.111805579519
0.0824922264187
0.10401344026
0.117503316083
0.0887845111424
0.147224572313
0.0940350495659
0.131471599584
0.0913814197766
0.0917212903094
0.166896203031
0.107024274439
0.0926828059419
0.202700477235
0.174261276096
0.104460733311
0.14934201499
0.0800548608739
0.0854853002824
0.120736887017
0.123594515803
0.0686797222533
0.2
0.130931964879
0.111626854509
0.0879330568939
0.144147784551
0.0879976178217
0.0988370280959
0.0973995473572
0.127513096359
0.127192059822
0.108931927689
0.131600158897
0.13795503142
0.088976477821
0.100219770864
0.185356842744
0.0785721444308
0.0945338550408
0.111065081608
0.085026364645
0.175843267731
0.0639306341856
0.0763631959269
0.0984927323119
0.11690450973
0.0904925237661
0.0940381705619
0.0754765572639
0.0881561217113
0.0765793468175
0.127898113295
0.132131009678
0.105395223905
0.0717973523395
0.120347583148
0.116945100311
0.0917350150822
0.108556206743
0.0693726939413
0.129434424675
0.150777937804
0.116209406266
0.170532256635
0.135883998422
0.105736196704
0.155401456046
0.102636428816
0.112693015476
0.0991277130914
0.101549305877
0.104725331164
0.0914890551985
0.126415512412
0.0867512377733
0.111722177362
0.0890743049461
0.077718226474
0.0968959785911
0.0897976391747
0.117951550271
0.112744352074
0.10406651978
0.0846090081683
0.117388710283
0.145276785006
0.10220128563
0.110906539424
0.0740155978934
0.148778307363
0.126720612047
0.147963251051
0.0957672934461
0.157352707541
0.0995017391285
0.108521993207
0.165116237345
0.107048923688
0.0615273653439
0.126387715484
0.0824355538061
0.10720006031
0.112939979591
0.0889230125246
0.16617000403
0.0857642877644
0.122865936228
0.094499021121
0.0865588137122
0.174423007274
0.105135425543
0.0973613874586
0.191093097465
0.174261276096
0.0894841870743
0.139628186957
0.0753627758009
0.0863907868153
0.117563624628
0.118840075303
0.0745468426011
0.174569722322
0.139478920404
0.108636013889
0.0891733011625
0.148155238076
0.0894362741297
0.0971566897905
0.0965062356319
0.116023280867
0.132757733078
0.104280928609
0.153816414527
0.12751718009
0.0883154617977
0.0945598019279
0.130147242265
0.0892433972437
0.0962515134668
0.0936734893504
0.0766447616516
0.200454880376
0.0672800275135
0.0765611652481
0.0875475932792
0.150330522112
0.0916007030177
0.0876026276527
0.075436597442
0.0812729114349
0.0725953407029
0.13724601112
0.141270797465
0.101675785786
0.0762714328963
0.113132811702
0.109816883671
0.10121615529
0.109637825385
0.068559584355
0.113536215036
0.14726080614
0.111734476022
0.152446050697
0.158839571756
0.0986642955776
0.125698513524
0.0960087043862
0.111806963859
0.0876704223357
0.116913453597
0.10319640181
0.0853604525634
0.125864290803
0.0830421111879
0.100648899164
0.110555597154
0.083849229665
0.0954348082174
0.0893934221995
0.0908840293193
0.104689563663
0.100379815824
0.0899737437081
0.105977717756
0.145276785006
0.110191309419
0.09378122071
0.0729103444893
0.151649396653
0.112964711557
0.132338238906
0.0979365058881
0.174757580303
0.097491612376
0.118235738569
0.144801501443
0.104317216236
0.054037262454
0.119939998678
0.0710366755511
0.10427380958
0.115213340941
0.0916442191763
0.150209706853
0.0883265127356
0.109072774773
0.0878429243938
0.096759939694
0.158238213694
0.121162595396
0.0900384277212
0.167495558983
0.168780403465
0.0939359660321
0.154215547632
0.0723886110218
0.0838940012444
0.123457870417
0.126539849653
0.0637460949078
0.174569722322
0.120913866608
0.0976641068084
0.085808648838
0.12562502991
0.0964296496818
0.100129791273
0.0934297514263
0.103749310669
0.127192059822
0.108937752767
0.147171635229
0.106376976069
0.0919948822117
0.0870721749637
0.147619509966
0.0859017705202
0.0840768949939
0.0948832504173
0.0811312176055
0.132385343478
0.0720702927832
0.0723332550854
0.0966994419592
0.135780833283
0.085248996712
0.0910383200326
0.0737889673974
0.0755310926845
0.0714689736774
0.134768945373
0.141638864493
0.0967351811777
0.0787115129958
0.115387409286
0.111381908635
0.0991187037165
0.0903560364916
0.0708573167516
0.114608499675
0.144256730254
0.0950583658794
0.170532256635
0.103908723022
0.109753731405
0.107868144528
0.0927088414786
0.103421483711
0.0863384541535
0.0795936907945
0.100414142712
0.0883937310745
0.136257572591
0.0871267257703
0.0987285514777
0.0926458836937
0.0732271519745
0.0855169850265
0.091411210385
0.098954571853
0.118813891232
0.0927576838242
0.086335458008
0.117870932504
0.133232405533
0.102496454078
0.0948578623925
0.0751476490535
0.150075416854
0.115873448982
0.144166868089
0.095987752072
0.149155121397
0.0953117462175
0.111527364261
0.151222982149
0.104877859998
0.0595423621519
0.0971381756565
0.0912412440024
0.100229278217
0.117503316083
0.0923061158478
0.159576121405
0.0930511367446
0.134397298869
0.0878377387749
0.0965295645195
0.159314932697
0.11457115339
0.0845024356762
0.201319918078
0.183964892537
0.0957893179268
0.1468525767
0.0752133514538
0.0870723333631
0.123787231649
0.120199900647
0.0717874061107
0.2
0.113552803785
0.10675467902
0.0900745518085
0.150363179602
0.0918042485896
0.0991190455555
0.0971707934144
0.116023280867
0.124210602089
0.11427980652
0.141384687002
0.130645784967
0.0952511206378
0.087807162134
0.148709990393
0.0901581113505
0.0874419332343
0.103259120531
0.0894671258832
0.146006064987
0.0698030189525
0.0702135771254
0.103031191494
0.121670323499
0.089116227255
0.091888610688
0.0754794225147
0.0805248370432
0.0686463588077
0.136732748407
0.115941211131
0.105337435184
0.073462960965
0.122108895307
0.111886760124
0.0974627905405
0.103034375794
0.0723495281461
0.128630180068
0.144163592221
0.109434107393
0.170532256635
0.155932796163
0.117559703728
0.12905260765
0.098404974745
0.109573858934
0.0876226135449
0.099867492886
0.10699347696
0.0744337667186
0.128360175386
0.0904498402302
0.0869477740152
0.0873934718395
0.077718226474
0.090442071801
0.10142460662
0.1059565734
0.106150640982
0.114251581556
0.0810194487381
0.127616336784
0.145276785006
0.0969207652503
0.106915543424
0.0739054840331
0.136616485014
0.122899638655
0.147963251051
0.0989549717093
0.158275219866
0.10042240652
0.114864527342
0.172572877787
0.0990301209845
0.0580357457066
0.111629046193
0.086045405908
0.105765920252
0.113400833679
0.0911894618401
0.162844315325
0.0886413031277
0.132829618323
0.0932098858451
0.0834788032065
0.151066510537
0.103706206296
0.0905258346779
0.191093097465
0.119017218194
0.0981296928115
0.124134783354
0.0726964357285
0.0809355200371
0.126037902376
0.119449470758
0.0711504059065
0.174165917446
0.0950237689263
0.108081338241
0.0889529122538
0.132167592029
0.0710019250106
0.0975040731841
0.0808841223179
0.111029626347
0.12253925524
0.117118675766
0.141199975936
0.105279751546
0.0854651923552
0.0995386414472
0.148663798124
0.0945114654043
0.0935301687877
0.0818548521404
0.0853665504039
0.169930458884
0.0743114116712
0.0813657571597
0.104674160843
0.114852620773
0.093002066234
0.0915429148145
0.0824442917024
0.0896939227319
0.0674504953663
0.11858959817
0.132558695348
0.115196773241
0.0739593152654
0.112487505224
0.11042153621
0.0897290225609
0.102512647485
0.0689219383554
0.130351581326
0.132326712169
0.107443517263
0.156658286503
0.157974688205
0.0810749778682
0.118613872342
0.081907213175
0.113655228159
0.112421622023
0.100348616559
0.107252495216
0.0853925888776
0.135383144936
0.0847745389685
0.10292818699
0.0941456530694
0.0782895989612
0.109040753283
0.0870587425148
0.0967572907135
0.109579326253
0.113455814362
0.0798902578981
0.120679672331
0.129576449546
0.106393633685
0.0978794369303
0.0677035792422
0.119008817335
0.105503953004
0.140907331354
0.0993284415903
0.175560935518
0.100792370442
0.106797970647
0.150079450268
0.114673859588
0.0607865152412
0.110412444517
0.083345935725
0.111841828834
0.117503316083
0.092502723591
0.143019622378
0.102377620993
0.120582147069
0.092370103139
0.0928089696501
0.155524305548
0.107544500899
0.0802450270014
0.162005468539
