0.124956203327
0.0371204837269
0.0636363636364
0.0402084977744
0.0386578289524
0.051712076507
0.0416338129482
0.0234747901229
0.2
0.0662267152429
0.0405458292752
0.0359091203307
0.0517223924162
0.0441176470588
0.077745095445
0.0294995747561
0.075
0.0682072577174
0.0787317696093
0.0515586457662
0.0563535574773
0.032525282006
0.0348828340826
0.100476300185
0.039632418502
0.0449368417067
0.040085951814
0.0332510995536
0.0696466787013
0.0249870205099
0.0305874089129
0.0400338691381
0.0574191860357
0.0385471597513
0.0392164071731
0.0322217725362
0.0236704080993
0.0213369780672
0.0364945024845
0.0576129012759
0.0472215838655
0.0250805084834
0.0429671237698
0.0578394120842
0.046740839437
0.0666666666667
0.0286504767817
0.0529020569949
0.0559835174775
0.0515873015873
0.0833333333333
0.0646844772959
0.0638650461548
0.040467362615
0.0424957447862
0.0570621700305
0.0571638463957
0.0480281300295
0.0425155658183
0.0451264230619
0.0420638757177
0.0257864220922
0.0602274406305
0.0357844854782
0.0338144368488
0.0329003352421
0.0257162701237
0.0817151558455
0.0532544378698
0.0303308464707
0.0232848638342
0.0396815930131
0.0594363699531
0.0586661165609
0.0567558338734
0.0441213892864
0.0710059171598
0.0731193482399
0.0732832875179
0.0440676515998
0.0892857142857
0.0599495328956
0.0510710454978
0.0539547288609
0.0263106216952
0.019946235826
0.0366641918565
0.0233424175564
0.0625
0.0640962069325
0.0420337196181
0.0438781944458
0.0434496109319
0.0531920716745
0.0446522088467
0.0424409111288
0.0585569406159
0.034969990147
0.0243411346313
0.0698912251141
0.1164061362
0.0423076923077
0.0656406395935
0.0419285747134
0.0428671332243
0.0597919789111
0.0383294841651
0.0279213823161
0.181717185297
0.0662267152429
0.0410428252204
0.0405220259307
0.0479732084102
0.0415224913495
0.0717014712937
0.0303551932965
0.0863543919416
0.0682072577174
0.0908585926484
0.0544017905244
0.0594915239151
0.023841765121
0.034541093601
0.101380021574
0.0393828826185
0.0517512275521
0.0484817039168
0.0351239669421
0.09257654921
0.0254266680546
0.0337359966067
0.0401207351657
0.0510392764762
0.0343634456926
0.0359351983872
0.035534917844
0.0272086395
0.0193148383949
0.0418370728947
0.0473754669437
0.0449836881478
0.022943553446
0.0430909924427
0.0598705398757
0.0435628995629
0.0578935299928
0.0246908267015
0.0592421753278
0.0496221871136
0.0515873015873
0.0833333333333
0.0785733661848
0.0393875265962
0.0655394374901
0.0456901589558
0.0551628263025
0.0512035555549
0.0448901857865
0.0360295661357
0.0447013105733
0.0362828309536
0.0285724348958
0.0503831273458
0.049131103957
0.0444140008048
0.0247013078836
0.0271705519156
0.0765285137704
0.0432692307692
0.0312341016633
0.0248682617016
0.0440416294036
0.0518526633255
0.0614559965276
0.0652258511099
0.0355855523611
0.0598290598291
0.0682804741517
0.0677066115498
0.03713402545
0.0908740226725
0.0503743806289
0.0648834214773
0.051530935859
0.0249037328723
0.0188609573475
0.043335254922
0.0228393548442
0.0593794603617
0.0659340659341
0.0402965967558
0.0622061876792
0.0428145222333
0.0695947150367
0.0439469353277
0.0355652410686
0.0706222630258
0.0343338530233
0.028323180177
0.0635374773765
0.121420843411
0.0350665032553
0.0685540969579
0.0434277559379
0.0490235416014
0.0558662473211
0.0392989176198
0.031807260609
0.2
0.0665362885671
0.04753620521
0.0379053403267
0.0463681456225
0.0423358987866
0.0584458246707
0.0259384042814
0.06
0.059873924384
0.0654459893344
0.0398073231891
0.0458916033213
0.0347985659486
0.0342342726768
0.108963798567
0.0393220648964
0.0272622068017
0.0367127127467
0.0337335961098
0.0843748650343
0.0231219874043
0.0325363099895
0.0308780636975
0.0615881070269
0.0501192436832
0.0400718495727
0.0320558058192
0.0233653317669
0.0178151385269
0.0278953415637
0.0690749899632
0.0432808598467
0.0203361891477
0.0530862926809
0.0593041959765
0.0437738026319
0.047839089733
0.0255077366484
0.0746179441894
0.0297725179195
0.0490450826532
0.0833333333333
0.0859025814457
0.0302724638642
0.0385653594339
0.0547413115118
0.0559297489935
0.0609291803611
0.0321501991478
0.0400412631669
0.0510872120838
0.0380550036055
0.0285066585654
0.0501988634025
0.0725924652696
0.0565447596985
0.0269684629929
0.0311840888168
0.0578323274508
0.0626848393674
0.043811376536
0.0191504873139
0.0379227464012
0.0430475491011
0.0328074331458
0.0588255731083
0.0312637514477
0.0362277531494
0.0571252647117
0.0535940109552
0.0398338366311
0.103027153954
0.0719091516428
0.0792450540878
0.0522544218109
0.0216938555768
0.0240210173659
0.0400676199004
0.0251399143203
0.052474866308
0.0608894894349
0.04526795296
0.0442868238255
0.0490196078431
0.0476674150978
0.0438291114837
0.0441202504225
0.0683442379215
0.0346157367642
0.0316179966389
0.0317687386882
0.0873046021503
0.0421836260995
0.0833333333333
0.0433063387325
0.0463959421701
0.0600872419938
0.0412522655176
0.0288911026703
0.2
0.0712801079098
0.0461005200891
0.0325645115149
0.0501538087925
0.0441176470588
0.0657843115304
0.0309945807047
0.075
0.0682072577174
0.081366674855
0.0699652102949
0.0619249275914
0.0341689224688
0.032785952296
0.10548547226
0.0401043690083
0.0530162757357
0.0411574972868
0.0382405059333
0.077385198557
0.0224949415268
0.0311109811944
0.0402316703406
0.0328049040039
0.0360279541545
0.0407847841853
0.0339970300059
0.0237887529422
0.0232968843358
0.037748580671
0.0505050505051
0.0405335243518
0.0240555232855
0.0485821887866
0.0598705398757
0.0458835704826
0.0591945109355
0.0310902458
0.0746179441894
0.0521891908139
0.047619047619
0.0793650793651
0.0673840629272
0.0442194658784
0.0466182411993
0.0430388271848
0.0519047434572
0.0427775743582
0.037008150232
0.0321279736899
0.0476813979448
0.0370396919377
0.0258000454282
0.0741711698725
0.0605205601672
0.0457262602893
0.0330003885369
0.0258410093088
0.0688756623933
0.0576923076923
0.0371243594225
0.0250613280463
0.0484150301067
0.0548643414952
0.0597515775091
0.0660832009591
0.0367765676604
0.067525672167
0.0915478359601
0.0732832875179
0.0386683041333
0.0998881759479
0.061133563525
0.0783545291662
0.0563592022484
0.026303626308
0.0262295047439
0.0484697801641
0.0282424255529
0.0546557661027
0.0650887573964
0.043678715898
0.042903608918
0.0450300903498
0.0733637690376
0.0488299281419
0.0381968200159
0.0652330257391
0.0395490504211
0.0305861584138
0.0599670599339
0.124956203327
0.039702236329
0.0661157024793
0.0383425004018
0.0469048095804
0.0612834227546
0.0522603150962
0.0320635265159
0.2
0.0805897955001
0.0474528545177
0.0337801208291
0.0510174687086
0.0477941176471
0.0776765939015
0.0327675486123
0.075
0.07
0.0740695846583
0.0551757179848
0.0573145417611
0.0394635752045
0.0343998312889
0.103161656747
0.0411111160188
0.0432338810264
0.0445040472222
0.0346698214079
0.105468581293
0.0253207621138
0.0298008222695
0.0423659493859
0.0636884132121
0.0406379326532
0.043061736229
0.0356317271994
0.030433381842
0.0280841988919
0.037748580671
0.040404040404
0.0485375318634
0.0255301855751
0.0471968128151
0.0530990202591
0.0433080279738
0.0601639997981
0.0316532356202
0.0652477360073
0.0507843197879
0.0515873015873
0.0606060606061
0.0673840629272
0.0431102992162
0.0629370629371
0.0535332962107
0.0538242244133
0.044423646442
0.0447104285284
0.0381671409281
0.0476813979448
0.0382845220566
0.0265788318293
0.0682195646373
0.0691043745784
0.0455153479338
0.036921192511
0.025900186686
0.0719225354729
0.0414201183432
0.0370431431635
0.0220204295162
0.0523400687101
0.04865360439
0.0472484307897
0.0648257060037
0.0417559899765
0.0705128205128
0.0915478359601
0.0622810491047
0.0442358204876
0.075
0.0511616048189
0.0766927584549
0.0626212730712
0.0288663545222
0.0250370032669
0.0387034410019
0.024741646967
0.0666666666667
0.0631800019332
0.0428756084624
0.0665109506573
0.0430551158767
0.067910324243
0.0480695979808
0.0315048999306
0.0689922412228
0.039872138908
0.0329996436319
0.0621989174218
0.1164061362
0.0421364739678
0.0808080808081
0.0407348448994
0.0518478427912
0.0656608100942
0.0450831139017
0.0293860569981
0.2
0.0795794425505
0.0490635832743
0.0311373919659
0.0517223924162
0.046218487395
0.0657843115304
0.0350488102811
0.067476117498
0.0682072577174
0.0898428807204
0.0551757179848
0.0512912516425
0.0442549102484
0.041771223708
0.116596583371
0.0371720037812
0.0419051646245
0.0422737246275
0.0363636363636
0.0741607025559
0.024053471288
0.0371636726558
0.0404402063215
0.0417594080259
0.040539745733
0.0474449481848
0.0338475610372
0.0239560683139
0.0235227331812
0.0423643020409
0.0410087806158
0.045440428684
0.0231296678073
0.0512811992747
0.0555940727417
0.0431001962346
0.0526306555266
0.0325034387909
0.0746179441894
0.0501333727968
0.047619047619
0.0833333333333
0.0580521010366
0.0425801386113
0.0513168439993
0.04377505375
0.0594061206335
0.052474710608
0.0476958223981
0.0351886134992
0.048886958317
0.0323971388529
0.0256530139361
0.0741711698725
0.0561976630124
0.0483600571797
0.0333804168841
0.0228980787994
0.0688756623933
0.0550880631608
0.0355616440657
0.0245080438999
0.0534791214186
0.0594363699531
0.0573589300924
0.0648257060037
0.0411623627178
0.0591945109355
0.0915478359601
0.0565201603698
0.0408520913634
0.09375
0.0519423086212
0.0773651066323
0.0531723290402
0.0302346719978
0.0235795107179
0.0400620007505
0.0257625569164
0.0624637326888
0.0650887573964
0.043678715898
0.0429754184484
0.0450679181403
0.0728168642451
0.0429819749255
0.0381968200159
0.0652330257391
0.0369923540699
0.0329996436319
0.0676830558886
0.150673883584
0.0442522976204
0.0681818181818
0.0398222676664
0.0415250052317
0.0601002313796
0.0450074973968
0.0326856816516
0.2
0.0735852391588
0.04193910174
0.0325865027729
0.0423361329597
0.0392156862745
0.0597422390282
0.0337279925516
0.075
0.0744079175099
0.0908585926484
0.0568320482994
0.0505677953278
0.0455161148319
0.0318447329003
0.0932176107017
0.0335903287581
0.0398086365785
0.0394150057883
0.0301229879284
0.102083063402
0.0231432884865
0.0295784636268
0.0422579729791
0.0691875725423
0.040539745733
0.0453864357431
0.031617014433
0.0257932339854
0.0251476725662
0.0353762798182
0.0606060606061
0.0363774795995
0.0244560663543
0.0439390794385
0.0563322456701
0.0486273163961
0.0591945109355
0.0369965693347
0.0748510313817
0.053082394726
0.0442579399752
0.0833333333333
0.0580521010366
0.0481102679643
0.0699300699301
0.0506954689749
0.0504835596726
0.0497128837339
0.042048082019
0.0387074748491
0.0352358484951
0.0453963067036
0.0285260858425
0.0352514709081
0.0419429518877
0.0391473129208
0.0316235528376
0.0319480448546
0.0719225354729
0.0472183398521
0.027839536445
0.0245855086704
0.049145164919
0.058346169819
0.0377223905459
0.0577280285595
0.0447368421053
0.0633736530662
0.070421412277
0.0679028926786
0.041132176816
0.084010762613
0.0597829349171
0.0745594672903
0.055494854002
0.0239878963549
0.020293430809
0.0497370184162
0.0209710590133
0.0663265306122
0.0659340659341
0.0432997810922
0.0574210963193
0.0483221320753
0.0692083878335
0.0433485019452
0.037738458465
0.0688133508724
0.0395490504211
0.0299950551421
0.0635374773765
0.1164061362
0.0455053967408
0.0743801652893
0.0423247344993
0.0485439237561
0.0564107714056
0.0424209670748
0.0270696660707
0.2
0.0884055774799
0.0452714923859
0.0306942615642
0.0513639519142
0.0484429065744
0.0754113411417
0.0358310431793
0.0797445024976
0.059873924384
0.089810886576
0.0532985436282
0.06241068772
0.0330785471978
0.0413775304744
0.117206080288
0.0307365170072
0.0406778505534
0.0415063171369
0.0341796066786
0.0643929891766
0.0237539048088
0.0325182135738
0.0405199143373
0.0460735455443
0.0393386769997
0.0486121750886
0.0336396838592
0.0276616700331
0.0223950631523
0.0343594292213
0.0420641632631
0.0382816618878
0.0215670208766
0.0491920876191
0.0612681002989
0.0456038015574
0.0601639997981
0.0355167065613
0.0678344947176
0.0496221871136
0.0555555555556
0.0972222222222
0.0580521010366
0.0425423955712
0.0727272727273
0.0525295186485
0.0529638194979
0.0469109200522
0.0395746654296
0.0347868836624
0.048886958317
0.035952977355
0.0246876619059
0.0748062253457
0.0498423816651
0.0483600571797
0.030832548924
0.0218037446125
0.0653841231572
0.0461538461538
0.0298942099545
0.0239208343569
0.0428220421284
0.0594363699531
0.0539982066168
0.0678938655729
0.0414609765224
0.0710059171598
0.0729488192292
0.0732832875179
0.0373175364488
0.0917262050983
0.0599495328956
0.0613866360059
0.0601194251688
0.02535005046
0.0281422412327
0.0396023879806
0.0260907658512
0.0666666666667
0.0589680018043
0.0408105543471
0.0746478579742
0.0382037518153
0.0680852865721
0.0471287928816
0.0339686129215
0.0602151006822
0.0394015594708
0.0289858568281
0.0635374773765
0.1164061362
0.0343202368007
0.0636363636364
0.0417224936765
0.0475303724894
0.0612834227546
0.0480973653057
0.0299191252569
0.16
0.0968747233993
0.0398279078984
0.027593122858
0.0554377335147
0.0470588235294
0.0690913132759
0.0289442846534
0.075
0.0682072577174
0.077310886576
0.0699652102949
0.0664678660959
0.0422258819865
0.0347902280461
0.0648320735963
0.0334117814459
0.0500650468349
0.0321581148002
0.0291517113208
0.108115614873
0.019173480694
0.0309991071013
0.0343892015706
0.0621250195794
0.046835313631
0.0355024813729
0.0327236823488
0.0233060793361
0.023729420409
0.030771595603
0.0624570656963
0.0395563112622
0.0247163731744
0.0448342940222
0.0510116900425
0.0498536671778
0.0622222222222
0.0348338715863
0.0585048513734
0.0452057925236
0.0488098594093
0.0800668842989
0.103083097735
0.0367725203089
0.041958041958
0.046359923839
0.0522166375685
0.0502817452456
0.0515389659187
0.0309595792726
0.0399692563964
0.0379414008208
0.0205934115823
0.0649488436812
0.0743826099469
0.0522663071797
0.0300513472294
0.0259191664296
0.0513732396235
0.0384615384615
0.0325613601
0.025270308775
0.035348872797
0.0594363699531
0.0597719506809
0.0510255174223
0.0443331619635
0.0705128205128
0.0654069711163
0.0609359503948
0.0370697627698
0.1
0.043005581982
0.0744072310011
0.0506871616943
0.0242302130615
0.0202567847639
0.0455562398547
0.0189189354673
0.0619047619048
0.0631800019332
0.0465415909784
0.0676548509811
0.0433563053552
0.0463449970355
0.0446650291137
0.0349132225335
0.0484546773499
0.0449172658045
0.029970989637
0.055632544821
0.118587449655
0.0375218276314
0.0826446280992
0.0376518636466
0.0415768489123
0.0537622691523
0.0465158428911
0.028725396612
0.16
0.0715443552214
0.0359724625125
0.0325616905613
0.042922650619
0.0507665003348
0.0723976853776
0.0332427824963
0.0611530707534
0.059873924384
0.0867959711792
0.0644096547394
0.0452154485698
0.0403684192609
0.0337192986349
0.0876309526392
0.0332591612779
0.0370243820533
0.0441461259787
0.0343255973183
0.0703123875286
0.0223028405552
0.0295784636268
0.038531089809
0.0524144197643
0.0367835909078
0.0426997924594
0.02864087768
0.024960830401
0.0228861699865
0.0360734413433
0.0610655017317
0.0353074047449
0.0238009519457
0.0428276450522
0.0591004484532
0.0379515408467
0.0446871248206
0.0310902458
0.0582174688524
0.0382948029874
0.0359477124183
0.0972222222222
0.0464629892276
0.0481590262546
0.0407707954526
0.0397381235754
0.0529638194979
0.0424432133806
0.0306774531173
0.0311543389933
0.0476813979448
0.0397866421169
0.0240620675003
0.0549813697383
0.0637565228116
0.0424471883646
0.0309950191512
0.0221385996027
0.0504519408833
0.0549450549451
0.0241728030929
0.0190433422342
0.0504900118693
0.0568698632597
0.0490167897796
0.056338414693
0.0415512465374
0.0769230769231
0.070421412277
0.069845618229
0.0382617240373
0.0776908035151
0.0490901137197
0.0652924933493
0.0511166377533
0.0211523893083
0.0209287276823
0.033535916167
0.0259416810278
0.0597265677441
0.0659340659341
0.0414956235467
0.0521223369521
0.048126065582
0.0736100869842
0.0409848533607
0.0335909311758
0.0602151006822
0.038697732367
0.0236917212512
0.0684530576415
0.124956203327
0.0426434127995
0.0727272727273
0.0395451714946
0.0496639160263
0.0642668980463
0.0477071530548
0.028022487872
0.2
0.0662267152429
0.0412828944953
0.0326942615642
0.0521149701089
0.0514705882353
0.0717014712937
0.0393034963247
0.075
0.059873924384
0.0908585926484
0.0568320482994
0.0651785896035
0.0446205812506
0.0361194116743
0.0860470252631
0.0356955558322
0.0335241316996
0.0401789830748
0.0379519674443
0.0649037423341
0.0246307076215
0.0292206220261
0.0433474760351
0.0518327387373
0.0387115403527
0.0470523472572
0.0309708048727
0.0264695061194
0.0220021960183
0.0405779556328
0.0396825396825
0.0452665767382
0.0227601789842
0.0512811992747
0.0642160015771
0.0441959505763
0.0484636647143
0.0329999470968
0.0705631478648
0.0461944376217
0.047619047619
0.0972222222222
0.0859025814457
0.0471877347793
0.0629370629371
0.0472352613624
0.0530048230102
0.0519412029245
0.0457996295141
0.0378917515291
0.032719002174
0.034848119245
0.0294671282348
0.0372047630772
0.0513737845305
0.0483600571797
0.0314630562703
0.0256971993033
0.0653841231572
0.0384615384615
0.0412092234316
0.024182223314
0.0544145413732
0.0594363699531
0.0537739969616
0.0648257060037
0.0447368421053
0.0579281847935
0.0781710487185
0.0732832875179
0.0407158750916
0.0852314928542
0.0553551612805
0.0768490069829
0.0629127849271
0.0217875550194
0.0238283712597
0.0452166122862
0.0216139546266
0.0666666666667
0.0631800019332
0.0410114515727
0.0713425057833
0.045321174607
0.0774550673676
0.0468667554499
0.0315048999306
0.0634366856673
0.0385338925767
0.0307954810033
0.0635374773765
0.0683740293233
0.0373479123323
0.0606060606061
0.035685945451
0.0392493629611
0.0571147550472
0.0376995559162
0.0315866496515
0.148139169317
0.0463364845684
0.0402347694414
0.0309439503312
0.0430868187962
0.0258294619246
0.0717014712937
0.0320267865426
0.0545454545455
0.0515405910507
0.0879963374357
0.0397854073684
0.0403765193001
0.0333429151963
0.0421505204661
0.0879045602163
0.0359216692714
0.0295244136035
0.0311356250716
0.0340909090909
0.0937498500381
0.0218300540404
0.0334769924371
0.0383441229339
0.0444444444444
0.0456988187404
0.0358937852399
0.0354190985253
0.0236268992149
0.0190899759928
0.0264960676572
0.046414890778
0.0455193125657
0.0168377896551
0.045504372868
0.0575013401631
0.0363925848552
0.0424638487961
0.0294180049973
0.0746179441894
0.0337777896406
0.0481481481481
0.0987654320988
0.0859025814457
0.020979020979
0.0593703347485
0.0306675791265
0.0460681744919
0.0530029746135
0.030393881034
0.0347340134469
0.0451264230619
0.0313514231226
0.0257201068103
0.0602274406305
0.0530444278968
0.0482535487028
0.0287566589902
0.0252117212469
0.0550384809636
0.0461237396783
0.0355624653588
0.0181098168482
0.0427463508058
0.0392332505433
0.0539982066168
0.0609991089112
0.029409950255
0.0387747875888
0.061818316843
0.0677066115498
0.031578236958
0.0994442276878
0.054822756307
0.0637281755723
0.0628639806751
0.0286846308124
0.0261051301998
0.0297830400388
0.0250285595152
0.0714285714286
0.0659340659341
0.04526795296
0.044485352258
0.0490196078431
0.0363093864727
0.0488299281419
0.0361212209594
0.0703949719253
0.0365286194515
0.0231514400815
0.0503302279417
