0.749737219959
0.732308393565
0.732458821125
0.789869781548
0.69653174592
0.805704525274
0.707060456669
0.661910053302
1.0
0.617616889334
0.724601194443
0.748199971074
0.818363757859
0.779168610049
0.774429164605
0.542076898241
0.825
0.761660629792
0.633333333333
0.788271128254
0.683583561457
0.519957243402
0.590258037037
0.875
0.755043982566
0.590207672775
0.713632139669
0.750558187436
0.5954041372
0.784087684808
0.577913252453
0.667155186779
0.457900323947
0.623489167844
0.666097411814
0.714645978764
0.724416076786
0.636860458658
0.605112754128
0.621149806797
0.731934549916
0.699946073822
0.766449237777
0.704534269476
0.909864814315
1.0
0.782657630459
0.542833712776
0.944258802085
0.825396825397
0.737336854687
0.603268548477
0.767059111311
0.475061371017
0.623553419476
0.789926147687
0.730223439444
0.750318934894
0.781706451601
0.576825407209
0.789714014967
0.763407622091
0.758254724988
0.509838644638
0.624816868056
0.593305672399
0.644473310391
0.833282249763
0.692307692308
0.483725314921
0.688010024045
0.626658029269
0.790736311234
0.576151040605
0.907945648149
0.871155317159
0.955990593021
0.755993357377
0.69777059323
0.783825694257
0.669642857143
0.731852257475
0.676498472994
0.779965670868
0.647857068289
0.662256435378
0.718635428077
0.672802123119
0.9375
0.897346897056
0.797432035624
0.62985886294
0.738643385843
0.683675157768
0.830851454765
0.635872990114
0.793918074266
0.755421959793
0.511759349595
0.781773616562
0.698436817202
0.786779193281
0.720453304399
0.775464064235
0.760126366821
0.849820531828
0.666211530595
0.686029830545
0.854292963242
0.617616889334
0.672653515591
0.789916947054
0.817410775716
0.741329548359
0.786816477811
0.586148131506
0.865167364882
0.761660629792
0.8
0.811231358373
0.724179390057
0.421422988795
0.549658238955
0.796623274547
0.714845952061
0.617883739672
0.78035616811
0.772727272727
0.617004740342
0.762603269087
0.626139432683
0.570671255748
0.473201892132
0.678092096895
0.66655763459
0.727215858855
0.836561327636
0.568823877673
0.534961058912
0.633931250321
0.732027304297
0.679471423324
0.691489315205
0.766909551497
0.677963658075
0.822151007501
0.660093631993
0.573078202683
0.819105101089
0.851948144686
0.737336854687
0.721324104032
0.452956555856
0.702394491008
0.655532135294
0.778996926975
0.681210971794
0.729282806182
0.688748014489
0.576902837558
0.703668859433
0.822229482597
0.699167702608
0.646996718077
0.746176595824
0.481842884891
0.618130007497
0.789763425168
0.684928580623
0.467033327008
0.746684846774
0.743131792865
0.652271799943
0.618749692598
0.947663291635
0.721985548246
0.698347476941
0.792124367067
0.696699509592
0.700452487353
0.792672576779
0.700965233745
0.764729110317
0.782279209729
0.607543276661
0.610307012539
0.763009700635
0.595286494518
0.869226293052
0.89010989011
0.749801152977
0.794650313491
0.792068661317
0.764536263022
0.786091492661
0.562664425775
0.823317157288
0.700991777908
0.583496698275
0.761302496394
0.789235482173
0.720110227467
0.741416876986
0.789938949819
0.798538968528
0.834698987158
0.694599247021
0.737974883143
1.0
0.58953228854
0.729528465823
0.747673787491
0.774843404559
0.689657680182
0.579215882336
0.507251487175
0.6
0.669993963125
0.629262535165
0.604595841008
0.588938528782
0.591788675456
0.604215560412
0.846814354211
0.646907073094
0.477185284972
0.668411411478
0.779197258923
0.79453399445
0.676421997133
0.659195460561
0.564019270416
0.554924259399
0.845308620545
0.729052571599
0.7266056261
0.656403063114
0.502845629515
0.475375248472
0.694326436359
0.709308704353
0.614327460245
0.893248636539
0.70846082981
0.705469279104
0.757413769672
0.635649053743
0.751499060945
0.501788261833
0.764272019901
0.708333333333
0.682767898973
0.370173518646
0.521446682757
0.737323716499
0.865726962275
0.745055259175
0.480120994664
0.735018093194
0.611730147029
0.597822776079
0.807077368522
0.61993205572
0.798517117966
0.855507030169
0.5150487798
0.693357935922
0.645781211652
0.792066840503
0.569108783998
0.624890296789
0.669138988905
0.559643557589
0.453578090539
0.813435499746
0.646938569043
0.531090139403
0.734060929742
0.577139508241
0.685782746731
0.787108615818
0.897249317411
0.935638474321
0.768798299783
0.606183071853
0.718210028518
0.771878907093
0.671472533799
0.747123179529
0.776749306655
0.828157252372
0.691499157626
0.868766065194
0.562665974897
0.745942255115
0.701024661707
0.686889696445
0.729095336815
0.604401300637
0.426806888417
0.611132215052
0.805537068829
0.97633238244
0.871410408813
0.760701123214
0.919134279308
0.736159620034
0.745288141935
1.0
0.687449280725
0.762693913326
0.693128915342
0.817410974242
0.779168610049
0.738858327931
0.603333711122
0.825
0.761660629792
0.759373785308
0.932304659956
0.738586649668
0.54798863448
0.53774844937
0.806682164362
0.751304142321
0.693097654414
0.697455066923
0.841141637631
0.625640332652
0.7520786073
0.666898454243
0.678098861251
0.333595294853
0.611939789691
0.808773715518
0.698887865653
0.754406599548
0.670613369851
0.561226125968
0.61476834375
0.668803151805
0.694975120311
0.837026846756
0.753609012407
0.817255270774
0.841240091396
0.760593039228
0.751499060945
0.850590235684
0.761904761905
0.668067516467
0.543879010084
0.455160159039
0.648093315754
0.668982060012
0.77184601684
0.644166674017
0.588512853377
0.646422399431
0.592944606619
0.667597964922
0.769465012586
0.835979903432
0.791873316643
0.737851997093
0.562856098758
0.626477550843
0.69966477222
0.721153846154
0.504334567782
0.725160432205
0.739264843938
0.759222468961
0.606302866139
0.961359235688
0.725178372532
0.879429969853
0.916704251414
0.69123368517
0.78711543197
0.810622039122
0.80471300306
0.805027576512
0.803404603427
0.650528876088
0.72051065768
0.82871487877
0.770738912463
0.812213510633
0.846153846154
0.831377905018
0.668365065861
0.820889663292
0.859706159726
0.819869737853
0.615278659572
0.859292671102
0.791654023054
0.583097719216
0.718457487083
0.749737219959
0.805046017739
0.766523010069
0.810702788769
0.821850021351
0.892753946154
0.772012384235
0.768222796783
0.9
0.645625042278
0.772858460467
0.704820873973
0.785637352973
0.836470826455
0.81960049772
0.670840193553
0.825
0.719661270291
0.590810781566
0.78700431956
0.732082675745
0.667929649686
0.491276564167
0.844602383637
0.700529049187
0.605039836298
0.731580511097
0.778110026521
0.88203399445
0.773141029457
0.529251228847
0.669419926739
0.623439622261
0.697419370954
0.783436847361
0.711561715725
0.809223334521
0.736235681866
0.542962111251
0.561299848155
0.752331743883
0.702494938566
0.786044491074
0.739420691166
0.73837591592
0.872377997072
0.827969687053
0.653944823887
0.808330695693
0.825396825397
0.68948353826
0.543879010084
0.506037773887
0.805270151396
0.743507807412
0.78510668221
0.680491245802
0.701261639356
0.731052381064
0.57984011971
0.718277943147
0.742960256044
0.858108562521
0.836163287519
0.685940384379
0.67537962527
0.654626365156
0.778740517723
0.622203774279
0.514965272091
0.702535979343
0.827857859309
0.682117217862
0.479009698154
0.977674653496
0.825030030616
0.915695329269
0.916704251414
0.622388976515
0.728704999954
0.675
0.69609469031
0.911475736467
0.904796391568
0.666119100127
0.702302975143
0.718155171799
0.721232838131
0.966666666667
0.885613060265
0.797432594906
0.844019843809
0.806350278864
0.760694499885
0.727018223204
0.550483862428
0.864846194345
0.756341228347
0.635808774382
0.713019918356
0.698436817202
0.804688330459
0.808080808081
0.841485049937
0.856109384082
0.925187665669
0.782085000507
0.723333860171
1.0
0.67642526168
0.765734777119
0.691419083535
0.809093495422
0.754204296739
0.689011491949
0.656051196392
0.808609409603
0.761660629792
0.738888888889
0.78700431956
0.653388567216
0.71023202579
0.566853167122
0.912237719917
0.690646132519
0.577592707441
0.742507789301
0.791764114732
0.646123735846
0.750002638742
0.623546546837
0.602709714846
0.404291035516
0.648813590125
0.883199606075
0.692733616077
0.731497101117
0.671545975139
0.568878195622
0.584601993435
0.693894724192
0.665427336794
0.846798695245
0.724991454404
0.761898851191
0.781026010711
0.751998491906
0.751499060945
0.835098570142
0.78932347268
0.737336854687
0.54642961258
0.48538225561
0.620005417315
0.68526890877
0.809216707195
0.711505178618
0.753469798202
0.684515253172
0.581602124104
0.647388465577
0.762608371867
0.835979903432
0.764723374358
0.707091787326
0.602632275935
0.537392615471
0.726097073489
0.665764718237
0.525093684113
0.734161578259
0.817758259273
0.790736311234
0.598354130976
0.977674653496
0.812397084727
0.838560669439
0.916704251414
0.563156187748
0.739698096069
0.807363338211
0.743057350595
0.854582234707
0.807755367656
0.678425422393
0.673772262872
0.772229780424
0.659274242771
0.855101913628
0.846153846154
0.831377905018
0.65378747912
0.846475848001
0.906460685021
0.721449524013
0.638124444827
0.859292671102
0.786445077846
0.635790410558
0.755772563784
0.904043301502
0.855801796275
0.674725846388
0.780341495365
0.82183048133
0.891907856102
0.795715037613
0.786059273347
1.0
0.62547453285
0.727610555419
0.73124628593
0.74939622131
0.737767672028
0.588407065137
0.616074209663
0.825
0.776969032505
0.8
0.832356302269
0.682338136465
0.707182433466
0.577335356908
0.798783760429
0.679049730684
0.551433706442
0.744102640952
0.678110859339
0.885929974335
0.750008746114
0.635759831858
0.685936939808
0.725762776273
0.648813590125
0.828912660864
0.665235332496
0.776493325811
0.661000154227
0.549905031024
0.71577844476
0.629469328802
0.679023932606
0.794830926798
0.760618150818
0.799052291523
0.854766529023
0.890336114666
0.671933765333
0.846358613368
0.805662418508
0.737336854687
0.54642961258
0.556962068522
0.889186235312
0.783670820291
0.758125744258
0.694577501568
0.648063290241
0.719891289259
0.491458664252
0.781483431738
0.830810975722
0.590597126034
0.645613734973
0.622720418145
0.599706382634
0.684009743192
0.778740517723
0.614611516731
0.49368187583
0.634449515246
0.686586326401
0.733440631112
0.514079085231
0.923399812325
0.883156647127
0.884280215569
0.803762039564
0.68295365335
0.814343202688
0.722163761491
0.823203991307
0.834479881345
0.815784566554
0.591621344056
0.652498007866
0.855303296205
0.647173413959
0.928571428571
0.89010989011
0.811011096703
0.794548929206
0.869195538568
0.873912613355
0.797101657687
0.629186394584
0.888619489379
0.809544825563
0.615207590156
0.761302496394
0.698436817202
0.859560475895
0.857432100978
0.81046944782
0.786343007144
0.871461818913
0.715587937217
0.716306319025
1.0
0.75144740858
0.718120143538
0.682536404787
0.852225598163
0.846261347979
0.835044785835
0.652877595647
0.837317276225
0.669993963125
0.774364877158
0.759245293244
0.78806790889
0.598080895477
0.644888464305
0.849139120381
0.616644554851
0.608560781583
0.718855150396
0.766867394251
0.622860978582
0.753242926196
0.585245992148
0.642940437467
0.414661909899
0.705202302711
0.920726850325
0.707002857473
0.789855887527
0.66241283707
0.544165303925
0.583130905357
0.662775169953
0.664899277663
0.793475889151
0.753830502498
0.869967911968
0.887695699595
0.896297204253
0.719137857364
0.812428318513
0.888888888889
0.855392410242
0.54642961258
0.504433780037
0.82288173596
0.729376964542
0.769013447222
0.706206449911
0.641559905253
0.716050474131
0.59798273274
0.671437505161
0.749762001433
0.947778926286
0.681743001022
0.707091787326
0.626130244674
0.601487911116
0.776057337689
0.755125333128
0.468745951299
0.73450162022
0.683222891804
0.790736311234
0.522394433174
0.953129376943
0.82419953876
0.955990593021
0.837627835251
0.650773109898
0.714948681839
0.679511583953
0.720929329536
0.741770078061
0.819049884346
0.649811809422
0.764364235279
0.763463435571
0.668684948046
0.979772465836
0.871332694525
0.81125147564
0.89577429569
0.746175010241
0.861739799731
0.886218028718
0.540222491801
0.838193915158
0.830591750275
0.582082362697
0.723941840053
0.698436817202
0.723618118196
0.711357129258
0.798889059845
0.803777709067
0.892753946154
0.761364802137
0.792526701007
0.8
0.789502046868
0.710267929785
0.642139844362
0.796768749743
0.802374611157
0.808928303592
0.589725431103
0.825
0.761660629792
0.661864877158
0.932304659956
0.739432953198
0.6925109894
0.605580228348
0.623795459618
0.647551064388
0.678901521881
0.669419212049
0.683849519075
0.894250595344
0.611215945501
0.64053203771
0.528661115445
0.660734001031
0.749033717109
0.693356780491
0.718278400279
0.722251970141
0.657616942315
0.505880496895
0.687988321138
0.692235447088
0.703932607828
0.745269530413
0.656792477983
0.853891711434
0.933333333333
0.844722694472
0.620267677808
0.760207884108
0.717066512462
0.709572037894
0.721581684144
0.487508441541
0.592170924859
0.704813632169
0.779203736022
0.671893416393
0.777449259162
0.613412413967
0.587491616165
0.632576517593
0.680224954349
0.798530688423
0.892591319363
0.76849000414
0.588914767512
0.584696550466
0.676786386555
0.568832564603
0.501056910091
0.719130917594
0.602121697268
0.790736311234
0.629886762073
0.811703032505
0.767081159894
0.915695329269
0.718459457038
0.681949716426
0.767836103731
0.9
0.677309292252
0.858640416545
0.758701196348
0.607877224235
0.64585351453
0.803829440753
0.604158636793
0.897619047619
0.852930026098
0.864873366223
0.826980287738
0.779738789352
0.616479571428
0.794072358084
0.538387051535
0.613589572878
0.829077305837
0.578867533613
0.643095806659
0.830112147588
0.755374352551
0.928705865589
0.75886693624
0.748546858678
0.882575443335
0.767773262965
0.731846693817
0.8
0.66547564914
0.689764281105
0.690783352939
0.739517566612
0.863030505691
0.869759154328
0.709764411281
0.770216317276
0.669993963125
0.750085410848
0.857304659956
0.650217577928
0.605307834718
0.575095157208
0.762268552757
0.678812892611
0.543017413667
0.791367511327
0.796097267721
0.736200661117
0.748713479193
0.635759831858
0.63884178354
0.615961481573
0.64164004211
0.863074572183
0.691951284521
0.744976374321
0.635436208461
0.529146191579
0.721216056233
0.636224099932
0.691044759594
0.7560602636
0.802743454752
0.678202531955
0.659719758846
0.751938607214
0.523957219672
0.66172832823
0.680589734168
0.855392410242
0.434334763184
0.580316591359
0.608695514489
0.655912532361
0.758751001182
0.676924009924
0.559829480344
0.671792337685
0.608262309142
0.740277345816
0.760931918344
0.744449318577
0.862988551748
0.712019740717
0.628479511701
0.623029380235
0.628963192663
0.741758241758
0.420329897461
0.638519756813
0.827050242721
0.776618550572
0.51758794551
0.906679687891
0.825320278718
1.0
0.819756957469
0.707886073223
0.765869244839
0.714548315967
0.756262387365
0.779852742109
0.775206168262
0.577536029734
0.690743523264
0.701341344847
0.706630351109
0.918085974209
0.89010989011
0.822478338084
0.773729234069
0.876617217471
0.889831076629
0.69566582475
0.58686899016
0.839379910486
0.806678908429
0.470290306064
0.820637669153
0.749737219959
0.83443195966
0.785235222565
0.777709081733
0.805942871873
0.926008508864
0.752905287547
0.701712507637
0.9
0.617616889334
0.72389259625
0.709763115928
0.792746360368
0.872686599767
0.786816477811
0.713645525692
0.825
0.669993963125
0.8
0.82144707646
0.780835838246
0.702001168993
0.570188976492
0.772450229865
0.690083326139
0.52981089187
0.763808814821
0.849109363701
0.731918221093
0.770051374331
0.614484753657
0.679236653972
0.440578279267
0.661781113394
0.867228625687
0.669373742415
0.787512496317
0.600217756717
0.592768057903
0.568370344854
0.691286945005
0.672730620115
0.84864194804
0.78327864249
0.742742033241
0.763493362316
0.816227145945
0.701783530604
0.754115996804
0.78932347268
0.855392410242
0.682767898973
0.512396713075
0.805270151396
0.710732107902
0.762710786291
0.766022596769
0.681451364606
0.716115306207
0.456898333741
0.697633563617
0.820166792271
0.633640325929
0.704307903952
0.707091787326
0.620736017211
0.642734617777
0.758668391908
0.659672272216
0.525898669839
0.727559699636
0.762574853442
0.790736311234
0.580508014556
0.977674653496
0.883156647127
0.792886767505
0.850259858213
0.650773109898
0.750679508721
0.744711073323
0.771286247603
0.863977180306
0.836538461538
0.575251150537
0.689959176965
0.817956370494
0.641717381817
0.966666666667
0.852930026098
0.780905493842
0.838116032758
0.815781142926
0.932080283193
0.856525511692
0.550483862428
0.789846194345
0.822234298618
0.648338236186
0.723941840053
0.512805219925
0.738145560632
0.767125473312
0.68510661854
0.713331890105
0.882402635666
0.710686450761
0.774972860327
0.834542052658
0.488358785309
0.678789419123
0.68839722843
0.771568457542
0.447834282019
0.786816477811
0.626146678939
0.608327260649
0.578327296458
0.790624447867
0.655368455937
0.621707116406
0.59675395696
0.645062295752
0.779906557107
0.684005902292
0.496850815824
0.581583181462
0.752192735957
0.833422883339
0.660163286335
0.608407729204
0.606561484316
0.422222222222
0.736986146587
0.680736968225
0.70991125315
0.705559236834
0.569147297374
0.434160701866
0.578134805023
0.779378927702
0.529059209158
0.751483051102
0.704339763122
0.617570006988
0.65396378802
0.693306705956
0.751499060945
0.578534475711
0.810229291691
0.888888888889
0.67925021599
0.325517143875
0.668512404456
0.556619115792
0.775908245368
0.669643466475
0.538517055019
0.647789720398
0.560779071651
0.585507886027
0.723848405125
0.775255178948
0.62017261222
0.758507610839
0.628209015964
0.650259679386
0.625161931944
0.645958154063
0.553909070475
0.607532683228
0.697622883564
0.56614801212
0.552892914593
0.892467880092
0.644144237197
0.56927654571
0.750597780538
0.654298892127
0.653787951225
0.808167319528
0.747054844104
0.741532918964
0.923569366112
0.660223852
0.757697044944
0.628139435592
0.661364157883
1.0
0.89010989011
0.848186941294
0.681359601192
0.868766065194
0.484066661631
0.819869737853
0.606620144014
0.878583655571
0.738369837462
0.495373812733
0.623823879601
