0.124956203327
0.0371204837269
0.0636363636364
0.0402084977744
0.0386578289524
0.051712076507
0.0421796005648
0.0234747901229
0.2
0.0662267152429
0.0415084995225
0.0368914086979
0.05731324507
0.0441176470588
0.077745095445
0.0294995747561
0.075
0.0682072577174
0.0787317696093
0.053753475481
0.0563535574773
0.0344042648335
0.0363075126324
0.100476300185
0.0443315303673
0.0449368417067
0.0435541931952
0.034272722698
0.0748910108426
0.0253368301714
0.0305874089129
0.0411007092573
0.0574191860357
0.0385471597513
0.0392164071731
0.034251597985
0.0253595782935
0.0235568493991
0.0392546772957
0.0576129012759
0.0472215838655
0.0272199253339
0.0429671237698
0.0578394120842
0.0482246404392
0.0666666666667
0.0292764580718
0.0529020569949
0.0574637293205
0.0515873015873
0.0897785603007
0.0711009003177
0.0638650461548
0.0440430436205
0.044478895596
0.0595091399317
0.0571638463957
0.0480281300295
0.0446812082777
0.0451264230619
0.046656533748
0.0282333834382
0.0602274406305
0.0357844854782
0.0351118979154
0.0365777657139
0.0265319816174
0.0817151558455
0.0532544378698
0.0303308464707
0.0245029022671
0.0431391760932
0.0594363699531
0.0625237984565
0.0567558338734
0.0465528759052
0.0710059171598
0.0766540980459
0.0732832875179
0.046737417587
0.0892857142857
0.0599495328956
0.0531825411917
0.0581100160992
0.0311609283012
0.0204596876915
0.0379904853913
0.0252338052664
0.0625
0.0640962069325
0.0420337196181
0.0475088859283
0.0434496109319
0.0566713993474
0.0446522088467
0.0451720581014
0.065762909034
0.0399704832716
0.0256522176666
0.0735689822317
0.1164061362
0.0423076923077
0.0656406395935
0.0419285747134
0.0428671332243
0.0597919789111
0.0404728156111
0.0279213823161
0.181717185297
0.0662267152429
0.0410428252204
0.0415588858738
0.0533209805138
0.0415224913495
0.0717014712937
0.0303551932965
0.0863543919416
0.0682072577174
0.0908585926484
0.0565869289166
0.0594915239151
0.0254075841439
0.0361438569696
0.101380021574
0.0416047253537
0.0517512275521
0.0484817039168
0.0351239669421
0.09257654921
0.0254266680546
0.0337359966067
0.0401207351657
0.0510392764762
0.0343634456926
0.0359351983872
0.0371956680093
0.0280839080616
0.0204017461013
0.0459732470335
0.0514095685909
0.0449836881478
0.0234685700119
0.0430909924427
0.0598705398757
0.0435628995629
0.0578935299928
0.0246908267015
0.0592421753278
0.0512553701334
0.0515873015873
0.0897785603007
0.0849897892066
0.0393875265962
0.0655394374901
0.0456901589558
0.0551628263025
0.0512035555549
0.0448901857865
0.038713948154
0.0447013105733
0.0396774042803
0.0307364723775
0.0503831273458
0.049131103957
0.0444140008048
0.0296089887639
0.0289029897378
0.0765285137704
0.0432692307692
0.0324827521731
0.0267457929235
0.0473019103435
0.0518526633255
0.0614559965276
0.0652258511099
0.0379012539028
0.0598290598291
0.0712714162953
0.0677066115498
0.0388395004514
0.0908740226725
0.0503743806289
0.0648834214773
0.0556862230973
0.028356145782
0.0188609573475
0.0464538409307
0.0250809995376
0.0593794603617
0.0659340659341
0.0402965967558
0.0622061876792
0.0428145222333
0.0695947150367
0.0439469353277
0.0380232733439
0.0762778627154
0.0385644473771
0.0295652588421
0.0668808929379
0.121420843411
0.0350665032553
0.0685540969579
0.0434277559379
0.0490235416014
0.0558662473211
0.0415542912341
0.031807260609
0.2
0.0665362885671
0.04753620521
0.0387536802802
0.0522252293551
0.0423358987866
0.0584458246707
0.0274846308151
0.06
0.059873924384
0.0654459893344
0.0426167868362
0.0458916033213
0.0364564919729
0.0354554257195
0.108963798567
0.041944946597
0.0272622068017
0.0367127127467
0.0337335961098
0.0843748650343
0.0235842358856
0.0325363099895
0.032081049216
0.0615881070269
0.0501192436832
0.0400718495727
0.0327903683923
0.0243864784221
0.0190228137563
0.0305136239602
0.0690749899632
0.0432808598467
0.0215722576943
0.0530862926809
0.0593041959765
0.0449722145759
0.047839089733
0.0255077366484
0.0746179441894
0.033764527659
0.0512374225485
0.0833333333333
0.0944578121414
0.0302724638642
0.0424661023489
0.0547413115118
0.0601240520588
0.0609291803611
0.0321501991478
0.0418465095808
0.0510872120838
0.0412999447713
0.0299701285357
0.0501988634025
0.0725924652696
0.0565447596985
0.0299104073704
0.0328377794653
0.0578323274508
0.0626848393674
0.043811376536
0.0197595065303
0.0438531682913
0.0461124185343
0.0328074331458
0.0588255731083
0.0335794529894
0.0362277531494
0.0616996468137
0.0535940109552
0.0417951328827
0.103027153954
0.0719091516428
0.0792450540878
0.0567293465291
0.0267896314928
0.0245455096657
0.0415412793835
0.0266089881127
0.052474866308
0.0608894894349
0.04526795296
0.0442868238255
0.0490196078431
0.0476674150978
0.0438291114837
0.0487411352686
0.0683442379215
0.0386635545675
0.0316179966389
0.0351121542496
0.0873046021503
0.0421836260995
0.0833333333333
0.0433063387325
0.0463959421701
0.0600872419938
0.0423794382784
0.0288911026703
0.2
0.0712801079098
0.0461005200891
0.0334128514684
0.0557446614463
0.0441176470588
0.0657843115304
0.0309945807047
0.075
0.0682072577174
0.081366674855
0.0699652102949
0.0619249275914
0.0359304688697
0.0341356477643
0.10548547226
0.0440342170238
0.0530162757357
0.0411574972868
0.0382405059333
0.0832122342695
0.0228647403118
0.0311109811944
0.0432870240515
0.0370952507081
0.0360279541545
0.0415714340065
0.0348651494105
0.0247769593827
0.0254445935239
0.0414908334633
0.055272625179
0.0405335243518
0.0246815045756
0.0485821887866
0.0598705398757
0.0475697079852
0.0591945109355
0.0310902458
0.0746179441894
0.0538223738337
0.047619047619
0.0867310530421
0.0759392936229
0.0442194658784
0.0499188698197
0.0445812778146
0.0539756166534
0.0427775743582
0.037008150232
0.0339260304241
0.0476813979448
0.040588564052
0.0279034289026
0.0741711698725
0.0605205601672
0.0457262602893
0.0366778190088
0.0272962570795
0.0688756623933
0.0576923076923
0.0371243594225
0.0257355993216
0.0503907918668
0.0548643414952
0.0614654550686
0.0660832009591
0.0389870100411
0.067525672167
0.0954360607467
0.0732832875179
0.041017698202
0.0998881759479
0.061133563525
0.0811567237149
0.0605144894867
0.0292138755199
0.0268950904955
0.0499414519115
0.0301820179206
0.0546557661027
0.0650887573964
0.043678715898
0.0456964485199
0.0450300903498
0.0758438832242
0.0488299281419
0.0418669420135
0.0704173254546
0.0429217436014
0.0305861584138
0.0633104754953
0.124956203327
0.039702236329
0.0661157024793
0.0383425004018
0.0483565967969
0.0612834227546
0.052948482091
0.0320635265159
0.2
0.0805897955001
0.0474528545177
0.0347132947779
0.0549243533605
0.0477941176471
0.0776765939015
0.0327675486123
0.075
0.07
0.0740695846583
0.0551757179848
0.0573145417611
0.0408728123252
0.0343998312889
0.103161656747
0.0438884194378
0.0432338810264
0.0445040472222
0.0346698214079
0.105468581293
0.0257252295349
0.0298008222695
0.0423659493859
0.0688368292572
0.0406379326532
0.0439982241113
0.0364275033203
0.0320740911011
0.0293383231686
0.0414908334633
0.045171615078
0.0485375318634
0.0262083319727
0.0471968128151
0.0530990202591
0.0450744577383
0.0601639997981
0.0316532356202
0.0652477360073
0.0507843197879
0.0515873015873
0.0652934984005
0.0759392936229
0.0431102992162
0.0629370629371
0.0535332962107
0.0558950976094
0.044423646442
0.0447104285284
0.0390661692952
0.0476813979448
0.0412049691058
0.0282591121656
0.0682195646373
0.0691043745784
0.0455153479338
0.0403823035434
0.0273554344567
0.0719225354729
0.0442129579451
0.0370431431635
0.0237272760815
0.0540688602502
0.04865360439
0.0472484307897
0.0648257060037
0.0441874765953
0.0705128205128
0.0954360607467
0.0622810491047
0.0469055864747
0.075
0.0511616048189
0.0791058963908
0.0667765603095
0.0298764292907
0.0256566865529
0.0403613079204
0.0264283613212
0.0666666666667
0.0658034396944
0.0428756084624
0.0665109506573
0.0430551158767
0.067910324243
0.0480695979808
0.0351750219282
0.0715843910806
0.0430709366985
0.0343878491987
0.0658766745394
0.1164061362
0.0421364739678
0.0808080808081
0.0407348448994
0.0518478427912
0.0656608100942
0.0463455473938
0.0293860569981
0.2
0.0795794425505
0.0490635832743
0.03202612906
0.05731324507
0.046218487395
0.0657843115304
0.0350488102811
0.0711068089805
0.0682072577174
0.0898428807204
0.0551757179848
0.0512912516425
0.0457383177438
0.0436029532721
0.116596583371
0.0397859364109
0.0419051646245
0.0422737246275
0.0363636363636
0.0741607025559
0.024053471288
0.0371636726558
0.0417915371392
0.0417594080259
0.040539745733
0.0474449481848
0.0346115061132
0.0249772149691
0.0251968269971
0.0467302636318
0.0445050020433
0.045440428684
0.023780688349
0.0512811992747
0.0555940727417
0.0447863337371
0.0550511165149
0.0325034387909
0.0746179441894
0.0501333727968
0.047619047619
0.0897785603007
0.0653851559186
0.0425801386113
0.0552175869143
0.04377505375
0.0594061206335
0.052474710608
0.0476958223981
0.0369049403818
0.048886958317
0.0358329589108
0.0276206952509
0.0741711698725
0.0561976630124
0.0483600571797
0.0366492439702
0.0243533265701
0.0688756623933
0.0550880631608
0.0355616440657
0.0258949454165
0.0554548831787
0.0594363699531
0.0573589300924
0.0648257060037
0.0435938493366
0.0591945109355
0.0954360607467
0.0565201603698
0.0431111241217
0.09375
0.0519423086212
0.0773651066323
0.0568082053737
0.0325171283698
0.0242213255498
0.0400620007505
0.0280904187133
0.0624637326888
0.0650887573964
0.043678715898
0.0460009946838
0.0450679181403
0.0749426764051
0.0429819749255
0.0418669420135
0.0704173254546
0.040748400797
0.0343878491987
0.07102647145
0.150673883584
0.0442522976204
0.0681818181818
0.0398222676664
0.0429003825946
0.0620668559326
0.046059525307
0.0326856816516
0.2
0.0735852391588
0.04193910174
0.0333979583805
0.0476839050633
0.0392156862745
0.0597422390282
0.0337279925516
0.075
0.0744079175099
0.0908585926484
0.0568320482994
0.0505677953278
0.0470819338549
0.0357236136363
0.0932176107017
0.0367716342944
0.0398086365785
0.0394150057883
0.0301229879284
0.102083063402
0.0231432884865
0.0295784636268
0.0433840819938
0.0750989701328
0.040539745733
0.0453864357431
0.0330684177279
0.0270348518031
0.0262720598487
0.0386507510114
0.06537363528
0.0363774795995
0.025037334695
0.0439390794385
0.0563322456701
0.0505796861359
0.0591945109355
0.0369965693347
0.0748510313817
0.053082394726
0.0442579399752
0.0897785603007
0.0653851559186
0.0481102679643
0.0699300699301
0.0523286519947
0.052425003294
0.0497128837339
0.042048082019
0.04059543442
0.0352358484951
0.0486412478694
0.0305458541588
0.0352514709081
0.0419429518877
0.0391473129208
0.0347203363928
0.0338628445529
0.0719225354729
0.0472183398521
0.027839536445
0.0254063606578
0.0537552756926
0.058346169819
0.0377223905459
0.0577280285595
0.047168328724
0.0633736530662
0.0734123544205
0.0679028926786
0.0434815708847
0.084010762613
0.0597829349171
0.0745594672903
0.0599697787202
0.0260295041456
0.0208068826745
0.0511312337558
0.0224891019321
0.0663265306122
0.0659340659341
0.0432997810922
0.0574210963193
0.0483221320753
0.0709590566711
0.0433485019452
0.0414085804625
0.0712061045872
0.0435968682244
0.0312371338071
0.0668808929379
0.1164061362
0.0455053967408
0.0743801652893
0.0423247344993
0.0485439237561
0.0564107714056
0.044751850835
0.0270696660707
0.2
0.0884055774799
0.0462800040736
0.031627435513
0.0567117240178
0.0484429065744
0.0754113411417
0.0358310431793
0.0797445024976
0.059873924384
0.089810886576
0.0559323392859
0.06241068772
0.0346443662207
0.0428022090242
0.117206080288
0.0330752988337
0.0406778505534
0.0415063171369
0.0341796066786
0.069637321318
0.0237539048088
0.0325182135738
0.0427674429646
0.0460735455443
0.0393386769997
0.049548662971
0.0344036289353
0.0289666906383
0.0234140391271
0.0381016820136
0.0464344400476
0.0382816618878
0.0221282454815
0.0491920876191
0.0612681002989
0.0472166287337
0.0601639997981
0.0355167065613
0.0678344947176
0.0496221871136
0.0555555555556
0.10366744919
0.0653851559186
0.0425423955712
0.0727272727273
0.0543804594043
0.0529638194979
0.0469109200522
0.0395746654296
0.0371357179284
0.048886958317
0.0390271321436
0.0266420944324
0.0748062253457
0.0498423816651
0.0483600571797
0.0350391325356
0.022521570727
0.0653841231572
0.0485743071422
0.0298942099545
0.0251008090887
0.0462796252085
0.0594363699531
0.0539982066168
0.0678938655729
0.043776678064
0.0710059171598
0.0757261226482
0.0732832875179
0.0401144341497
0.0917262050983
0.0599495328956
0.0613866360059
0.0649672602802
0.0272004155139
0.0287840560646
0.0409286815154
0.0283286353121
0.0666666666667
0.0614165437147
0.0408105543471
0.0746478579742
0.0382037518153
0.0715712123683
0.0471287928816
0.0382864035069
0.065000608112
0.043293691974
0.0303581714587
0.0668808929379
0.1164061362
0.0343202368007
0.0636363636364
0.0417224936765
0.0475303724894
0.0612834227546
0.0487304789409
0.0299191252569
0.16
0.0968747233993
0.0407797839131
0.0284414628115
0.0585275272946
0.0470588235294
0.0690913132759
0.0289442846534
0.075
0.0682072577174
0.077310886576
0.0699652102949
0.0664678660959
0.0435680125776
0.0360113810888
0.0648320735963
0.0373416294614
0.0500650468349
0.0341008928075
0.0300247762825
0.108115614873
0.0196197895725
0.0309991071013
0.0343892015706
0.0672734356246
0.046835313631
0.0355024813729
0.0341273551945
0.0246160261886
0.0248939643802
0.0359803890749
0.0672246403703
0.0395563112622
0.0259784103934
0.0448342940222
0.0510116900425
0.0525331727092
0.0622222222222
0.0348338715863
0.0585048513734
0.0470807275247
0.0488098594093
0.0865121112663
0.103083097735
0.0367725203089
0.0452586705785
0.046359923839
0.0542736095612
0.0502817452456
0.0515389659187
0.0345452950693
0.0399692563964
0.0390982387932
0.0218536218345
0.0649488436812
0.0743826099469
0.0522663071797
0.0342261334471
0.0275728570781
0.0513732396235
0.0414871146969
0.0325613601
0.0273564545771
0.0370776643371
0.0594363699531
0.0597719506809
0.0524079994496
0.0475751441218
0.0705128205128
0.0683979132599
0.0609359503948
0.0400830392867
0.1
0.043005581982
0.0766489866401
0.0551620864125
0.0265584124311
0.0202567847639
0.0455562398547
0.0205899360541
0.0619047619048
0.0631800019332
0.0465415909784
0.0676548509811
0.0433563053552
0.0463449970355
0.0446650291137
0.037644369506
0.0578224362934
0.0489323767335
0.031429073932
0.0586973424189
0.118587449655
0.0375218276314
0.0826446280992
0.0376518636466
0.0428254994222
0.0537622691523
0.0471489565263
0.028725396612
0.16
0.0715443552214
0.0359724625125
0.0334100305148
0.0478426009544
0.0507665003348
0.0723976853776
0.0332427824963
0.0611530707534
0.059873924384
0.0867959711792
0.0644096547394
0.0452154485698
0.0421981721017
0.0350689941032
0.0876309526392
0.0379582731432
0.0370243820533
0.0441461259787
0.0343255973183
0.0703123875286
0.0226526502167
0.0295784636268
0.0396571988238
0.0619378546458
0.0367835909078
0.0434561865183
0.0292953180215
0.0258614968547
0.0244522577498
0.0396455917359
0.0654357785161
0.0353074047449
0.0244037487435
0.0428276450522
0.0591004484532
0.0407650216546
0.0446871248206
0.0310902458
0.0582174688524
0.0429232587068
0.0374795847802
0.10366744919
0.051596127645
0.0481590262546
0.043631340257
0.0397381235754
0.0529638194979
0.0424432133806
0.0306774531173
0.0339407306318
0.0476813979448
0.0430315832827
0.0258982205152
0.0549813697383
0.0637565228116
0.0424471883646
0.0340918027064
0.0238428074677
0.0504519408833
0.0549450549451
0.0241728030929
0.021719102517
0.0522188034094
0.0568698632597
0.0507306673391
0.056338414693
0.0453996833499
0.0769230769231
0.0734123544205
0.069845618229
0.0405207567957
0.0776908035151
0.0490901137197
0.0673941392608
0.0547525140868
0.0262829981235
0.0218981268214
0.0347990528668
0.0277137245096
0.0597265677441
0.0659340659341
0.0414956235467
0.054915176554
0.048126065582
0.0755941783335
0.0409848533607
0.0369274057191
0.0626078543971
0.043239389124
0.0236917212512
0.0745826528374
0.124956203327
0.0426434127995
0.0727272727273
0.0395451714946
0.0496639160263
0.0642668980463
0.0489210314126
0.028022487872
0.2
0.0662267152429
0.0422037095145
0.033627435513
0.0579720538414
0.0514705882353
0.0717014712937
0.0393034963247
0.075
0.059873924384
0.0908585926484
0.0568320482994
0.0651785896035
0.0461864002735
0.0375440902241
0.0860470252631
0.0380343376588
0.0335241316996
0.0401789830748
0.0379519674443
0.0689378439812
0.0250351750427
0.0292206220261
0.0446143486767
0.0518327387373
0.0387115403527
0.0470523472572
0.03236845249
0.0278206784505
0.0237383762345
0.044320208425
0.0434284912121
0.0452665767382
0.0238916606288
0.0512811992747
0.0642160015771
0.0460507018291
0.050711235632
0.0329999470968
0.0705631478648
0.0478076180097
0.047619047619
0.10366744919
0.0944578121414
0.0471877347793
0.0629370629371
0.0488684443822
0.0530048230102
0.0519412029245
0.0457996295141
0.0396898082632
0.032719002174
0.038283939303
0.0313606610314
0.0372047630772
0.0513737845305
0.0483600571797
0.0344050006477
0.0278055352907
0.0653841231572
0.0407307206381
0.0412092234316
0.0254408630279
0.0586700282411
0.0594363699531
0.0537739969616
0.0648257060037
0.047168328724
0.0579281847935
0.0811619908621
0.0732832875179
0.0433856410788
0.0852314928542
0.0553551612805
0.0768490069829
0.0673877096453
0.0239689646278
0.0244080749788
0.0466882840335
0.0243544432892
0.0666666666667
0.0631800019332
0.0410114515727
0.0713425057833
0.045321174607
0.0794391587169
0.0468667554499
0.0351750219282
0.066028835525
0.04258171038
0.0319754557351
0.0668808929379
0.0683740293233
0.0385714215174
0.0606060606061
0.035685945451
0.0392493629611
0.0571147550472
0.0402441835816
0.0322691800086
0.148139169317
0.0463364845684
0.0402347694414
0.0317554059389
0.0482117670621
0.0275837234346
0.0717014712937
0.0320267865426
0.0545454545455
0.0515405910507
0.0879963374357
0.042407573439
0.0403765193001
0.0349087342192
0.0435002159343
0.0879045602163
0.0382604510979
0.0295244136035
0.0311356250716
0.0340909090909
0.0937498500381
0.0222475687977
0.0346703095071
0.0412271925611
0.0444444444444
0.0456988187404
0.0366501792987
0.0370015244674
0.0251088301587
0.0199957324149
0.0292521543904
0.0511824654519
0.0455193125657
0.0179855675913
0.045504372868
0.0575013401631
0.0384013547313
0.0424638487961
0.0294180049973
0.0746179441894
0.0356287303964
0.0499020200644
0.0987654320988
0.0859025814457
0.020979020979
0.0636678480434
0.0306675791265
0.0497797789638
0.0530029746135
0.030393881034
0.0374373813777
0.0451264230619
0.0362200563285
0.0272845057441
0.0602274406305
0.0530444278968
0.0482535487028
0.0314311538788
0.0272207954182
0.0550384809636
0.0461237396783
0.0364989532412
0.0192232981898
0.0443734487258
0.0392332505433
0.0539982066168
0.0609991089112
0.0305151714453
0.0387747875888
0.0644104667008
0.0677066115498
0.0339276310267
0.0994442276878
0.054822756307
0.066130056614
0.0670192679134
0.0325896571221
0.0266803798189
0.0311093335736
0.0263680091495
0.0714285714286
0.0659340659341
0.04526795296
0.044485352258
0.0490196078431
0.0382685331527
0.0488299281419
0.0387086233545
0.0726168146606
0.0400418415143
0.0231514400815
0.0540079850592
