0.124956203327
0.0603968360487
0.104416171513
0.0502815306075
0.0505594246478
0.0701865580185
0.0755200382948
0.0394174548777
0.2
0.089496574284
0.060189697552
0.0504178526094
0.0934105742962
0.0721877302647
0.0869903542572
0.0446720432574
0.0882357758589
0.107650995593
0.0823986287285
0.0866904960268
0.0713608954574
0.0515480519234
0.0633837325362
0.126417032252
0.0518184658167
0.0629853947587
0.0654912160033
0.0485070850524
0.121562147233
0.0410141854065
0.0487814887977
0.061934633644
0.0715998367078
0.0590731185702
0.0521721701141
0.0480510243071
0.0486600783776
0.0450814467831
0.079500847937
0.0944749054494
0.0672265738643
0.045457914213
0.0686697656045
0.0830347732104
0.0602916545035
0.090670906845
0.0427115007626
0.0715205935221
0.0977793489782
0.0679827283167
0.126295434886
0.10907222772
0.0772481720892
0.0651091412658
0.0700539966084
0.0764008377607
0.0669391833256
0.0611306125391
0.0748960498584
0.0624487135094
0.0823513921065
0.0467685890679
0.081858052159
0.0510502691171
0.04707604348
0.0571351308918
0.0416254314253
0.103799692249
0.0718327809565
0.0549804817499
0.047147857868
0.0759849892299
0.111788400874
0.0705091608932
0.0693416590897
0.0536278500351
0.0974520586485
0.0891234259822
0.110454798153
0.065486714396
0.120521335971
0.0719727299081
0.0701316167984
0.100813788771
0.0633067691512
0.0315246691013
0.0705083091833
0.0511070553992
0.075643705031
0.088769393711
0.0552180220683
0.0917651084668
0.0543413371831
0.0805601414556
0.0552054262868
0.0594320714654
0.113776914142
0.0792704468539
0.0435892942562
0.122199692462
0.1164061362
0.0701478888285
0.107564968721
0.0492248005975
0.0562958137032
0.073226029788
0.0718815226045
0.0383651147823
0.181717185297
0.089496574284
0.0590545301817
0.0554412842645
0.0891486005567
0.0669835749256
0.0795570646419
0.0477167568308
0.108781597535
0.107650995593
0.097458939063
0.0980328748237
0.0794851061736
0.0396567914174
0.059637462756
0.132864204816
0.051718383856
0.0663767014684
0.0617976952861
0.0513468240264
0.129922922393
0.0414112575179
0.0478354689916
0.0639809101
0.0685344283183
0.0566174757354
0.0486978573361
0.0542695554297
0.0507247975609
0.0394355823783
0.0877216796419
0.0933552737596
0.0622864337981
0.039787540173
0.0548087942223
0.0799888572775
0.0563555510759
0.0846792828544
0.0341257334616
0.0853179528715
0.0924291227033
0.0735768997694
0.131520252667
0.118767436406
0.0578163915239
0.0905372835605
0.0600962180959
0.0656093855345
0.0747344434118
0.0588174612524
0.0663244357088
0.0587530652924
0.0771495440581
0.0499064865023
0.0705006777605
0.0674385678558
0.0520175056951
0.0486642115051
0.0506169254038
0.101217378109
0.0702636510118
0.0633106891792
0.0537369887937
0.0738620324091
0.104528332358
0.0700581513688
0.0803288413694
0.0445824266358
0.0869423102054
0.0907526941215
0.0989168184809
0.054893677781
0.116549689036
0.0669024997788
0.0852053384873
0.090488836437
0.051720035018
0.028446431945
0.0672932350128
0.0479882029619
0.0730389783863
0.0923696231966
0.0531002945084
0.101051200796
0.0531413844122
0.0883325141531
0.0563785228333
0.0501492199491
0.130968895718
0.0711191268286
0.0462071450797
0.118451656338
0.13719515918
0.0628438023396
0.105458903505
0.0538415154123
0.0653993751358
0.0760756527611
0.0735322028698
0.0401364093829
0.2
0.0815072276677
0.0646106903764
0.0539616721813
0.0892691802002
0.060675074563
0.0649084284813
0.0429983943837
0.0694229209326
0.102299119993
0.0798365258844
0.085579014295
0.0656858441587
0.0515833629345
0.0544177397653
0.14934613436
0.0515463434632
0.0485382663333
0.0502833153657
0.052447003389
0.124974604358
0.0397705734032
0.0534670287846
0.0531710556175
0.0729326275645
0.0734250202347
0.0513778161087
0.0535114033902
0.0540306728868
0.0331091576878
0.0761384307809
0.105061333091
0.0651751527878
0.0381778834118
0.0677234155464
0.0764226537893
0.0568709490687
0.0777858124529
0.0370295957707
0.103229769801
0.0709490798904
0.0692279868935
0.115182389666
0.113312711145
0.0419801213424
0.0765654400468
0.0787001389655
0.0712476793924
0.0873908460033
0.0421507181332
0.0744533641304
0.0668906764727
0.0801705580173
0.0513808844164
0.0628643171629
0.0804482896717
0.0629402306023
0.0568885539192
0.0586000521635
0.0736296358101
0.081082617195
0.077613875992
0.0474934239274
0.0747645096161
0.0986919505132
0.0521907130176
0.0697686664492
0.0390351055532
0.0635556708501
0.0758951990037
0.0814504945825
0.0630389840122
0.125212979124
0.0874055276978
0.089650760424
0.102236920786
0.062503346221
0.0363946556927
0.0805978050344
0.0542136718549
0.0719539216907
0.0827108156881
0.057017116546
0.0817370344599
0.0584364108192
0.0718530254719
0.0556671935393
0.0566964721946
0.103889517681
0.0772699390461
0.0425852167667
0.0860242954967
0.101603243266
0.0674935862414
0.119419329702
0.0548154997712
0.060491241442
0.0800866009894
0.0827624648738
0.0403038784479
0.2
0.0908599155567
0.0663205597329
0.0503065728304
0.0882260913313
0.0757888144197
0.07578926944
0.0471734690791
0.0882357758589
0.107650995593
0.0927165742934
0.112809964422
0.0781558121146
0.0531580911194
0.0546787347619
0.136614350741
0.0549783133365
0.0649662663433
0.0488195706159
0.0537050089963
0.126425102467
0.0386869497782
0.0459074521513
0.0673370080356
0.049499404697
0.0554495848902
0.0527029802958
0.0472271985764
0.0445347839061
0.0424125489038
0.082152753145
0.1041323039
0.0607502391861
0.04176158506
0.0695824687752
0.0816032688275
0.0585639520909
0.0862149601619
0.042518780191
0.103668014829
0.0935662524847
0.060104377746
0.129219944389
0.10038576623
0.0524893625566
0.0766413187441
0.067992995685
0.0656935162624
0.0630567489603
0.0609081576958
0.0668848421568
0.0661738348269
0.072078072554
0.0484187635774
0.089083417723
0.0718197711239
0.0539239598687
0.059716944055
0.04710873765
0.0850822880851
0.0778083941695
0.0634036395461
0.0492210736006
0.078918907286
0.104909268998
0.0709462798213
0.080472254448
0.0451812414666
0.0947874766849
0.106402177137
0.105918035623
0.0582008028216
0.127935545244
0.070755060079
0.0908154199809
0.104653840291
0.0569051802774
0.0355114431291
0.0774147009223
0.0551133757443
0.0694161326566
0.0877069043816
0.0593200978336
0.0956336362761
0.0548072108119
0.0906469390583
0.0603653725978
0.0529095769561
0.126262087798
0.08152812808
0.0455088442645
0.114881238896
0.124956203327
0.0658039683384
0.116350224215
0.0500379080827
0.0620396294018
0.0726983754549
0.086353111337
0.0400147309641
0.2
0.1001443085
0.0653165132779
0.0513581191121
0.0884234583422
0.0738276713899
0.0841391977121
0.0571005077989
0.0882357758589
0.102660756584
0.0837308363958
0.0988983667379
0.0713229800955
0.0588343715649
0.0501141806853
0.131460637184
0.0531134947199
0.0604809186651
0.0599468212607
0.0496284286464
0.151982000519
0.0419488516052
0.0457732713756
0.0686193798505
0.0815934070556
0.0563694488985
0.0554570735463
0.0484863372663
0.0594947559541
0.0516311100604
0.0801532722831
0.0993366503026
0.067343726032
0.0419549428028
0.069355517805
0.0788948453956
0.0593776597491
0.0858828285606
0.0420717470438
0.088426204935
0.0934064069761
0.0679289542293
0.105735199601
0.10038576623
0.0560620108979
0.0858825642109
0.0763297075277
0.0705938181578
0.0657200945137
0.0624668252534
0.0698343473846
0.058443697494
0.0723433779418
0.0451905340571
0.082018993901
0.0840657318817
0.0546172460241
0.0608985270582
0.0497462609963
0.0940070718759
0.06884280393
0.0617515979909
0.0498650894514
0.0827945212291
0.0959286282872
0.0563134055433
0.0789847593721
0.0512624507252
0.0971280114509
0.106402177137
0.0929617055849
0.0641818119135
0.100990151689
0.069465748461
0.0892201271554
0.105739769006
0.0570670447816
0.033734785229
0.0685489371
0.0517559475396
0.0791406568962
0.0920770857432
0.055534734068
0.106728870626
0.0534241301328
0.093258352751
0.0607541758165
0.0435953449575
0.119601647576
0.0831415588859
0.048727959801
0.12260451428
0.1164061362
0.0699536648649
0.121352344453
0.0515394817983
0.0647601384125
0.0778443876714
0.0813570753741
0.0399786784561
0.2
0.103489899246
0.0650232709623
0.0474391154355
0.0936269197309
0.0687471245162
0.0717497919709
0.0483451719238
0.0934200445956
0.107650995593
0.0971765989589
0.0973106774208
0.0657568719494
0.062483399412
0.0646737096241
0.147725461852
0.0485103461036
0.0564103443453
0.057233913049
0.0533494800243
0.114760441879
0.0418922532737
0.0608107399745
0.0604243336009
0.059042582025
0.0562382406704
0.0592473384836
0.048396774152
0.0459522275947
0.0451639089455
0.0866970079919
0.0914181195239
0.0621850016643
0.0393733411182
0.0697421306462
0.0773593578476
0.0590079140375
0.0818032420831
0.0411413223369
0.103668014829
0.0932110107837
0.0645738389226
0.126340786025
0.0985599564991
0.0583239252939
0.0809214571711
0.0689269820062
0.0706562613449
0.066503421367
0.0654940924264
0.0629298144077
0.0623398327534
0.0661701898548
0.0495447583856
0.089083417723
0.0666897874722
0.0566720009847
0.0582469908837
0.0436708956051
0.0850822880851
0.0772093677736
0.0579991617563
0.0516285702041
0.0882907171583
0.111788400874
0.0653876079442
0.0789847593721
0.0495392606224
0.0842625727169
0.106402177137
0.0903586899778
0.0614099706255
0.122633127825
0.0624432534599
0.0876978032175
0.100449933715
0.0607332413758
0.0343570719261
0.0736644180879
0.0519962309393
0.077411520896
0.0895451038347
0.0593200978336
0.0951807434253
0.0562286655179
0.0936869052981
0.0534322059744
0.0540811556871
0.126262087798
0.0800104143207
0.0485701479418
0.104592880304
0.150673883584
0.0692292451019
0.117445106023
0.0477542128851
0.0623369587322
0.0792467390593
0.0815432773715
0.0435830626357
0.2
0.0981447809321
0.0601515339029
0.0484346420871
0.0821079624164
0.0638068102536
0.0677372247806
0.0511008261246
0.0882357758589
0.10786503945
0.097458939063
0.103507682917
0.0670744522816
0.0720535846205
0.0575341514602
0.122214058702
0.0481160106544
0.0585379669457
0.054129317034
0.0463260293674
0.146844481788
0.0391416022816
0.0448000042831
0.0652248612543
0.0944703252215
0.0553115026642
0.0543713067394
0.0461345526909
0.0529612092359
0.0441325598147
0.080669625289
0.114233314001
0.0559580677049
0.040975928636
0.0643283694593
0.0803080093724
0.064085457586
0.0827024105253
0.0473851026919
0.104651920003
0.0958442950335
0.0627530576145
0.126340786025
0.0985599564991
0.061386716467
0.0950064080239
0.078774481222
0.060527191585
0.063003241295
0.0594970800758
0.067866498101
0.0525581389426
0.0819394680899
0.0520796687996
0.062633813362
0.0568135647784
0.0484892844294
0.0576283751167
0.0515187955071
0.0943242418967
0.0628306002489
0.0529309943777
0.0499511632698
0.0879546494676
0.113026479781
0.058912966644
0.0724279066751
0.0542433028539
0.0946244263367
0.0862113497769
0.105046453326
0.0600996784079
0.106491466293
0.0721850370222
0.0835056555951
0.104079176121
0.0519967130016
0.0312989765686
0.0779000330938
0.0468903196023
0.0796915201439
0.0904746702028
0.055371983287
0.0970721247727
0.0573132232775
0.0936157428179
0.0591327799085
0.0536227941362
0.119153802023
0.082203252703
0.0466151084135
0.118451656338
0.1164061362
0.0718388451979
0.1167521998
0.0519064864825
0.0626767661558
0.0736053575016
0.0776245165531
0.0365123572754
0.2
0.10196663155
0.0652131325996
0.0478540274264
0.0919386616733
0.0720897407096
0.0832342524443
0.0520773721465
0.0971081848895
0.102299119993
0.0982644818464
0.0943670374105
0.0774585507625
0.0546016542649
0.0702149838878
0.151793723045
0.040289813576
0.0599999506474
0.0627070148259
0.0520236646284
0.124479212886
0.0366684543882
0.0509657840204
0.0631182555124
0.0626182436728
0.0553526725514
0.0591475827681
0.0486905812728
0.0526346089145
0.0463717408865
0.0813263548151
0.0854174919029
0.0599678804769
0.0379401523216
0.0673368565822
0.0831833665111
0.0585297049154
0.0836945853429
0.0445623855959
0.0942436498448
0.0937073035361
0.0732766716534
0.140240603265
0.0985599564991
0.0570257939379
0.102556424383
0.073930352146
0.0672424950752
0.0694759392833
0.0575012114849
0.0673367313414
0.0673243334375
0.0677796689481
0.0463977211683
0.0905379745503
0.0673159299061
0.0566720009847
0.0588624808674
0.0425144940137
0.0913293855899
0.0704567046715
0.0526503124314
0.0520117907697
0.0819260766379
0.111788400874
0.064237132945
0.0831822349049
0.0503854209111
0.0974520586485
0.0905541214946
0.105507694644
0.0606138662831
0.111649039255
0.0706950909869
0.0796816546232
0.106681599463
0.0572318519211
0.0378159876111
0.0800230847242
0.0499594033447
0.0810129139203
0.0900228071411
0.0566096336279
0.119892476753
0.0493662053806
0.0885495383458
0.0610893957251
0.0481502300184
0.118660122138
0.0808685360066
0.0486327193671
0.107808328618
0.1164061362
0.0611733053277
0.104128242629
0.0502099487615
0.0630653638608
0.0726983754549
0.0769725329306
0.0438661162974
0.174569722322
0.112153089505
0.0631901856969
0.0470657140359
0.0979427018995
0.0748279475218
0.0788595661566
0.0543832127861
0.0882357758589
0.107650995593
0.0857644818464
0.112809964422
0.077456182705
0.0554704107927
0.0604211364128
0.099696781524
0.0521687463316
0.0689415965999
0.0511526112913
0.0457397301838
0.163442104642
0.0367173584297
0.0447312768375
0.0523178235169
0.0836051606699
0.0594565117442
0.0499890237927
0.0508039019597
0.0500443076157
0.0471887706193
0.0852128681591
0.110987347418
0.0564560747042
0.0400327980618
0.064140857304
0.0672066054393
0.0660077593648
0.0862264624006
0.0435528485069
0.0791704516844
0.0890892476506
0.0648347126139
0.118393799798
0.125708976539
0.0569458735592
0.0790328838439
0.0639956237213
0.0669301432463
0.0669010524763
0.0704947255145
0.063992345288
0.0584700393187
0.0667143529665
0.0433780349408
0.0773774449697
0.0881504985983
0.0619383747019
0.0619572617342
0.0457852337883
0.0652726125544
0.0610164454203
0.0563526876764
0.0582032063898
0.0687907625225
0.111788400874
0.0719545607094
0.0714666155701
0.0536588372215
0.0971925410447
0.083715811234
0.0934674591726
0.0606702475448
0.12563150715
0.0619312179148
0.0823468536709
0.0930156192435
0.0562792075905
0.029151187709
0.0804142258938
0.0414882336645
0.077431165941
0.0875242464232
0.0586208012593
0.103458413247
0.056337927384
0.0660691172976
0.0582413523822
0.0525985870013
0.106010971603
0.0952808775932
0.046759826739
0.0894665505347
0.132886090771
0.0632107453089
0.124353246257
0.0456605927856
0.0561968869704
0.0777675075307
0.0812264059114
0.0368491716385
0.174569722322
0.0990420558544
0.0532649513493
0.04829860761
0.0778238121039
0.0756773509678
0.0795199643831
0.0494753817155
0.0755296438425
0.102299119993
0.0981458706176
0.107254408867
0.0589646939381
0.0563775551395
0.0551684488092
0.108480687649
0.0474344930502
0.0573942985508
0.0551339445026
0.0487482349551
0.107564501317
0.0401619041299
0.0441871247775
0.0579267045252
0.0799893716415
0.052397188571
0.0535984469607
0.0463858560476
0.045740917646
0.0446335249987
0.081958004806
0.11650088992
0.0560665827297
0.0412770593332
0.0642792921751
0.0798288932786
0.0572131256987
0.0724661509222
0.0422454558543
0.0764401619295
0.0819513661353
0.0524601325901
0.140240603265
0.0662640112093
0.0627220229196
0.0672129605088
0.0629656740835
0.0607788960927
0.0616519387447
0.0389288128243
0.0644447183359
0.0650938605612
0.0750662860118
0.0491901297391
0.0721956249974
0.0760721044367
0.0528665207423
0.0561584024217
0.0440040250315
0.0765012379096
0.0722442478355
0.0466087965613
0.050470602811
0.0810910641794
0.0982298557208
0.0626721438009
0.0698352819547
0.0518380409989
0.100837397647
0.0889154349136
0.0951414280169
0.056631134503
0.109043067406
0.0615908823823
0.0764352487729
0.0914443958659
0.0548217286428
0.0339134049126
0.0610863969901
0.054540363289
0.0707407274758
0.0904746702028
0.0572493560401
0.100547674512
0.0579031860441
0.0959606545346
0.05136256468
0.0512912486336
0.110555551832
0.0895365490264
0.0420509486947
0.123762569127
0.124956203327
0.0664645517566
0.109668416717
0.0474779489275
0.0627556560564
0.0802901154265
0.0796948309463
0.0393052729164
0.2
0.0937244158759
0.061096831412
0.0490984363016
0.095788303507
0.0765953495039
0.0795243825963
0.0534809263536
0.0882357758589
0.0993176622596
0.097458939063
0.103183774443
0.0787208283148
0.0613275028273
0.0584388156032
0.112812977263
0.0502540706462
0.0530641901342
0.0570508191443
0.0559872549209
0.109693911065
0.0413679066425
0.0401631859994
0.0634636781917
0.0658619502329
0.0525631535327
0.0548205542023
0.046858881629
0.0500687929869
0.0412104859646
0.0868260872127
0.0852430724531
0.0620136928666
0.0387227094667
0.0710938182275
0.0832820763229
0.0610690639405
0.0793477035214
0.0445041413565
0.0937416167925
0.0879189767075
0.0645200648351
0.140240603265
0.113312711145
0.0646441023369
0.0858825642109
0.0712458870765
0.0654520365162
0.0650581172545
0.056587911966
0.0693025615382
0.0526697588127
0.0702271290189
0.0506085803607
0.0593441154334
0.0628683273805
0.0566720009847
0.0583368014197
0.0511702592831
0.0830742341601
0.0626611264992
0.0710225766715
0.0513490609946
0.0902563819967
0.111788400874
0.0626079162484
0.0789847593721
0.0542433028539
0.0847868224164
0.0964798888362
0.105507694644
0.0615308199206
0.111988065409
0.0686445163268
0.0844637671471
0.108088674686
0.0475581396741
0.0347661473459
0.0718281585796
0.0508555456669
0.0791406568962
0.085889466483
0.0547024081522
0.108642930643
0.0509350688119
0.0983238633695
0.0597123592357
0.0435953449575
0.107925286777
0.0802839582153
0.0440901887421
0.107808328618
0.0876567076931
0.0694427128888
0.0935988698616
0.0458283170693
0.0573637446618
0.0784961442064
0.0761758219652
0.0425260999944
0.167461672792
0.0753239327527
0.0621593097029
0.0494565115599
0.0819068246576
0.0471113244741
0.0795243825963
0.0459665302321
0.0872449284203
0.0939657866597
0.101314585295
0.0845934928996
0.0629155579289
0.0517955733957
0.0662285931295
0.114502044407
0.0508815289081
0.0530066844436
0.043140383935
0.053663844505
0.139121674855
0.0412764014564
0.0530123114759
0.0673568461342
0.0636943377459
0.0612251020658
0.0516088024991
0.0525908545997
0.054102758298
0.0379533612424
0.0679257248085
0.103820173146
0.0708465574495
0.0381021049074
0.0659312074438
0.0737911136732
0.0518315660791
0.0745390669689
0.0404003277968
0.0995640756688
0.069430155383
0.0676788198722
0.131379969923
0.112531003815
0.0349632710696
0.0826762258938
0.0573204040482
0.0615772959456
0.0766891109366
0.0558790507586
0.0696877527648
0.0575444610032
0.0767317386593
0.04726718552
0.0755913498263
0.0724121907959
0.0550338744605
0.0688152462794
0.0427210318579
0.0732530730751
0.0627783277133
0.0710820919597
0.0486287291044
0.0771535716218
0.0850855993926
0.0746031615916
0.0758861635436
0.0421172709028
0.0643539965014
0.0779221156535
0.0984819353674
0.0571992146168
0.124052291804
0.0674508650636
0.0759465965172
0.102480521883
0.066140617177
0.0356587753229
0.0648302240785
0.0525377949764
0.0847935609602
0.0904746702028
0.0572118024323
0.083935426146
0.0605197254868
0.0728146275515
0.0604322647353
0.0530194575249
0.111473870895
0.0802568253462
0.0368485779051
0.0969784873988
