0.749737219959
0.720651691538
0.744710436587
0.0157350968669
0.684865373404
0.146702530669
0.69578389358
0.661256262146
1.0
0.15264614677
0.679518985443
0.816990074448
0.836556704223
0.820184659318
0.838964928323
0.0823599942418
0.1
0.178666492619
0.666666666667
0.110822782658
0.16298662744
0.534963427245
0.565969364816
0.268285520404
0.761567462775
0.644203346809
0.816527419221
0.740074165273
0.15115044635
0.0200934955516
0.608690489575
0.694543686326
0.491178389775
0.685224719427
0.724303649323
0.143865973593
0.100418532407
0.632037102744
0.14054760374
0.127118715102
0.778622536072
0.733166773179
0.0768590981717
0.755439252744
0.901234233456
1.0
0.0950765343354
0.520990714161
0.0456239493386
0.950138926758
0.830163773712
0.619903417489
0.0584284953879
0.0697363850836
0.660651205582
0.799854144051
0.0918438976785
0.764359226592
0.111785066326
0.124732697103
0.823529411765
0.7496499116
0.757662673723
0.08618217166
0.0837918808466
0.568557277503
0.660497163572
0.893404617149
0.718592235902
0.473327623514
0.0150671003988
0.632533912372
0.839850059479
0.0666666666667
0.041893727374
0.0243148661877
0.955990593021
0.795083549736
0.0889254842258
0.770571156291
0.765654477039
0.7726685821
0.0210681039236
0.842108391983
0.659234408244
0.115384615385
0.101147286208
0.0807436312982
0.142857142857
0.158956349857
0.032425385269
0.686053210753
0.757108433825
0.13088900608
0.251607794421
0.68107430538
0.816259619227
0.750195905871
0.539983987483
0.844521448806
0.698436817202
0.906337335242
0.813864995921
0.836382378745
0.0555555555556
0.869717353317
0.70837350889
0.689133692607
0.8
0.0987050164005
0.665097413124
0.873477685804
0.785302543343
0.745991797526
0.797642824505
0.0588235294118
0.91070248935
0.33720689997
0.8
0.181581660917
0.15984541846
0.112158610737
0.56034158302
0.151574263102
0.737429722281
0.719743302309
0.945214313235
0.772727272727
0.656948637791
0.780351205763
0.70669492591
0.74512911766
0.480614174336
0.664691730239
0.679347397215
0.712337095939
0.0314755552921
0.0554183669269
0.113446869817
0.198588230378
0.739160370524
0.0485473809316
0.727062311851
0.800591780752
0.807225455453
0.824619091943
0.654625837532
0.629830119863
0.806435127692
0.958441662771
0.792418524523
0.707160295663
0.151178920688
0.735715933232
0.653987111965
0.785714285714
0.0958939328316
0.719094963549
0.711739012653
0.128577469368
0.683592763792
0.851986531191
0.100200518851
0.166666666667
0.125
0.0831041182436
0.639373781606
0.885935632088
0.132513959521
0.508331060874
0.125630323651
0.729307327889
0.734381883068
0.633520646572
0.980812891024
0.0526315789474
0.825319745475
0.048365805077
0.728311205775
0.646630177549
0.168985975689
0.736531502289
0.185093018059
0.832303952221
0.699016825654
0.0424495348023
0.755232480763
0.614928828763
0.142857142857
0.024574403984
0.120319210494
0.80868043983
0.112213502785
0.801242366014
0.0195217724999
0.0686120092105
0.893349401496
0.698887687017
0.588588420531
0.80357920847
0.742434213614
0.722316024277
0.790840560321
0.858109404698
0.836195308828
0.788885137267
0.697672235158
0.779666527578
1.0
0.0376872352001
0.719406556166
0.767348974305
0.797109572077
0.679525705673
0.602384517629
0.0177186480094
0.62951103432
0.178666492619
0.654459893344
0.221623855732
0.107404852715
0.575722944488
0.262859684925
0.145390707521
0.739041020735
0.0507697575792
0.76669335756
0.807777724195
0.156430449668
0.722339613598
0.703184538448
0.629579801381
0.482019484005
0.856823973336
0.743361346668
0.0932166364382
0.643691451405
0.527976528513
0.0939242276968
0.710605773645
0.14461911348
0.631436978907
0.075575223175
0.749848277257
0.823346016374
0.738045981051
0.660326886003
0.0
0.539805028627
0.909405650893
0.823848916269
0.773123233011
0.370173518646
0.531007832715
0.779774350444
0.850890415828
0.751218361438
0.590632863948
0.772422038281
0.0
0.664914538929
0.797218478545
0.628448164978
0.899747873139
0.3125
0.1294774391
0.716744735651
0.597574493893
0.769230769231
0.59406895221
0.063796442135
0.710380822426
0.630444499916
0.12738708822
0.894075586285
0.0699609815078
0.565638428799
0.248835512759
0.0706342623559
0.698108021319
0.75
0.982516482123
0.285714285714
0.857042294602
0.575863534246
0.0769230769231
0.752556513954
0.633519165006
0.140360645044
0.791563362654
0.0
0.353923424582
0.176470588235
0.574012868894
0.701428337017
0.745600214642
0.91238710431
0.735578758897
0.642002760513
0.492108794932
0.508085839381
0.863825729352
0.120910665521
0.0
0.796189835894
0.0444242655514
0.719435040297
0.711227703167
1.0
0.125
0.763906993557
0.689454525845
0.829063636004
0.82020928591
0.738858327931
0.155034890725
0.1
0.33720689997
0.759373785308
0.0877529768739
0.712753511065
0.558775450841
0.038468123816
0.327885198518
0.805951897873
0.75
0.859862669118
0.874998518199
0.643917115662
0.719881808607
0.658404212567
0.700896017299
0.14282308884
0.648146735595
0.0834176649326
0.691075991257
0.691500873728
0.0792985036217
0.124611396266
0.423457458467
0.0404117474456
0.735706024735
0.111111111111
0.769090717468
0.857723437795
0.875436785509
0.792248261203
0.0
0.850074190598
0.878710355329
0.808365525424
0.656780728779
0.42690583828
0.0806849387357
0.0206231327096
0.735604216935
0.0998464461437
0.649698944703
0.645985044836
0.0
0.675457600382
0.768830474537
0.9
0.0833333333333
0.179456279871
0.51609158449
0.630216658948
0.734627030089
0.806429949048
0.537544471716
0.134941579971
0.828597447823
0.799325871119
0.10789516744
0.961359235688
0.0336178630562
0.906973273844
0.978832502707
0.243872951719
0.0416666666667
0.864663508397
0.837473948207
0.830345940492
0.879939520967
0.650345982346
0.0520666635203
0.816480027828
0.738512493356
0.0
0.846153846154
0.030112105198
0.693614423761
0.0800208245382
0.944387646092
0.797479108321
0.0357936045544
0.906564364667
0.786503229413
0.618699820537
0.757163781717
0.749737219959
0.840067394705
0.78352635495
0.157894736842
0.812329454766
0.908144146418
0.827038300685
0.757175518
1.0
0.109023746201
0.101291140009
0.758399978429
0.809026834731
0.836007921436
0.852384517629
0.0975344432413
0.133001732073
0.735777492802
0.663134470524
0.167419622283
0.2
0.0253840613505
0.497070166976
0.151574263102
0.795463051371
0.599705477938
0.875060148066
0.0154710522715
0.917475741748
0.779382667287
0.649069480032
0.814966038156
0.273011386022
0.755677020021
0.820917207449
0.696221263923
0.828229865523
0.767207287827
0.139643798519
0.350468683257
0.776600509815
0.764704099809
0.772870597443
0.695444915921
0.794406181206
0.902459996971
0.115384615385
0.673141216877
0.821294330003
0.950138926758
0.0339141417211
0.656780728779
0.151178920688
0.209091247544
0.786344947039
0.733333333333
0.0476280227617
0.694620117405
0.779206235632
0.0452441360349
0.725864205825
0.786566125017
0.857240601469
0.108377708593
0.271741166653
0.0625
0.641405522195
0.833904545834
0.62769184594
0.554044725402
0.162169759799
0.840881779143
0.762839665868
0.0667879023348
0.982012085335
0.18220960303
0.95232314244
0.978832502707
0.694563250987
0.737122978558
0.125
0.789365129686
0.857142857143
0.96315968111
0.690052412603
0.0136051250587
0.764956816164
0.738948428498
0.214285714286
0.253408891369
0.122307341282
0.823397329073
0.117647058824
0.827579612539
0.756974929985
0.0184242718843
0.906564364667
0.819433651443
0.681201384663
0.783937129317
0.698436817202
0.862882686719
0.929717215315
0.0
0.852998973174
0.973011585448
0.818676189967
0.755718534255
1.0
0.134437576281
0.729643900001
0.723460163936
0.820998113495
0.812580481641
0.696148279782
0.117647058824
0.177812727899
0.33720689997
0.777777777778
0.276243263275
0.120806090405
0.28680076083
0.607210800611
0.404694675936
0.748671107172
0.645399935967
0.917866981358
0.837444061626
0.0453193385573
0.78404922379
0.763332091684
0.706124057214
0.222222222222
0.744187377261
0.924224586951
0.662269930955
0.691720542626
0.648272219704
0.5524268429
0.147779702303
0.747416116842
0.706618402388
0.8362887104
0.71415566622
0.803751354788
0.778910871083
0.795732169253
0.0
0.184973183144
0.909556404952
0.830571933959
0.619414978555
0.508495696354
0.616233778792
0.659634470096
0.846153846154
0.0
0.765684736569
0.703815033829
0.570255222177
0.702897310222
0.750539875045
0.9
0.0833333333333
0.695035874455
0.107241258506
0.546529303174
0.763437523045
0.695141588894
0.562778952431
0.08
0.889689797654
0.839850059479
0.591285936801
0.982012085335
0.129578024082
0.230769230769
0.978832502707
0.111111111111
0.0847690737935
0.807363338211
0.79660875813
0.854582234707
0.819447627299
0.722437186935
0.0280872281716
0.145307502706
0.682848089224
0.835711569613
0.846153846154
0.030112105198
0.65194441043
0.117647058824
0.876585381161
0.68636799721
0.0592251791754
0.906564364667
0.765678730642
0.699521784933
0.78116524793
0.904043301502
0.85989445898
0.791458463699
0.123943676759
0.147501423451
0.920679077267
0.768313163403
0.806661066969
1.0
0.151794391436
0.0403375827798
0.724967064574
0.737164101795
0.0818950919741
0.0769230769231
0.153126532099
0.1
0.0745475351334
0.8
0.0307547738459
0.217641983664
0.0601617866832
0.119326437146
0.222222222222
0.65660250086
0.584100747248
0.862354822069
0.0909090909091
0.0730625142426
0.776555296485
0.656470893582
0.733129446678
0.725762776273
0.744903919775
0.838421045392
0.035610506475
0.0537733128104
0.646894306827
0.0696834697595
0.49273572235
0.0
0.695189524379
0.127150310215
0.716642375573
0.912582094478
0.877368702217
0.929355726123
0.784117044621
0.807498571616
0.812256582762
0.830571933959
0.619414978555
0.026547405569
0.181818181818
0.790183969946
0.182390087366
0.142857142857
0.670082792794
0.759351906442
0.0413993637695
0.822802921195
0.828006490918
0.0746160199873
0.166666666667
0.0844182492504
0.17468562622
0.715183051767
0.833904545834
0.0244904752689
0.0931926974353
0.626675520975
0.814729547603
0.825290973977
0.117099405718
0.888776213211
0.148142211958
0.0568026049071
0.108016647437
0.23515712875
0.0
0.118694799556
0.87569959891
0.843396252762
0.906196250363
0.598889072398
0.0252841869786
0.0
0.641618193962
0.928571428571
0.153846153846
0.0190219053357
0.804154638875
0.0782363129842
0.116705143324
0.0675841717237
0.0592251791754
0.913751721231
0.805406718856
0.602411042234
0.80357920847
0.698436817202
0.866122565889
0.845824955108
0.827367021134
0.814822496253
0.0817682655363
0.708242757244
0.732860399293
1.0
0.136392251601
0.76358987271
0.715053094912
0.823669727746
0.823529411765
0.835044785835
0.0385331288453
0.2
0.164535239839
0.830242661708
0.0832501737126
0.344555932195
0.100407830776
0.658596923221
0.849139120381
0.624255060605
0.107914130682
0.829091553778
0.762715001225
0.142460241527
0.759610027767
0.711770171513
0.673743295317
0.45223694946
0.731267258828
0.952380952381
0.683763701632
0.0866423337824
0.110160050188
0.137414747007
0.0524433214133
0.124851900216
0.667508349092
0.823555995733
0.770935378163
0.884498696098
0.902459996971
0.897243880739
0.0
0.795130970134
1.0
0.917418524523
0.619414978555
0.504433780037
0.842442712941
0.76559982562
0.0287686028639
0.0219695384893
0.647964922118
0.708430146548
0.570255222177
0.736075787891
0.748959444465
0.923076923077
0.109642651244
0.695035874455
0.193157998882
0.6088223994
0.795054364353
0.0994387814753
0.497394477884
0.0286272829897
0.68212199828
0.839850059479
0.526681392806
0.982012085335
0.0204863404838
0.955990593021
0.119294086913
0.111111111111
0.708765103348
0.758102934238
0.787332910044
0.723754603493
0.943470379086
0.65919628722
0.115384615385
0.141141753393
0.685315180779
0.285714285714
0.135656205531
0.122087555724
0.970422153664
0.176470588235
0.091999368295
0.0715979165353
0.568772371304
0.836828644308
0.812891075824
0.659159894168
0.7631051641
0.698436817202
0.719043364295
0.730407450619
0.816315958833
0.111598303952
0.908144146418
0.778286663431
0.0516991367085
0.872848611608
0.089944144377
0.688145146437
0.66481336028
0.80842617069
0.825075116198
0.153846153846
0.0
0.1
0.147108066094
0.705242661708
0.0877529768739
0.762892739609
0.159601101493
0.0964779553577
0.213968912219
0.715106573029
0.702567359528
0.701358486867
0.0909090909091
0.14879849441
0.661770282546
0.63664728727
0.663407666091
0.365015648074
0.811123352736
0.0708170418456
0.04
0.0440157925988
0.687944497956
0.123447844401
0.198357195246
0.238950017096
0.721857271318
0.81566746446
0.667709033254
0.928143164603
0.933333333333
0.873125584664
0.242405882225
0.752834683215
0.883404941178
0.801173892649
0.927747879613
0.178226271516
0.028328472431
0.712026104643
0.775157908516
0.0
0.784561248571
0.656903710267
0.0380539671216
0.720804896235
0.0538779920108
0.0
0.892591319363
0.756348105152
0.0804133971956
0.583061863683
0.0353247508059
0.605000964412
0.534482478473
0.0709320677025
0.626762239653
0.839850059479
0.617589060499
0.0802495916494
0.842330077306
0.95232314244
0.0876330030823
0.243872951719
0.115669538673
0.416361222019
0.732766300655
0.271396415517
0.804531285053
0.0960656388229
0.0384615384615
0.801794123735
0.625767290203
0.022051050231
0.0465794039364
0.202480107081
0.879513062755
0.134629740227
0.628594367139
0.136642992191
0.550298665313
0.635076226872
0.926858609729
0.677347229307
0.632734810603
0.0
0.762918675595
0.936734046017
0.177711432223
0.131186631985
0.0585205305428
0.796995080879
0.7398117788
0.8
0.0943952086135
0.118492382264
0.673961781507
0.0807261142021
0.863030505691
0.153846153846
0.13956783716
0.2
0.164535239839
0.740797036388
0.0823083895874
0.127504985998
0.657767552878
0.0184378624594
0.333333333333
0.673086974635
0.603578332664
0.921641143029
0.0
0.412338445017
0.0903510725809
0.669523264318
0.663419411774
0.111111111111
0.684783884349
0.125
0.107743020027
0.0322580645161
0.0705152546223
0.203551586146
0.261177028451
0.0625
0.72080659813
0.7785301157
0.796002289227
0.7337242951
0.651679960391
0.779878467045
0.523957219672
0.0776718618955
0.73523080191
0.917418524523
0.162442495285
0.0602698297788
0.0756273018206
0.144282963843
0.2
0.0969366564427
0.0588235294118
0.178992465406
0.199427883939
0.775604794628
0.0238923868702
0.102309024672
0.279577488201
0.150592384933
0.0820178755287
0.0516297908806
0.641156587835
0.0725783424212
0.433463428122
0.149788127311
0.843702246268
0.77016898934
0.152656320096
0.0588235294118
0.813964251272
1.0
0.0524945350737
0.111111111111
0.141534370777
0.168985975689
0.099886375719
0.0482922692583
0.790765958194
0.592931538333
0.0608065703758
0.197221510046
0.0917538235207
0.0736168410533
0.153846153846
0.0717308683686
0.763101975292
0.0800208245382
0.872247749091
0.0526315789474
0.0694748531742
0.836828644308
0.812819494386
0.505515741964
0.836502684608
0.749737219959
0.871835980567
0.834970014233
0.201061412816
0.834982357117
0.955879751085
0.788974301871
0.0728082938203
1.0
0.0987050164005
0.0150007873059
0.759633172133
0.828773690138
0.875
0.786816477811
0.065462828252
0.1
0.182913936728
0.8
0.114088107179
0.0882559656236
0.163660060645
0.568314036531
0.147779702303
0.714556935605
0.558796250493
0.809792238545
0.840907743817
0.222222222222
0.797229476242
0.611069217994
0.746346838245
0.508766568142
0.715459450524
0.864678150156
0.0617171852967
0.0569511961655
0.59988017139
0.097021022828
0.0
0.746461067994
0.661447697795
0.8362887104
0.860181267632
0.834126490267
0.780610950567
0.830716864251
0.720979923594
0.707267867754
0.909556404952
0.917418524523
0.773123233011
0.563636384383
0.117518559925
0.71450373608
0.753344236329
0.0714285714286
0.70604166357
0.748879536051
0.0833333333333
0.740982253255
0.0445735426361
0.0893173792475
0.203447633801
0.695035874455
0.131846388371
0.607450330701
0.764232049958
0.0625914584188
0.573223387794
0.0835636668456
0.873073910355
0.839850059479
0.102819163954
0.982012085335
0.095510633011
0.0769230769231
0.062949688979
0.149597780555
0.717469342228
0.324217231636
0.814335564847
0.148474237688
0.947818811464
0.606081118043
0.012220281173
0.77280050537
0.115119937055
0.214285714286
0.277846574359
0.0156914668946
0.129510764364
0.0211972951265
0.906499687609
0.137731781865
0.0724367158901
0.823231031334
0.805406718856
0.598361694804
0.7631051641
0.333333333333
0.764248597606
0.0909090909091
0.750541161449
0.695749524619
0.908083945624
0.0417416201845
0.77958706908
0.2
0.202248478943
0.0557789487817
0.72962418106
0.0559669845188
0.472335715032
0.786816477811
0.114196950272
0.0727076987388
0.0641941293665
0.1
0.0772254936978
0.0195912096479
0.104836531233
0.144654404121
0.0
0.734988867161
0.0287686028639
0.709566164563
0.806262832504
0.815533992665
0.695291687901
0.708511599619
0.604930730264
0.222222222222
0.770627014534
0.0540914788284
0.681325114395
0.689575740825
0.0933012542926
0.110911454086
0.310360667295
0.0233462187049
0.566344890286
0.815657590489
0.733552721779
0.643232995026
0.173906679517
0.717656857546
0.263046348234
0.58871544618
0.887907917848
0.888888888889
0.773123233011
0.0
0.700346328478
0.159062710767
0.153507116338
0.192311027187
0.559272336694
0.701818428971
0.0
0.627555091231
0.733029774474
0.733552721779
0.653098895881
0.0828712792052
0.132260684887
0.105770205267
0.60312502095
0.0769230769231
0.0630441408905
0.0361494012922
0.696755868419
0.617152772812
0.577033210642
0.0755911237654
0.0769464451351
0.595808124006
0.0747262572535
0.724397257753
0.0979297198842
0.195780817554
0.754893055202
0.710902216254
0.967043002772
0.679588655243
0.0704876422412
0.0901836787178
0.0703891284655
1.0
0.153846153846
0.105263157895
0.229011917728
0.117647058824
0.471233525277
0.797479108321
0.634567835021
0.879648353842
0.759712428034
0.486966102468
0.733148650708
