0.132948487595
0.0644065872377
0.107012265683
0.0526185096077
0.0524744155469
0.0754011583704
0.0811595397551
0.0445620019256
0.2
0.0930698302721
0.0643672858723
0.0546659100223
0.10310214346
0.0732385191158
0.0869903542572
0.0522309205679
0.0905693485604
0.107650995593
0.0823986287285
0.0920314165171
0.0797806471918
0.0526527173446
0.0669096968069
0.131783619075
0.0597218767334
0.0689130051502
0.0704306826356
0.0497320268642
0.121562147233
0.0444514941161
0.0520778780964
0.0659193210002
0.0794315793891
0.0647358047956
0.0550510722957
0.0497163332888
0.0507442279598
0.0485105334925
0.0862867378109
0.101749554692
0.0695662052198
0.048070488275
0.074976791214
0.0830347732104
0.0621538156014
0.0933241085234
0.0442562942371
0.074977738265
0.107637084312
0.0738065203965
0.126295434886
0.10907222772
0.0791444153441
0.071788555259
0.0725145915344
0.0764008377607
0.0724191206303
0.064472903776
0.0784612621498
0.0624487135094
0.0851496859832
0.0506924859477
0.081858052159
0.0542306109621
0.0486080722157
0.0582762551221
0.0456987632281
0.103799692249
0.0803615633002
0.0597736712355
0.0501108527476
0.078147238254
0.115235958147
0.0753383888973
0.0721198516786
0.0543981241382
0.100879216175
0.102317571565
0.116700846111
0.0676858836417
0.120521335971
0.0770273861724
0.0740779048032
0.112272318869
0.0681519747368
0.0327848760513
0.080189314679
0.0552079397936
0.0769504200274
0.0931746102052
0.0579554869457
0.0917651084668
0.0563392997012
0.0858714265249
0.0593469091198
0.0627904004418
0.127141845302
0.0819315813353
0.0507570696551
0.13538650929
0.124398420469
0.0734777533186
0.116358924529
0.051056599358
0.0578559005489
0.0767889028655
0.0758359447036
0.0413379877794
0.181717185297
0.0930698302721
0.0620059600869
0.0592981824863
0.098929566465
0.0669835749256
0.0813016156751
0.0553571670956
0.108781597535
0.107650995593
0.097458939063
0.102083045606
0.0828515915899
0.042557027653
0.0636079905864
0.135762055499
0.0592565747877
0.0721816560929
0.0682050452569
0.0525205990905
0.133517415718
0.0453734163705
0.0513149910292
0.0692721807565
0.0754959773684
0.0608664898735
0.0502526633873
0.0573151547944
0.0528695855644
0.0441012141489
0.0945716966922
0.0982225988341
0.0645382309921
0.0443147188978
0.0607497795313
0.0829567849727
0.0592782104478
0.0862099761303
0.035473296431
0.0892072407073
0.10143424342
0.0794006918492
0.131520252667
0.118767436406
0.0600286753213
0.103646164759
0.0612429216879
0.0670051061877
0.0772605295354
0.0657188678638
0.0685211500642
0.060236132513
0.0834688382099
0.0528970477351
0.0720918580406
0.0674385678558
0.0545320372846
0.049676643337
0.0548851629837
0.101217378109
0.0757706979671
0.0709131709144
0.0560555328488
0.0748737442205
0.108289303929
0.0755971043597
0.0825645206166
0.0467604618747
0.0918926488546
0.100121915229
0.109369282454
0.0580240444076
0.116549689036
0.07123619973
0.0865924269284
0.104505490007
0.0580236025372
0.0296963325052
0.0768035305279
0.0525293724579
0.0755076056291
0.0955131946184
0.0570716951547
0.106637459571
0.0548396525526
0.0922271956848
0.0609301440565
0.0539088946552
0.143349723882
0.0740935103167
0.0530195414637
0.130439671636
0.13719515918
0.0664747390436
0.108076498136
0.055665308538
0.0665064524969
0.0804891624985
0.077321200642
0.0422744591942
0.2
0.0856390862156
0.0683278079683
0.0581795682817
0.0982201509392
0.0616572044036
0.0649084284813
0.0524629807813
0.0751743116064
0.102299119993
0.0798365258844
0.092481938592
0.0690964208748
0.052558067718
0.0612688883537
0.14934613436
0.059598737681
0.0558066064224
0.0570511360411
0.0543050153988
0.128086034626
0.0426037907352
0.0584485235616
0.0561502162587
0.0791980217096
0.0764054593871
0.0546772896943
0.0566281033335
0.0587135322101
0.0356854219089
0.0825888632539
0.108623219548
0.0672557607776
0.0412466108572
0.0735757062769
0.0780206631762
0.0590558610024
0.0817001859892
0.0394790178453
0.109539989662
0.0769984179694
0.0732700166011
0.119148557092
0.113312711145
0.046852371924
0.0885712773967
0.0809966942298
0.0712476793924
0.0918039698119
0.0467638780279
0.0783438901231
0.0668906764727
0.083524247209
0.0540831731797
0.0628643171629
0.0828348138304
0.066056488318
0.0595586503771
0.0631900105259
0.0736296358101
0.08786052114
0.0835442589567
0.0497106677394
0.0796505640671
0.100572436299
0.0572029021248
0.0710584813995
0.0397686999371
0.0635556708501
0.0801786223172
0.0929748707397
0.0660669968711
0.125212979124
0.0935213182207
0.0910378488651
0.113149063161
0.0682826449316
0.0383729268608
0.0868449029892
0.0569727721857
0.0732886991579
0.0845498363139
0.0597545814233
0.0882927217295
0.0593798931194
0.077019116624
0.0588605890598
0.0614327783872
0.107057427268
0.08096974826
0.0492724539013
0.0921105445023
0.107597456467
0.0711213420557
0.123746153319
0.0570411940571
0.063356565479
0.0832012440379
0.087229966748
0.0430683046344
0.2
0.0941083300913
0.0713222242358
0.0534841423216
0.0996449316668
0.0757888144197
0.07578926944
0.0548376959596
0.0905693485604
0.107650995593
0.0927165742934
0.11767016936
0.0859330321383
0.0552833140405
0.0597124603711
0.139801986492
0.0646386225748
0.0730677631053
0.0562317632872
0.0563032342165
0.126425102467
0.0416336823446
0.0507883097082
0.0717743948824
0.0573632312953
0.0609820980698
0.055122002866
0.0509222081694
0.0463479916251
0.0450741220224
0.0906499122361
0.107046574637
0.0628308471759
0.0463841504539
0.077126427299
0.084577889882
0.0606800442477
0.0907315450115
0.0449376534271
0.106779445098
0.102571373201
0.0659281698257
0.129219944389
0.10038576623
0.0549027630629
0.0887806424469
0.069863938651
0.0669767180396
0.0672037643133
0.0676409522429
0.07021128635
0.0661738348269
0.0753532474414
0.0516187438409
0.089083417723
0.0718197711239
0.0557785209698
0.059716944055
0.0524601973116
0.0850822880851
0.0851511234433
0.0679729659113
0.0512541748391
0.078918907286
0.108091629558
0.0741763816856
0.0824449126072
0.0465820378335
0.0985002306717
0.11615232818
0.115325253199
0.0606224025646
0.127935545244
0.0762310449959
0.0925492805324
0.118643072997
0.0635610865265
0.0355114431291
0.0854943171191
0.0584575731454
0.0733329991085
0.0910922889897
0.0634551772334
0.097390397314
0.056594861486
0.0967572942208
0.064575030494
0.0559320730348
0.142348885515
0.0848024693748
0.0534881498591
0.126869254194
0.132948487595
0.0700615119555
0.123462492879
0.0528325850011
0.0647707963851
0.0774061191747
0.090108628665
0.0427794170735
0.2
0.104114592931
0.0693124673233
0.0548534455525
0.0985249486378
0.0738276713899
0.0841391977121
0.0637347445061
0.0905693485604
0.102660756584
0.0837308363958
0.103454808868
0.0800443804201
0.0622038510528
0.0557557796706
0.134358487868
0.0607949619353
0.0660448454067
0.0655481644588
0.0501839732486
0.151982000519
0.0441692767561
0.0496726531752
0.0728523963756
0.0910364911934
0.0622274040299
0.0583196480319
0.0523640128471
0.061501041934
0.0547175459225
0.0894172165632
0.105188811152
0.0685135417097
0.0469493577478
0.074642306792
0.0814670493982
0.0616076739388
0.0901110698074
0.0441527544504
0.0918833496779
0.104012461212
0.0737527463091
0.105735199601
0.10038576623
0.0582742946953
0.102090897923
0.078626262792
0.0705938181578
0.068518359905
0.0683845114134
0.073155701666
0.058443697494
0.0783465903103
0.0486315921166
0.0838580145268
0.0840657318817
0.0566899907842
0.0619725263338
0.0551051490064
0.0940070718759
0.0807919103954
0.0651862707241
0.0536743552721
0.0838694650287
0.0978091140727
0.0599472701406
0.0810807086663
0.0520327248283
0.100840765438
0.11615232818
0.104720727555
0.0669022323877
0.100990151689
0.0748187374706
0.0937301705894
0.117127408215
0.0653613854529
0.0348651618724
0.0785713071106
0.0556031413666
0.0805208702364
0.0984804136322
0.0603565781029
0.113622192298
0.054273264203
0.0978021478713
0.065805765292
0.0488584862341
0.134068554362
0.085584670126
0.0546342824215
0.135791331108
0.124398420469
0.0744779432343
0.127121442609
0.0543341587166
0.0676254624495
0.0816264542303
0.0855935219668
0.0442569391545
0.2
0.107460183677
0.0686009463074
0.0518623832872
0.105005682278
0.0687471245162
0.0717497919709
0.0563877090445
0.0956901241587
0.107650995593
0.0971765989589
0.10186711955
0.0700005873701
0.0651126627984
0.0692114557159
0.147725461852
0.056550773045
0.0644841766063
0.0637241895311
0.0546406325948
0.117871872148
0.045066501431
0.0652526918364
0.0637920966176
0.0647383948842
0.062877256486
0.0619890123203
0.0521249066631
0.0478159826226
0.047933260887
0.0966067677169
0.0956364679218
0.0647114542234
0.0429597520809
0.0777051979769
0.0801215059696
0.0611365639458
0.0847891336567
0.0426726438932
0.106779445098
0.104554787044
0.0703976310023
0.126340786025
0.0985599564991
0.0609786658508
0.09049798578
0.0719322795717
0.0706562613449
0.0699235235118
0.0728438010001
0.0671513026233
0.0623398327534
0.0703937300704
0.0531372260646
0.089083417723
0.0666897874722
0.0588742922924
0.0582469908837
0.0490331282066
0.0850822880851
0.0864488819792
0.0628292850176
0.0546230194268
0.0895192243578
0.115235958147
0.0705572974024
0.0810807086663
0.0525964717264
0.088758011006
0.11615232818
0.101848596069
0.0641857038541
0.122633127825
0.0670536820687
0.0906701355913
0.112690512333
0.0685567337467
0.0351618729107
0.0841037024216
0.0552395111178
0.080394551131
0.0929304884428
0.0634551772334
0.100751108025
0.058016316192
0.102863411421
0.0576418638707
0.0571036517659
0.142348885515
0.0834153767503
0.0544764705623
0.116628809715
0.150673883584
0.0750280088465
0.127224475436
0.0508283574953
0.0649006697126
0.0827766678477
0.0860367841916
0.0468776504564
0.2
0.102115065363
0.0656801174481
0.051946699693
0.0908322855874
0.0638068102536
0.0677372247806
0.0576982917977
0.0905693485604
0.10786503945
0.097458939063
0.110612026509
0.0708937961602
0.077695895767
0.0647723040714
0.124870421828
0.0552952401132
0.0630033166568
0.060578443257
0.0479414170177
0.146844481788
0.0417752350483
0.0493254260249
0.06870987554
0.0979905824148
0.0600214736646
0.0571279619057
0.0501852399405
0.056017945136
0.0479221060681
0.0887705791832
0.117147584738
0.058792375903
0.0463337794557
0.0718532592989
0.0815864168819
0.0665502101114
0.0872189953749
0.0487888141184
0.109096820387
0.106861763936
0.0675491216802
0.126340786025
0.0985599564991
0.0635990002645
0.113195279989
0.0808008535141
0.0629591367632
0.0662433380638
0.0668467886495
0.0707647514381
0.0525581389426
0.0879480482029
0.0548783212951
0.0638713980243
0.0605258632586
0.0503438455306
0.0576283751167
0.0544881106222
0.0943242418967
0.0675857488343
0.0612696584994
0.0519327868566
0.0879546494676
0.116787451352
0.0643713599403
0.0744005648344
0.055013576957
0.0978067868969
0.0955805708843
0.114453670902
0.0615476309387
0.106491466293
0.0778828096732
0.0867066289208
0.116359773237
0.0596557007932
0.0328867437434
0.0821917501444
0.0509790167697
0.0811703201512
0.0936182416246
0.0586473332555
0.104012321758
0.0591008739516
0.101172865508
0.0641835044371
0.0566452902149
0.134003153761
0.0854775939978
0.0518584949009
0.130439671636
0.124398420469
0.0761882437238
0.11911228541
0.0543664643774
0.0655685900205
0.0777592490191
0.0822433229106
0.0400822053461
0.2
0.110068774529
0.0689486147218
0.0524804869847
0.100647784004
0.0720897407096
0.0832342524443
0.0586748378195
0.0997801799743
0.102299119993
0.0982644818464
0.0992272423489
0.0865510705822
0.0583455203625
0.0755430073266
0.151793723045
0.0474615986821
0.0660266279916
0.0691027990315
0.0531974396925
0.127689998304
0.0391460916897
0.0548524918995
0.0659247246931
0.0695797927229
0.060885185731
0.0626131964218
0.0533615895213
0.0545020417579
0.0504384111021
0.0874899245602
0.0935094493863
0.060942726875
0.0410261955406
0.0757470275793
0.084658452099
0.0600596879035
0.0865373014268
0.0463618062704
0.0970722228163
0.103719871412
0.0791004637331
0.140240603265
0.0985599564991
0.0594391944441
0.123627258209
0.075077055738
0.0684637506467
0.0738132093247
0.066444077561
0.0716836976479
0.0673243334375
0.0728419941097
0.0496951794894
0.0905379745503
0.0703298971794
0.0588742922924
0.0597302795804
0.0469840966235
0.0913293855899
0.0808125969415
0.0598489467539
0.0548778764563
0.0819260766379
0.115235958147
0.0683901210562
0.0852781841991
0.0518529218668
0.100879216175
0.0991853527408
0.11491491222
0.0629032766243
0.111649039255
0.075027846471
0.0826907044266
0.119985579671
0.0653191245162
0.0386134454886
0.0888706281023
0.0527606301358
0.0810129139203
0.0959992465042
0.0610296573266
0.128039129639
0.0509592986804
0.0939379569692
0.0652308785581
0.0517061077581
0.130574245161
0.0844174635807
0.056251512872
0.117808564247
0.124398420469
0.0642176450426
0.106724336799
0.0534776538938
0.0646794609656
0.0774061191747
0.0796302440012
0.0465465703433
0.174569722322
0.112153089505
0.0680033761573
0.0512756184274
0.105429959927
0.0748279475218
0.0788595661566
0.0609371749185
0.0905693485604
0.107650995593
0.0857644818464
0.11767016936
0.0804155935506
0.0578492681422
0.0642317338804
0.102621981635
0.0593925052781
0.073406946311
0.0572007805993
0.0479049178674
0.163442104642
0.0394734774364
0.0492653119506
0.0559261410349
0.0898979464719
0.0625863952671
0.0535767368065
0.0538091769128
0.053266452536
0.0493284148638
0.0916349905075
0.116746637626
0.0573796133971
0.0431035323098
0.0715349860655
0.0731245362265
0.0687711616006
0.0901728208976
0.0454355443403
0.082281881953
0.0993515202123
0.0701614901437
0.118393799798
0.125708976539
0.0607740704447
0.0871279606001
0.0679674704687
0.0682133450236
0.0695955443414
0.0761002037455
0.0700871179614
0.060005607676
0.0709664895289
0.0475322474098
0.0773774449697
0.0901807930461
0.0641406660096
0.0645276955504
0.0498738030034
0.0669394501983
0.0683591746941
0.0635825911578
0.0603444019216
0.0719673743379
0.115235958147
0.0758476708633
0.0723049952878
0.054685869359
0.100905295032
0.0930850323414
0.102874676749
0.063004992314
0.12563150715
0.0693134357873
0.0878169197499
0.105361022953
0.062598827127
0.0294485525732
0.0885084766951
0.0463459204442
0.077431165941
0.0922441212385
0.0629527892019
0.111605066133
0.0582117855787
0.0674432257952
0.0627776741276
0.0568261658154
0.117700135832
0.0987023362121
0.0566213411958
0.100499485828
0.132886090771
0.0664354171439
0.129073417476
0.0484827017635
0.0585164350003
0.0815066858487
0.085834372557
0.0398476654145
0.174569722322
0.0990420558544
0.0569963853856
0.0509422118891
0.0868876394088
0.0756773509678
0.0795199643831
0.0565521677697
0.0775298490152
0.102299119993
0.0981458706176
0.112114613805
0.0629748475529
0.0598029216599
0.0593863539588
0.113326123049
0.0553556765849
0.0589208699459
0.0603941006334
0.0504403644701
0.107564501317
0.0433711724647
0.0481436827575
0.0614542182961
0.085840829622
0.0557294314414
0.0582680064741
0.0511909726477
0.0476695562409
0.0472109369622
0.0900537419377
0.119172304762
0.0588839801174
0.0453527917429
0.0708035234352
0.0812151038068
0.0612496711327
0.0738516760851
0.0432234018731
0.0764401619295
0.0923066036955
0.0601068572759
0.140240603265
0.0662640112093
0.0647641310403
0.0794485736034
0.0668068353706
0.0632091618232
0.0645692563712
0.0447892079676
0.0678926439166
0.0650938605612
0.0803870075744
0.0514410606713
0.0721956249974
0.0760721044367
0.0539028931224
0.0571193491419
0.0474958888559
0.0765012379096
0.0801638314404
0.0520918843877
0.0531063534564
0.082166007979
0.0999536343575
0.0669802183494
0.0723495381735
0.0526488558443
0.104264555173
0.098284656021
0.102377749229
0.0598879908493
0.109043067406
0.0672658366912
0.0790423591828
0.107065423405
0.0611579583485
0.0351165780524
0.0679944482134
0.0589144738574
0.0739914893187
0.0936182416246
0.0616693797388
0.112464288219
0.0596908367182
0.104525393583
0.0536403802382
0.0561050439216
0.125404903571
0.093089350087
0.0476372267856
0.13475158315
0.132948487595
0.0707220953737
0.112264510887
0.0505520935377
0.0656474799211
0.0838200442149
0.0830170193518
0.0422475351297
0.2
0.097297671864
0.0645202670731
0.0537428675459
0.105941375964
0.0765953495039
0.0795243825963
0.0610281064108
0.0905693485604
0.0993176622596
0.097458939063
0.107472190565
0.0847709215129
0.0641028364018
0.062850500068
0.115265004765
0.0581639003257
0.059523255943
0.0618668864311
0.0583492778484
0.112087318964
0.0443418224529
0.0439342538744
0.067432131184
0.0736936929142
0.0584211086641
0.0581325948557
0.0507385440646
0.0520001090281
0.0437013452034
0.094559296011
0.0898332497579
0.0645871753741
0.0425050293323
0.0790568855581
0.0832820763229
0.0634105788396
0.0835416751674
0.0459078527831
0.0971987615354
0.0998316508527
0.0703438569149
0.140240603265
0.113312711145
0.0675938140668
0.102090897923
0.0732722593685
0.0682314024341
0.0704847751235
0.0628588320298
0.0726281338338
0.0526697588127
0.0737332570796
0.0546955202603
0.0605817000957
0.0644925629387
0.0588742922924
0.0583368014197
0.0576412501853
0.0830742341601
0.0723697755023
0.0772485094132
0.053268067876
0.0902563819967
0.115235958147
0.0674545001154
0.0810807086663
0.055013576957
0.0896033634405
0.105849109944
0.11491491222
0.0642606457214
0.111988065409
0.0740081259047
0.0872379440294
0.123154002216
0.0556517556531
0.0354689878194
0.0799422689936
0.05536887579
0.0805208702364
0.0906093412983
0.0593059208403
0.11973884644
0.0535896814804
0.104403041531
0.0640510555369
0.0481215685389
0.122401776383
0.0839748428924
0.0519726239264
0.117808564247
0.0876567076931
0.0717710270919
0.0935988698616
0.0482360957712
0.0573637446618
0.0820260729948
0.0808029982205
0.0446445521648
0.167461672792
0.0753239327527
0.0649777913852
0.0560092192589
0.0913108846945
0.048184295395
0.0795243825963
0.0531539786628
0.0872449284203
0.0939657866597
0.101314585295
0.0910362222434
0.0653853679897
0.0527161279134
0.0695751724925
0.114502044407
0.0610323086494
0.0590501257181
0.0484273850899
0.0549549970755
0.139121674855
0.0440922209282
0.0560008286423
0.0722302114624
0.0699303223425
0.0651500778995
0.0553435371294
0.0550081022063
0.0568144409455
0.0398983423206
0.0755227239242
0.106734443883
0.0727962502457
0.0423786799891
0.0728632031577
0.0767450330853
0.0554999936623
0.0806986273371
0.0418566433798
0.102675505937
0.0785296524904
0.072017920178
0.131379969923
0.112531003815
0.0349632710696
0.0957989981619
0.0608871178526
0.0649830906475
0.0835721157948
0.0601247800551
0.0735558872147
0.0575444610032
0.0833693611575
0.0498332447794
0.0755913498263
0.0744850046071
0.0578130935857
0.0729827845214
0.0477112569741
0.0732530730751
0.0696617025422
0.0756909724007
0.0509825609444
0.0822154959466
0.089156535066
0.0760164462553
0.0777492295829
0.04419630454
0.0662103734948
0.0844192607868
0.108934399341
0.062049518252
0.124052291804
0.073020389356
0.0774327627042
0.116481403054
0.0704057717785
0.0363708810227
0.0745269099297
0.0552934463391
0.0847935609602
0.0936182416246
0.0620245656971
0.0928532007027
0.0624066900872
0.0789279420652
0.0646419226316
0.0554063309108
0.11830350313
0.0840865658124
0.0432967698057
0.10816604526
