0.780173160436
0.747040897992
0.771466659823
0.0259189641341
0.70002515026
0.10699618274
0.71947857146
0.680978082176
1.0
0.2237050164
0.707151123786
0.827142382884
0.836556704223
0.820184659318
0.858490239947
0.111420468736
0.159022528148
0.23651021183
0.666666666667
0.143066748825
0.249075512203
0.564318190345
0.578877013826
0.191990717834
0.78434680706
0.66865174622
0.827470651988
0.770508877546
0.0604156427063
0.0701966905253
0.653064748605
0.716337564605
0.569504070018
0.729576887681
0.724303649323
0.123394090666
0.125317776832
0.6469587133
0.141202562048
0.121218209501
0.778622536072
0.763770404299
0.0865858900295
0.77121067589
0.901234233456
1.0
0.0858933469789
0.563658302298
0.153976373216
0.950138926758
0.830163773712
0.680531275387
0.0664528735546
0.0899391607593
0.693342832987
0.828715229245
0.0918438976785
0.764359226592
0.193844630797
0.0336403682481
0.851312277193
0.769253463606
0.757662673723
0.14544015769
0.139716995618
0.582331061074
0.694337292335
0.893404617149
0.737799343674
0.518437527096
0.0494872888116
0.656812835964
0.839850059479
0.10526585177
0.0381587231
0.0769464451351
0.955990593021
0.812729804955
0.111358121321
0.796492575624
0.765654477039
0.790478415787
0.117710093465
0.861368725702
0.664245753636
0.0648719039612
0.0966550417908
0.117477650582
0.172393820641
0.228647061523
0.0977298108546
0.703945237413
0.771996492345
0.205690391662
0.197625666145
0.716088381382
0.816259619227
0.750195905871
0.592825050277
0.863174543555
0.728872757679
0.906337335242
0.813864995921
0.847527186434
0.0810850597616
0.869717353317
0.729718232524
0.705755588044
0.846929712583
0.294757185875
0.674800369172
0.873477685804
0.789599623305
0.771579474689
0.797642824505
0.244678020575
0.91070248935
0.187253579028
0.8
0.216789459098
0.0765269610188
0.14155064226
0.573205228333
0.182603244687
0.760213614869
0.747676929428
0.945214313235
0.79395489423
0.656948637791
0.816286966276
0.750322750636
0.761396334511
0.550237001219
0.670872657806
0.693497949888
0.721912419019
0.0554289305956
0.100725537735
0.147316802008
0.225420668504
0.749820431888
0.0821665198049
0.759303187434
0.815150017502
0.833683876636
0.843670736454
0.688184108859
0.65264315299
0.81921608832
0.958441662771
0.792418524523
0.767788153561
0.191228050344
0.762815118996
0.702894298887
0.812494250816
0.0943525423305
0.719094963549
0.724286106838
0.100884010286
0.711099612886
0.86173114084
0.0916880257689
0.20419389065
0.135523665949
0.123572046485
0.674065955782
0.885935632088
0.145929009877
0.560244128631
0.0856303236514
0.742572243926
0.750970730141
0.68129741483
0.980812891024
0.140586978189
0.850270497558
0.170563522701
0.728311205775
0.670776461139
0.168985975689
0.755549570964
0.202468304162
0.849679238325
0.699016825654
0.0967756858863
0.767094484779
0.636483240516
0.18882078469
0.0470773435896
0.116406778405
0.849956592987
0.0365282128595
0.801242366014
0.0755325175992
0.0475660048145
0.893349401496
0.709052170632
0.63579894297
0.819545460116
0.286036254127
0.733196524216
0.817596783557
0.858109404698
0.864280496939
0.83108727213
0.707937248771
0.779666527578
1.0
0.0698920018572
0.75392930617
0.79791032713
0.809592969958
0.679525705673
0.640572567757
0.0584862453602
0.649017093766
0.265765259094
0.654459893344
0.257723648596
0.137749538983
0.605053686029
0.252502404373
0.145390707521
0.749204392168
0.0287686028639
0.77852143485
0.820040399426
0.250171893219
0.746470350431
0.725253159507
0.668330506514
0.0676896505104
0.867469160244
0.773242200453
0.141513196715
0.663429000806
0.561092303287
0.118777372247
0.710605773645
0.209330211805
0.649543445752
0.0739410731893
0.784143514756
0.837383036742
0.738045981051
0.680326101741
0.0461768394597
0.6036216808
0.909405650893
0.823848916269
0.818889370853
0.438233532636
0.549101023468
0.798012940826
0.850890415828
0.755587574603
0.612837170608
0.781165851163
0.166666666667
0.67902254818
0.81846377489
0.653096389334
0.899747873139
0.216909432812
0.169547635566
0.748741492093
0.658432931873
0.807520254528
0.616390513863
0.122753590252
0.727246676602
0.654839964851
0.193943386501
0.894075586285
0.045178678272
0.565638428799
0.218187158437
0.122926234124
0.715094149397
0.778831583816
0.982516482123
0.10438539244
0.857042294602
0.595470009599
0.117597379529
0.752556513954
0.665599107396
0.115166569426
0.825938730832
0.123357330327
0.353923424582
0.121671000258
0.615269619066
0.731677098377
0.762296399597
0.91238710431
0.735578758897
0.671120876995
0.553529428355
0.544250102521
0.870699691846
0.200150369843
0.0847882847513
0.796189835894
0.0739922276736
0.743229556255
0.727468713723
1.0
0.125
0.775634093736
0.727117974585
0.829063636004
0.82020928591
0.753718494904
0.248808521196
0.159022528148
0.187253579028
0.759373785308
0.126058990747
0.728561386468
0.578979667227
0.0452797910043
0.389134007219
0.821183568031
0.796110367388
0.878349009269
0.887874327192
0.643917115662
0.742400409591
0.69158142688
0.720645272019
0.178006097717
0.677019619375
0.116339511344
0.718211833849
0.719411730234
0.0942303912552
0.107801190935
0.356032344586
0.0637747985595
0.750169234491
0.108555246627
0.802530957268
0.877307585855
0.88915159781
0.809172972739
0.0461768394597
0.861464200907
0.897542868386
0.808365525424
0.702546866621
0.487076206329
0.0852814614439
0.0718978214831
0.778256960065
0.172139298573
0.665670622384
0.679518327686
0.0153360846427
0.715846737347
0.794117208404
0.9
0.100137839022
0.113662073101
0.549008523104
0.655448619542
0.759923782574
0.806429949048
0.551789879433
0.118849593072
0.828597447823
0.799325871119
0.120422932998
0.961359235688
0.0986610590503
0.906973273844
0.978832502707
0.295230082195
0.0303466137142
0.864663508397
0.856183451954
0.830345940492
0.879939520967
0.667361747755
0.0757748589862
0.816480027828
0.750941315508
0.0474991920548
0.846153846154
0.0681532095569
0.693614423761
0.103820136741
0.944387646092
0.836406111255
0.0586520216466
0.906564364667
0.786503229413
0.629681114039
0.773130033362
0.780173160436
0.846537006465
0.807850194256
0.0887604141585
0.812329454766
0.921516118322
0.834546228521
0.772368421991
1.0
0.174254581735
0.149292802965
0.777852006159
0.820440361568
0.84944074383
0.867793350104
0.0750279099759
0.139516608964
0.735777492802
0.663134470524
0.201307373636
0.123592988287
0.0422001030525
0.526658139708
0.204418440109
0.822485364849
0.648186394704
0.875060148066
0.114788220494
0.917475741748
0.804879002828
0.685694805037
0.814966038156
0.140307210364
0.765726605564
0.831618730493
0.7138050768
0.837665917219
0.784278612875
0.161961484974
0.283043569376
0.776600509815
0.780372577045
0.798089062915
0.708062054438
0.821317086683
0.902459996971
0.120707236182
0.6747332397
0.836217222639
0.950138926758
0.0566541929422
0.702546866621
0.172218263766
0.225587088937
0.816857132618
0.762795657031
0.205944264926
0.706177536569
0.779206235632
0.0
0.77268050698
0.796671646134
0.857240601469
0.126737023062
0.220253404729
0.203307497464
0.65826922519
0.833904545834
0.643001244547
0.580574672939
0.104056574502
0.853857222171
0.762839665868
0.0971548426259
0.982012085335
0.19301342164
0.95232314244
0.978832502707
0.694563250987
0.754606952335
0.0
0.794737698859
0.857142857143
0.96315968111
0.699478611101
0.0220008526376
0.775921831816
0.763718715508
0.0520238457603
0.253408891369
0.138377746115
0.862077909829
0.105546190714
0.832255125189
0.806350410184
0.0925427782707
0.906564364667
0.819433651443
0.695317738908
0.803543156693
0.728872757679
0.869756649213
0.929717215315
0.127860687681
0.860351683774
0.973011585448
0.818676189967
0.765184674761
1.0
0.134437576281
0.750079278654
0.753983778158
0.820998113495
0.843446606435
0.710371817452
0.202478982339
0.198826949246
0.187253579028
0.777777777778
0.154099835306
0.237937953414
0.159384914563
0.6090282312
0.25199034918
0.78407294187
0.691510303355
0.917866981358
0.86079444528
0.117423740549
0.792327933481
0.776495862938
0.721041236835
0.248942787219
0.762673182793
0.924224586951
0.672827582777
0.71359337119
0.662171295086
0.600056828181
0.191465699534
0.759599044116
0.728778362591
0.850662891811
0.761084872623
0.827736946521
0.808824337746
0.826176125842
0.0461768394597
0.336521081848
0.909556404952
0.830571933959
0.658643096705
0.556012521255
0.649050566731
0.701735376143
0.874993808571
0.0426682952682
0.765684736569
0.735695268559
0.607337343742
0.717095902977
0.767742832223
0.9
0.166601509239
0.738474034266
0.13569781358
0.573340368512
0.788734275529
0.756498093595
0.591047999699
0.106779827295
0.889689797654
0.839850059479
0.635877587175
0.982012085335
0.15029011641
0.215691534516
0.978832502707
0.203680360298
0.153487666105
0.807363338211
0.800024325828
0.874545325165
0.833732635647
0.728624685333
0.0996964521591
0.182082600722
0.699711059128
0.835711569613
0.864258185034
0.0681532095569
0.667526744779
0.158738461624
0.893506682118
0.73932450023
0.0924132067432
0.906564364667
0.778422961833
0.713825311309
0.822989463893
0.904043301502
0.85989445898
0.824903742744
0.144478922416
0.169401331431
0.920679077267
0.782907903719
0.814513485815
1.0
0.0989927722528
0.112578806545
0.759585104901
0.75587605289
0.037172564638
0.0769230769231
0.139593221827
0.159022528148
0.217330203413
0.8
0.0737746481602
0.13123395765
0.118829450453
0.0833624608302
0.145927419652
0.678469429368
0.625451057036
0.873829761423
0.0904225468932
0.173829911533
0.800082003709
0.676109780682
0.756134095972
0.745412254232
0.763389725307
0.845494477882
0.0489862815848
0.0671738240141
0.67540400091
0.105180793157
0.603846833461
0.0742830249303
0.714472682185
0.204709777094
0.741520143828
0.923549517098
0.877368702217
0.934948938668
0.784117044621
0.820279532244
0.833952683878
0.830571933959
0.658643096705
0.105649301602
0.224644862872
0.801013612767
0.123733775183
0.0974150533485
0.697335998483
0.772526355336
0.0334199784442
0.862637613842
0.837101459924
0.0670114076789
0.220218015877
0.095620468217
0.136133936747
0.752843686764
0.833904545834
0.18619192235
0.16737948905
0.677014745587
0.831156049738
0.825290973977
0.148669868684
0.888776213211
0.0867081753162
0.122706295132
0.139051303052
0.274006061147
0.0280744915406
0.118694799556
0.886396258698
0.864894965563
0.906196250363
0.62562364259
0.0781115703533
0.0430043969913
0.664933399398
0.928571428571
0.207349542215
0.0861378403131
0.821391785443
0.171733838931
0.128916061827
0.127506934563
0.156390263166
0.913751721231
0.805406718856
0.624196762723
0.819545460116
0.728872757679
0.877003065828
0.870148794414
0.827367021134
0.814822496253
0.0569604892116
0.725290940028
0.732860399293
1.0
0.15109243544
0.76358987271
0.745049225862
0.836137098826
0.836534871535
0.851566203364
0.0635078996941
0.248442300975
0.164535239839
0.856948987845
0.119121396995
0.18998072039
0.0399316699902
0.658596923221
0.879872019029
0.658976377268
0.116297153456
0.829356680548
0.783942622728
0.0941522594593
0.781476476784
0.724629074117
0.709662106449
0.501355055936
0.753172814697
0.961571407772
0.690675465352
0.136650405829
0.141633467659
0.149038999279
0.159232812107
0.0912664244228
0.683044758605
0.834764214364
0.785493614913
0.893719240186
0.92015080973
0.905472914591
0.0872006649258
0.806520980444
1.0
0.917418524523
0.658643096705
0.526172029203
0.842442712941
0.796112011199
0.146410403203
0.0938833609248
0.659522341282
0.724830440085
0.609437654081
0.748779791935
0.757761027374
0.923076923077
0.0622140619236
0.738016498093
0.145391428835
0.636978269967
0.795054364353
0.1688839994
0.53687681818
0.0796460988619
0.694441874882
0.839850059479
0.59622852332
0.982012085335
0.0852218274741
0.955990593021
0.150506823643
0.154288516027
0.733246174622
0.758102934238
0.801923188538
0.741402204066
0.943470379086
0.680516522513
0.106877102975
0.173816933171
0.71593174762
0.0593188749601
0.222513794653
0.0913465349035
0.970422153664
0.060294115217
0.152995882623
0.0814229583136
0.613983921933
0.851316723865
0.812891075824
0.67364861098
0.7955999258
0.728872757679
0.719043364295
0.775789241284
0.816315958833
0.121454894614
0.921516118322
0.802889187475
0.138846218975
0.872848611608
0.183117063049
0.696230410862
0.695394356628
0.821533738465
0.839403460086
0.188214575755
0.0381728286118
0.159022528148
0.147108066094
0.733034146112
0.126058990747
0.795220364851
0.0570515122323
0.189083402372
0.348158116679
0.730338243186
0.723376338076
0.734452837244
0.0745662621646
0.202459166821
0.676325346282
0.694003436261
0.679390358543
0.201882151288
0.82327236373
0.0804667139281
0.091931606815
0.0671762639472
0.695210378678
0.183669858933
0.198357195246
0.136656102155
0.735874696936
0.832605481516
0.703274929216
0.938066070783
0.933333333333
0.873125584664
0.268953156021
0.799288330793
0.883404941178
0.801173892649
0.927747879613
0.128847050445
0.0879370519965
0.735520372198
0.775157908516
0.0329409594546
0.797897518407
0.679454725359
0.121387300455
0.750555389525
0.0832061570443
0.0182229394913
0.913718910129
0.795944480153
0.104718293608
0.649625781119
0.15132801766
0.622154703323
0.576962182156
0.0695482818929
0.655409257784
0.839850059479
0.632291647971
0.0935294373701
0.853945456043
0.95232314244
0.103061290333
0.35147422318
0.150639958754
0.236648697302
0.738474655402
0.29308884094
0.825273182905
0.0857442676747
0.118044751437
0.819051345046
0.63501982459
0.0792607705487
0.0645252013927
0.133780474937
0.879513062755
0.117650077719
0.666341547642
0.11836236533
0.60505166108
0.68126113958
0.926858609729
0.690974664832
0.691992782067
0.0
0.781118308856
0.936734046017
0.205143699141
0.0888912861083
0.09738409871
0.809057384375
0.751446844826
0.8
0.233739404675
0.137695589565
0.712389237633
0.0943294310168
0.875424607693
0.18979948734
0.174514289272
0.2
0.164535239839
0.740797036388
0.120614403461
0.117758848769
0.675035370499
0.0544736237176
0.421496151201
0.707605609971
0.619745557594
0.921641143029
0.0388875790013
0.412338445017
0.150316973543
0.680580264565
0.714228049554
0.21024798229
0.695327623932
0.144661263364
0.0322347564594
0.0678095163712
0.112237667923
0.224197460567
0.261177028451
0.13737706553
0.730725150972
0.802311712991
0.809520651923
0.753092571336
0.665817662893
0.798256341292
0.572600327481
0.117308835649
0.73523080191
0.917418524523
0.0823024392553
0.204388180021
0.0756273018206
0.275940446865
0.109805540336
0.083942406164
0.12968447397
0.215045122422
0.133522158067
0.815214484034
0.0807431329661
0.254866961758
0.29473473706
0.118631277414
0.104755746214
0.0971141283524
0.641156587835
0.0232774419279
0.470831791095
0.22944803519
0.843702246268
0.785154221276
0.120201682554
0.0588235294118
0.840986308627
1.0
0.0942232173384
0.166583705838
0.0865362239734
0.0697958830512
0.0706779256344
0.130720917816
0.805113505558
0.60464982795
0.112972203281
0.145934083504
0.0784670033027
0.0930785449511
0.207349542215
0.198461477585
0.763101975292
0.102825418416
0.88294999924
0.0526315789474
0.114680626393
0.852512459625
0.812819494386
0.546706759296
0.855928657697
0.780173160436
0.878305592326
0.86172623747
0.161318841434
0.834982357117
0.955879751085
0.806948986701
0.0722022195979
1.0
0.2237050164
0.0736466078756
0.779085199863
0.828773690138
0.901601555772
0.816661534875
0.121823915048
0.159022528148
0.206378793019
0.8
0.0737746481602
0.228052520108
0.0837382659606
0.569727593656
0.270608423469
0.737490533005
0.582859674731
0.823193497435
0.862244794073
0.225426956222
0.817075151854
0.65537275932
0.774921804174
0.541918775224
0.738653568503
0.873952077329
0.0986845800729
0.0962814008358
0.623137497522
0.126493098734
0.0796785200057
0.758643995267
0.674564201104
0.851884307944
0.877386456518
0.855149167456
0.780610950567
0.857284680667
0.720979923594
0.732627671765
0.909556404952
0.917418524523
0.818889370853
0.563636384383
0.156107092601
0.741426252767
0.784754992372
0.121110931528
0.73389918682
0.761426630235
0.102984320624
0.768975200587
0.0821177949453
0.130319290463
0.290207063225
0.738016498093
0.162107325926
0.632373402739
0.764232049958
0.0835502164627
0.60660421758
0.10354633742
0.891120307225
0.839850059479
0.152388246359
0.982012085335
0.131578356599
0.20216432275
0.040730809055
0.178925038865
0.737278441618
0.108611320724
0.829784095017
0.0778103426688
0.947818811464
0.62966442119
0.0469518597069
0.788140257646
0.15712881411
0.0520238457603
0.0650231410459
0.027089169784
0.1469412571
0.0386375440098
0.922292901835
0.0879794820551
0.16883490211
0.84022183126
0.805406718856
0.633575943938
0.7955999258
0.201352566804
0.775701755437
0.136589368217
0.752331430686
0.719602419588
0.908083945624
0.0919628096157
0.801446311147
0.2
0.202248478943
0.0887486388187
0.72962418106
0.098819545378
0.512526477263
0.800207694061
0.130278837723
0.102892277931
0.151877781024
0.122170450573
0.0915591945539
0.0937440440972
0.0883127340583
0.0719542189363
0.132980241035
0.756610959566
0.0684896552671
0.710055103729
0.829613216158
0.815533992665
0.716478059818
0.722024378023
0.633309897648
0.0988114986433
0.793861079782
0.0579158121639
0.704947106565
0.70417864042
0.136402689571
0.20977096228
0.160294749954
0.0794364180755
0.587283188701
0.815657590489
0.765209864086
0.672692556913
0.192098682194
0.765169768857
0.282675913897
0.624702361127
0.905480194693
0.888888888889
0.817775170249
0.151865817968
0.704781315922
0.179798245977
0.125425337384
0.141361939384
0.573710629623
0.720746407302
0.160723004129
0.662591670996
0.756262479864
0.752661872431
0.674451255462
0.121019216383
0.249797465752
0.126002738912
0.645228283882
0.0585149326738
0.137851752582
0.0277209250983
0.717930063049
0.661351465546
0.597475664673
0.0997148585074
0.106242437329
0.612487253607
0.0927420200343
0.724397257753
0.0955391075608
0.208967367017
0.786541742197
0.724845544983
0.967043002772
0.691463385959
0.117827214213
0.102702830871
0.144741213821
1.0
0.207349542215
0.0486269209063
0.247305017813
0.0632219877119
0.509617247056
0.839007557583
0.675719909229
0.881702876795
0.77848212639
0.544450369953
0.733148650708
