0.749737219959
0.702884071862
0.744710436587
0.0
0.684865373404
0.125
0.67789064357
0.639709338228
1.0
0.15264614677
0.665706269493
0.816990074448
0.831213306099
0.801100922475
0.838964928323
0.108100344297
0.1
0.178666492619
0.666666666667
0.110822782658
0.108122737
0.534963427245
0.565969364816
0.268285520404
0.761567462775
0.625644282605
0.816527419221
0.740074165273
0.15115044635
0.0122033998146
0.592169130855
0.664932772857
0.491178389775
0.664700384795
0.709540715538
0.143865973593
0.100418532407
0.602020119282
0.0729507048187
0.127118715102
0.778622536072
0.733166773179
0.0219931495072
0.755439252744
0.901234233456
1.0
0.133538072797
0.520990714161
0.0456239493386
0.928571428571
0.792418524523
0.582160295663
0.0318810898188
0.165299539136
0.660651205582
0.799854144051
0.0714285714286
0.744087592845
0.111785066326
0.124732697103
0.823529411765
0.741252898932
0.733552721779
0.0968033830571
0.0837918808466
0.568557277503
0.647244470939
0.893404617149
0.718592235902
0.428203807631
0.0550671003988
0.599217975062
0.839850059479
0.155313756899
0.0588235294118
0.0769464451351
0.955990593021
0.768576243593
0.0976403047747
0.765638297992
0.765654477039
0.7726685821
0.0
0.842108391983
0.644123932224
0.0769230769231
0.157882963677
0.0807436312982
0.285714285714
0.158956349857
0.01736933267
0.686053210753
0.738643385843
0.173566837138
0.251607794421
0.68107430538
0.816259619227
0.738930069572
0.499552700937
0.844521448806
0.698436817202
0.906337335242
0.813864995921
0.818545401137
0.0555555555556
0.869717353317
0.70837350889
0.676970712359
0.8
0.0987050164005
0.640002413072
0.857745432286
0.780191466877
0.728007455469
0.786816477811
0.0797138255426
0.91070248935
0.33720689997
0.8
0.111598870807
0.15984541846
0.112158610737
0.56034158302
0.151574263102
0.721486186014
0.719743302309
0.945214313235
0.772727272727
0.624598197872
0.77078510479
0.689255713927
0.719476890358
0.480614174336
0.621136066062
0.652740154428
0.699338537657
0.0221910753238
0.0554183669269
0.0934716683101
0.198588230378
0.719739010365
0.0778117309401
0.707818398423
0.800591780752
0.807225455453
0.824619091943
0.654625837532
0.629830119863
0.806435127692
0.958441662771
0.792418524523
0.707160295663
0.151178920688
0.704104596364
0.653987111965
0.785714285714
0.112995761003
0.684213555432
0.711739012653
0.128577469368
0.66285153593
0.851986531191
0.102452424944
0.0833333333333
0.125
0.0831041182436
0.610626556628
0.885935632088
0.230769230769
0.428563422999
0.113266807599
0.729307327889
0.734381883068
0.611866848661
0.980812891024
0.0526315789474
0.825319745475
0.0
0.696699509592
0.646630177549
0.168985975689
0.736531502289
0.142857142857
0.832303952221
0.699016825654
0.0580989697498
0.738279719483
0.604017792987
0.0714285714286
0.153846153846
0.215684760725
0.80868043983
0.112213502785
0.780827039764
0.0195217724999
0.0526315789474
0.893349401496
0.698887687017
0.556637451105
0.80357920847
0.742434213614
0.707751595645
0.790840560321
0.85400773297
0.836195308828
0.788885137267
0.681242254638
0.755571848145
1.0
0.0
0.719406556166
0.767348974305
0.797109572077
0.662829498385
0.602384517629
0.117647058824
0.6
0.178666492619
0.654459893344
0.195914158424
0.0885237213697
0.575722944488
0.299047148894
0.111111111111
0.720283919245
0.0507697575792
0.749762140425
0.79731812541
0.156430449668
0.722339613598
0.689182216804
0.597089499148
0.333333333333
0.840552935364
0.743361346668
0.147630797124
0.643691451405
0.495838891464
0.0703038341904
0.710605773645
0.1875
0.620402892577
0.075575223175
0.749848277257
0.823346016374
0.738045981051
0.634733229102
0.0
0.517755678898
0.909405650893
0.75
0.773123233011
0.370173518646
0.531007832715
0.779774350444
0.833155974709
0.751218361438
0.564152084617
0.772422038281
0.0
0.664914538929
0.796883330102
0.628448164978
0.871109583236
0.25
0.1294774391
0.703292577744
0.597574493893
0.769230769231
0.537235925047
0.0572611617183
0.689217645577
0.630444499916
0.208056861231
0.894075586285
0.0699609815078
0.53915951327
0.138834471038
0.0
0.683916245124
0.75
0.982516482123
0.262577983544
0.857042294602
0.562723989881
0.115384615385
0.752556513954
0.623941983864
0.140360645044
0.791563362654
0.0526315789474
0.273459028423
0.176470588235
0.559052147012
0.701428337017
0.745600214642
0.91238710431
0.735578758897
0.623895305946
0.464316768667
0.341419172714
0.863825729352
0.120910665521
0.0
0.796189835894
0.025156000015
0.719435040297
0.711227703167
1.0
0.125
0.734874762842
0.689454525845
0.797780833289
0.801100922475
0.738858327931
0.111118911718
0.1
0.33720689997
0.759373785308
0.0631157046284
0.712753511065
0.558775450841
0.0184378624594
0.404694675936
0.805951897873
0.75
0.859862669118
0.860483797323
0.643917115662
0.702599825227
0.646228280702
0.680752638783
0.162595271562
0.632567601028
0.0834176649326
0.677486589417
0.691500873728
0.0922474342486
0.124611396266
0.423457458467
0.0225886467849
0.724671938405
0.0867960974204
0.769090717468
0.857723437795
0.875436785509
0.779878467045
0.0
0.850074190598
0.857142857143
0.762764028026
0.606456566345
0.42690583828
0.0
0.0794466621213
0.735604216935
0.0998464461437
0.630438315916
0.638862176333
0.0
0.675457600382
0.768830474537
0.9
0.0833333333333
0.179456279871
0.51609158449
0.618439515774
0.734627030089
0.806429949048
0.487706207132
0.151256541852
0.828597447823
0.775246208749
0.10789516744
0.961359235688
0.0336178630562
0.906973273844
0.978832502707
0.208751415886
0.0554173883638
0.864663508397
0.837473948207
0.830345940492
0.879939520967
0.638024490947
0.0136051250587
0.800575794623
0.738512493356
0.0714285714286
0.846153846154
0.0
0.674716907289
0.0800208245382
0.944387646092
0.797479108321
0.0184242718843
0.906564364667
0.786503229413
0.586805298344
0.757163781717
0.749737219959
0.840067394705
0.727272727273
0.0526315789474
0.812329454766
0.908144146418
0.827038300685
0.746225289951
1.0
0.152133832537
0.101291140009
0.758399978429
0.78815134916
0.836007921436
0.852384517629
0.160166277073
0.1
0.735777492802
0.663134470524
0.224509692342
0.2
0.0253840613505
0.479687038209
0.151574263102
0.775533631037
0.599705477938
0.875060148066
0.060925597726
0.917475741748
0.779382667287
0.610909098811
0.775581512286
0.273011386022
0.719014996978
0.790815840042
0.683764312237
0.828229865523
0.744628799354
0.146396873684
0.350468683257
0.776600509815
0.752750506286
0.755913526582
0.676268803279
0.794406181206
0.902459996971
0.115384615385
0.673141216877
0.821294330003
0.928571428571
0.111111111111
0.606456566345
0.151178920688
0.181818181818
0.786344947039
0.733333333333
0.0248470476039
0.694620117405
0.779206235632
0.0452441360349
0.725864205825
0.786566125017
0.833333333333
0.0833333333333
0.271741166653
0.145336200202
0.622073925678
0.833904545834
0.62769184594
0.516976046117
0.133058124765
0.840881779143
0.734381883068
0.0667879023348
0.982012085335
0.18220960303
0.95232314244
0.978832502707
0.659000092781
0.711322501656
0.125
0.771223165776
0.857142857143
0.96315968111
0.676491028406
0.0905282019818
0.746944507304
0.727548034894
0.214285714286
0.230769230769
0.122307341282
0.823397329073
0.155219964592
0.784084684521
0.756974929985
0.0962002129597
0.906564364667
0.819433651443
0.681201384663
0.783937129317
0.698436817202
0.862882686719
0.929717215315
0.0
0.852998973174
0.973011585448
0.818676189967
0.743898904331
1.0
0.139957181492
0.715831184051
0.723460163936
0.815654715371
0.812580481641
0.696148279782
0.0588235294118
0.2
0.33720689997
0.777777777778
0.25
0.120806090405
0.28680076083
0.591090224585
0.450757974118
0.729914005682
0.62166117003
0.917866981358
0.837444061626
0.0453193385573
0.774483122818
0.743328775049
0.665325373177
0.222222222222
0.704552104429
0.91013269561
0.650311257336
0.691720542626
0.638553937553
0.539222349791
0.147779702303
0.727046858944
0.695142952605
0.829432482856
0.71415566622
0.803751354788
0.778910871083
0.795732169253
0.0
0.184973183144
0.887988906765
0.792418524523
0.576279982182
0.508495696354
0.589518492908
0.659634470096
0.846153846154
0.0
0.747627897081
0.690319914947
0.570255222177
0.68852070997
0.74102136685
0.9
0.0833333333333
0.695035874455
0.087477372151
0.523944356514
0.763437523045
0.695141588894
0.511156113197
0.0932166364382
0.889689797654
0.839850059479
0.571075725417
0.982012085335
0.129578024082
0.230769230769
0.978832502707
0.111111111111
0.0847690737935
0.807363338211
0.79660875813
0.854582234707
0.819447627299
0.71503167408
0.0161808082961
0.184649275456
0.671009218943
0.835711569613
0.846153846154
0.0
0.627706817002
0.117647058824
0.876585381161
0.68636799721
0.0418558465053
0.906564364667
0.76362348276
0.68094773947
0.78116524793
0.904043301502
0.85989445898
0.791458463699
0.0713120978112
0.131345760108
0.920679077267
0.768313163403
0.796163576523
1.0
0.151794391436
0.0403375827798
0.724967064574
0.72871293409
0.0818950919741
0.0769230769231
0.0776921012236
0.1
0.0745475351334
0.8
0.0307547738459
0.150975316998
0.0601617866832
0.0195342570137
0.222222222222
0.641418180606
0.584100747248
0.862354822069
0.0909090909091
0.0376873832985
0.776555296485
0.643741510269
0.701873482461
0.725762776273
0.726208958293
0.824696273819
0.0384178303328
0.0537733128104
0.621543951221
0.0909031209453
0.49273572235
0.0858462187049
0.684943587073
0.0748810370253
0.69746626293
0.912582094478
0.877368702217
0.916666666667
0.784117044621
0.807498571616
0.812256582762
0.792418524523
0.576279982182
0.0909090909091
0.181818181818
0.776013879207
0.266666666667
0.253066402316
0.652025953307
0.759351906442
0.0413993637695
0.822802921195
0.82486770876
0.128182826451
0.149121237122
0.0844182492504
0.155167750691
0.715183051767
0.833904545834
0.0769230769231
0.0977760765686
0.61434481189
0.814729547603
0.825290973977
0.183766072385
0.888776213211
0.148142211958
0.0841049017081
0.0833333333333
0.200035592917
0.0
0.118694799556
0.856423762256
0.843396252762
0.906196250363
0.583843140349
0.0136051250587
0.0
0.621408333425
0.928571428571
0.10199542056
0.0190219053357
0.804154638875
0.0782363129842
0.116705143324
0.0526315789474
0.0418558465053
0.913751721231
0.805406718856
0.57132585903
0.80357920847
0.698436817202
0.866122565889
0.818181818182
0.811631924267
0.814822496253
0.0235423443731
0.708242757244
0.710966069463
1.0
0.219392395856
0.734557641994
0.715053094912
0.823669727746
0.823529411765
0.835044785835
0.0588235294118
0.677189527474
0.133001732073
0.830242661708
0.0586129014671
0.325887350583
0.0782597594679
0.658596923221
0.849139120381
0.60747239085
0.154735369211
0.816135685503
0.762715001225
0.142460241527
0.744651450736
0.674648155977
0.656641810449
0.45223694946
0.698237864802
0.952380952381
0.660041868361
0.108760522294
0.0794550044813
0.101139292441
0.0524433214133
0.0434161855622
0.657615719969
0.805444077212
0.748809094345
0.884498696098
0.902459996971
0.897243880739
0.0
0.795130970134
1.0
0.917418524523
0.576279982182
0.504433780037
0.842442712941
0.76559982562
0.0954352695305
0.0
0.613671485465
0.696059620906
0.570255222177
0.705714356317
0.73944093627
0.923076923077
0.127188080788
0.695035874455
0.193157998882
0.596512629376
0.795054364353
0.0769230769231
0.438159947222
0.0286272829897
0.68212199828
0.839850059479
0.526681392806
0.982012085335
0.0204863404838
0.955990593021
0.119294086913
0.111111111111
0.708765103348
0.758102934238
0.770568695704
0.706072542993
0.943470379086
0.643179663967
0.0769230769231
0.123358894766
0.685315180779
0.285714285714
0.190574282502
0.0526315789474
0.970422153664
0.176470588235
0.0954673183449
0.0715979165353
0.550475920921
0.836828644308
0.812891075824
0.642024032625
0.7631051641
0.698436817202
0.719043364295
0.7
0.800189348633
0.111598303952
0.908144146418
0.778286663431
0.125773210783
0.872848611608
0.089944144377
0.664551983602
0.65798269193
0.801099315365
0.825075116198
0.153846153846
0.0
0.1
0.147108066094
0.705242661708
0.0631157046284
0.762892739609
0.143031120174
0.117084270774
0.213968912219
0.69847456479
0.702567359528
0.701358486867
0.0909090909091
0.14879849441
0.657673039166
0.623583890823
0.641420042689
0.333333333333
0.777777777778
0.0833333333333
0.04
0.0337619381506
0.666978758659
0.114181879706
0.195772453696
0.219330903616
0.721857271318
0.795318979427
0.667709033254
0.928143164603
0.933333333333
0.860436525208
0.211291579539
0.733333333333
0.833333333333
0.763020483213
0.927747879613
0.0921509195976
0.0
0.678953038901
0.775157908516
0.0
0.784561248571
0.650842305846
0.0380539671216
0.706845603534
0.0322580645161
0.0
0.892591319363
0.756348105152
0.0625
0.583061863683
0.0353247508059
0.605000964412
0.508009933854
0.115234660422
0.626762239653
0.839850059479
0.598011254985
0.195921643983
0.842330077306
0.95232314244
0.066693468837
0.208751415886
0.115669538673
0.416361222019
0.732766300655
0.271396415517
0.804531285053
0.0960656388229
0.0384615384615
0.801794123735
0.622098400819
0.214285714286
0.307692307692
0.0972169491863
0.879513062755
0.117647058824
0.604561753324
0.136642992191
0.533430419112
0.635076226872
0.926858609729
0.64146589184
0.632734810603
0.0
0.762918675595
0.909090909091
0.125079853276
0.131186631985
0.0397317725752
0.796995080879
0.727992148876
0.8
0.0567079734134
0.100127248468
0.673961781507
0.0504783361508
0.863030505691
0.153846153846
0.0872388157503
0.3
0.133001732073
0.740797036388
0.0335382164273
0.088667821382
0.637814421614
0.0184378624594
0.333333333333
0.65630430488
0.60182774896
0.921641143029
0.0
0.412338445017
0.0892361730093
0.643741510269
0.646317926905
0.111111111111
0.668288330101
0.125
0.0934788077475
0.0322580645161
0.0578042547621
0.203551586146
0.261177028451
0.0625
0.710181181665
0.760575570083
0.796002289227
0.713152997204
0.629650432786
0.779878467045
0.523957219672
0.0776718618955
0.700035155144
0.917418524523
0.111111111111
0.0602698297788
0.0493572393108
0.176220001044
0.266666666667
0.0969366564427
0.0588235294118
0.0933539814896
0.244672019974
0.775604794628
0.0238923868702
0.102309024672
0.279577488201
0.213092384933
0.0
0.0
0.614997769861
0.0266003028823
0.358694472994
0.138453822462
0.843702246268
0.77016898934
0.133333333333
0.0588235294118
0.813964251272
1.0
0.066693468837
0.111111111111
0.116264555821
0.168985975689
0.112866357625
0.0482922692583
0.790765958194
0.592931538333
0.0608065703758
0.0741497091235
0.114649785785
0.0736168410533
0.10199542056
0.0717308683686
0.740728812128
0.0800208245382
0.872247749091
0.0526315789474
0.0694748531742
0.836828644308
0.812819494386
0.489331872729
0.836502684608
0.749737219959
0.871835980567
0.834970014233
0.148429833869
0.834982357117
0.955879751085
0.788974301871
0.0618580657715
1.0
0.0987050164005
0.0150007873059
0.759633172133
0.823175844485
0.875
0.786816477811
0.0757998051387
0.1
0.182913936728
0.8
0.114088107179
0.0882559656236
0.163660060645
0.568314036531
0.304954111597
0.682743233009
0.523720715433
0.795478428661
0.827712543021
0.222222222222
0.78826125658
0.598893286129
0.727107667768
0.508766568142
0.680487150967
0.864678150156
0.0617171852967
0.0569511961655
0.589814807733
0.0812867467072
0.0
0.724265227812
0.651555068672
0.829432482856
0.860181267632
0.834126490267
0.780610950567
0.830716864251
0.720979923594
0.690697886435
0.887988906765
0.917418524523
0.773123233011
0.563636384383
0.0
0.71450373608
0.753344236329
0.142857142857
0.687984824083
0.748879536051
0.166666666667
0.726605653004
0.0486868094434
0.0659611087884
0.203447633801
0.695035874455
0.0879921279385
0.58896693771
0.764232049958
0.0363069148246
0.513548709273
0.0535674579875
0.873073910355
0.839850059479
0.102819163954
0.982012085335
0.095510633011
0.307692307692
0.1222155812
0.0976403047747
0.704696790559
0.324217231636
0.814335564847
0.148474237688
0.947818811464
0.606081118043
0.0384615384615
0.77280050537
0.111804724811
0.214285714286
0.153846153846
0.0
0.105898269998
0.0211972951265
0.906499687609
0.122393001671
0.0724367158901
0.823231031334
0.805406718856
0.598361694804
0.7631051641
0.333333333333
0.732284890048
0.0909090909091
0.720747595939
0.695749524619
0.908083945624
0.0384961636664
0.77958706908
0.2
0.204832812352
0.0522356286386
0.717345721248
0.0559669845188
0.453585537453
0.786816477811
0.0791473776498
0.0354124732973
0.0641941293665
0.1
0.0269866236962
0.0
0.104836531233
0.144654404121
0.0
0.718206197406
0.0287686028639
0.679581132838
0.806262832504
0.815533992665
0.685310219949
0.690290962043
0.586027924672
0.222222222222
0.755047879966
0.0416666666667
0.681325114395
0.67980426507
0.0491002135206
0.143801989426
0.310360667295
0.0233462187049
0.531842021183
0.796580885771
0.733552721779
0.604789813508
0.133333333333
0.717656857546
0.263046348234
0.58871544618
0.866666666667
0.888888888889
0.773123233011
0.0
0.700346328478
0.0907605666129
0.162101936197
0.0961256134669
0.522545992308
0.686822510651
0.0
0.612710460461
0.722246976173
0.733552721779
0.576947908237
0.0828712792052
0.112419650435
0.115384615385
0.60312502095
0.230769230769
0.136885139457
0.0237495141234
0.679322283
0.617152772812
0.577033210642
0.0588235294118
0.0526315789474
0.569329208476
0.0482489813788
0.692785561571
0.037115925063
0.195780817554
0.754893055202
0.710902216254
0.967043002772
0.679588655243
0.0704876422412
0.129525451468
0.0462781129402
1.0
0.10199542056
0.0
0.182821346921
0.117647058824
0.471233525277
0.797479108321
0.618587391251
0.879648353842
0.759712428034
0.486966102468
0.674335848566
