0.219584904122
0.146961606037
0.19217208461
0.12772705052
0.131039296486
0.169065010091
0.166150084716
0.135380734923
0.26195889491
0.175793447134
0.157522887894
0.1539322285
0.190187333129
0.149527267054
0.158082119913
0.142421551453
0.174676348677
0.183117807592
0.15653356448
0.182002270907
0.176543137767
0.13364235882
0.151742323072
0.200064110405
0.141890545255
0.142008419592
0.161419384775
0.131421281625
0.197615486597
0.130978876605
0.126344860858
0.155216714428
0.201210176298
0.144923018233
0.142926682979
0.127246866574
0.138283865017
0.131245455252
0.18480246091
0.187352813694
0.166653162721
0.140218159662
0.17023925892
0.167556573655
0.155095276639
0.160505954666
0.130209775408
0.178828849977
0.204783662072
0.169899391259
0.202690771795
0.19234887588
0.169560151049
0.155614124936
0.153962075722
0.175254416274
0.140858969858
0.149163574988
0.165759396191
0.138711777513
0.18767250458
0.138455122829
0.15394801309
0.135178476672
0.124692015761
0.147047238876
0.145936161089
0.184944846312
0.172861340104
0.15342220391
0.135087179221
0.170573017299
0.18324119148
0.153349292256
0.139178314045
0.129294574484
0.202801447486
0.173996064815
0.202440044214
0.159799389924
0.209267306027
0.143865558172
0.15414006852
0.19333372199
0.165640095712
0.10860116155
0.16877116374
0.144208247875
0.162083620378
0.166049915306
0.145184597049
0.185363403176
0.153443472375
0.173821460653
0.142862733464
0.154017787864
0.215861490055
0.144756475504
0.152168720173
0.248620807499
0.209629381961
0.155090563009
0.194297057796
0.125646546476
0.136922838344
0.170456716571
0.160776774243
0.13102856973
0.251226474224
0.175793447134
0.153481419507
0.15516819007
0.18443279982
0.149065947218
0.154406181762
0.152040395819
0.190876033804
0.177990935661
0.169809892604
0.18966533653
0.177466783154
0.117178661118
0.150926191293
0.207000501861
0.140181589325
0.140805246722
0.162033550759
0.135105668789
0.209473223602
0.131645603082
0.129115393843
0.155211470526
0.191303999726
0.141581239219
0.142499691934
0.132750380548
0.137439571821
0.126645593782
0.19207135282
0.186938942223
0.15986921421
0.131226501647
0.159434008363
0.168014092951
0.149405626657
0.157397748701
0.116802259912
0.189981187784
0.201206159239
0.17361802188
0.201916189309
0.202204853705
0.154203118437
0.183932136545
0.142397640075
0.162585844092
0.150257476279
0.158541038966
0.153312445996
0.134910495195
0.189847716267
0.142746059654
0.140964355958
0.149548021961
0.130803193106
0.131664183638
0.154919343334
0.185348926578
0.170497755294
0.17100984358
0.141453202881
0.171114778927
0.17445603338
0.160333000398
0.150752578069
0.128345882157
0.192195938948
0.166162101828
0.200241281902
0.15598498398
0.219033516168
0.143386383785
0.176909889518
0.186103769706
0.156964338784
0.105141317071
0.158047593075
0.14280988752
0.154256540254
0.168879473325
0.140055776553
0.199311796203
0.153937844588
0.174186131352
0.14726833267
0.150912874305
0.228717086371
0.140032934705
0.153339347586
0.241682040035
0.204797802171
0.152327222674
0.185246663305
0.134362388892
0.143788094261
0.17822363465
0.156828743991
0.131982358349
0.26195889491
0.178480693098
0.160239639576
0.154644820894
0.184684687703
0.143708390268
0.139316966512
0.141217120136
0.153849504956
0.175786770074
0.15076590765
0.189458312132
0.166778234896
0.132156785128
0.150133554268
0.210759278601
0.141815530109
0.135129908685
0.151502910713
0.138379272053
0.206647052739
0.126700444504
0.131695947843
0.144730296692
0.197699430982
0.153018547923
0.143508785174
0.138242472468
0.14138234
0.117701941866
0.182995854687
0.184092059686
0.161269312567
0.133677475887
0.173609367788
0.168392702886
0.15348475299
0.146936921276
0.122455142601
0.202937926458
0.185498262516
0.169634139218
0.191702336914
0.209014016737
0.131465677087
0.163430913947
0.158831561749
0.175384641493
0.16858047966
0.143334733255
0.165781308651
0.143389380851
0.180909773155
0.144080771381
0.135581036495
0.158974971287
0.141263344984
0.148279534629
0.162102256452
0.162424441295
0.177722918341
0.176226660162
0.134214636383
0.169454960348
0.176840796894
0.142017706298
0.137270343967
0.120614837959
0.162073152608
0.150004951981
0.201834770791
0.156705544875
0.218205276029
0.161971383129
0.177417603516
0.199427342305
0.163364112914
0.118302719033
0.16511545601
0.144521756013
0.158971031185
0.161456874619
0.144164247226
0.177252121025
0.161328114138
0.167177688558
0.1428802516
0.150240668567
0.197187110116
0.14479825904
0.145169043111
0.199244295247
0.191030208046
0.153612334295
0.20408987822
0.133504497185
0.141792019004
0.182595527657
0.176632601109
0.131538178897
0.26195889491
0.177911197692
0.164850893817
0.148810074476
0.184225916635
0.148301639375
0.144709817002
0.148824521179
0.174676348677
0.177990935661
0.163641948476
0.209466482476
0.187067983403
0.130749521447
0.147415990183
0.205985946255
0.148232049407
0.148631356788
0.146852744398
0.139125007254
0.201099516711
0.129337480093
0.126002761499
0.161376242703
0.165871554212
0.138864542188
0.145748502446
0.126252388642
0.134162871727
0.12870459047
0.185603473691
0.187179961062
0.155544937028
0.137332660587
0.179033331705
0.173769091531
0.153226580572
0.15533537694
0.127077583164
0.203219291322
0.200488822513
0.162508593119
0.20514282533
0.19587271297
0.162953400497
0.163195734186
0.152726209029
0.172736349854
0.140720064115
0.157808717903
0.153633263876
0.140580815119
0.180207192136
0.142909169783
0.15679897261
0.151308138591
0.129466726487
0.144865867734
0.152406791779
0.169958816118
0.17625786882
0.15901657685
0.132903868891
0.169044784547
0.177305441443
0.152406069865
0.147583826089
0.125924630867
0.19779840767
0.185857196212
0.197308968047
0.159512288942
0.216243392865
0.14613716444
0.182773435803
0.20355249076
0.159668591828
0.117963190146
0.16905100221
0.146924891254
0.152024833524
0.170505571009
0.148735272372
0.188565979722
0.155903960768
0.178828948079
0.146968325832
0.152173548868
0.231879946956
0.14934134349
0.151367948491
0.235092268102
0.219584904122
0.152930353127
0.191975548995
0.126712965303
0.146505095579
0.17500218175
0.172308418434
0.130316404442
0.252109842314
0.183776417555
0.164160393747
0.151005464794
0.187482361785
0.147513667876
0.156988774883
0.156662237598
0.174676348677
0.171147877316
0.159521682436
0.188656874967
0.179637147854
0.139279842134
0.145972447347
0.200452195167
0.14129248825
0.145923635075
0.160928910051
0.137284942144
0.221508650667
0.128161338066
0.126643947663
0.161785967209
0.199002745998
0.141012101572
0.14959408352
0.126347500437
0.14807769606
0.135602078498
0.188881735472
0.187096864918
0.164040587263
0.136152901498
0.172946089056
0.16626179029
0.155940624985
0.157389743619
0.125669625165
0.18976341912
0.206223955269
0.169145286574
0.183488379457
0.19587271297
0.168664637669
0.177591966895
0.160358939716
0.175292658492
0.142484033355
0.159090719998
0.160687981804
0.134459995482
0.185678557781
0.140638066496
0.150818734374
0.159211572904
0.132263312875
0.148532723964
0.152019024002
0.176880289409
0.173933613923
0.157206607721
0.137791842144
0.17676715554
0.16786437683
0.148298110123
0.149081540509
0.131138983041
0.201897637827
0.185857196212
0.18449046529
0.160626033025
0.189974871145
0.151917748997
0.17796216666
0.199518795846
0.162924524642
0.117464856547
0.161163640082
0.14338216165
0.161896421698
0.167408523612
0.14385365151
0.214026084115
0.152666367163
0.177463625311
0.149789671001
0.144833759474
0.219164476157
0.148918015089
0.157572128603
0.241539831028
0.209629381961
0.155526322644
0.197367635793
0.129556260859
0.146119267008
0.180470986614
0.168159221358
0.131154066124
0.26195889491
0.18885692863
0.16307467036
0.149073056654
0.190712052893
0.150874339836
0.146952012062
0.150515317784
0.180463244553
0.177990935661
0.171882666735
0.188541854028
0.176140940501
0.144021617477
0.15211400448
0.212212583257
0.138971059428
0.141528107458
0.157229248259
0.136528299684
0.199856904071
0.131938971667
0.136042702756
0.154432401295
0.178100479202
0.139915020921
0.15424506613
0.12800450221
0.132949870046
0.128988867578
0.192265399306
0.180424958222
0.162326055151
0.130918386573
0.179320047742
0.171091168551
0.153866110031
0.150238163234
0.128124822777
0.203219291322
0.202103840303
0.167459643868
0.20562685308
0.185592627556
0.163482975309
0.169015384597
0.156786339458
0.170838526987
0.142853912853
0.166650341969
0.153975508286
0.137986802325
0.179040757093
0.144088521021
0.15679897261
0.141254115818
0.135488634607
0.143405707169
0.145410667736
0.171951032675
0.178084429243
0.15666704926
0.136681024345
0.181428454358
0.18324119148
0.155638646832
0.149081540509
0.133961149931
0.191451981084
0.185857196212
0.185264233698
0.159414927656
0.212884407814
0.141759943663
0.17872448107
0.198625847559
0.164666198391
0.111645157769
0.170203876353
0.143749264215
0.160642520563
0.168542206475
0.148735272372
0.191601699548
0.157508538066
0.175097988185
0.144777185154
0.151113160174
0.231879946956
0.147350380518
0.152408287583
0.234830558072
0.225627308062
0.158760540104
0.199347386673
0.125236389002
0.149740498686
0.178014517628
0.171338627804
0.13397857989
0.26195889491
0.182053364504
0.162690680919
0.146717649431
0.179147150461
0.147617206468
0.137648019854
0.151819768931
0.174676348677
0.18054975636
0.169809892604
0.199017989591
0.169418437086
0.15383575285
0.151283488746
0.193024010414
0.138573079951
0.136080901471
0.150265182583
0.131029349355
0.217348159015
0.128135063267
0.127870404476
0.157233702279
0.213431891303
0.138647325158
0.148395497706
0.127596985147
0.143383468601
0.131022786304
0.186093990211
0.197374960019
0.157580855325
0.138260825821
0.173876583694
0.169727636308
0.157050809285
0.150484451887
0.130881113341
0.206511126237
0.20404020477
0.161556410582
0.20562685308
0.185592627556
0.170780393598
0.187847950362
0.158421189311
0.160623106161
0.139178216123
0.158988631012
0.157216644266
0.124959107991
0.1921851246
0.143920780444
0.135368357966
0.141369575479
0.122665119924
0.142528840352
0.156166731476
0.182168798571
0.156342178893
0.15828484453
0.134629703876
0.178621310952
0.181002425661
0.154134293169
0.14284966842
0.131262343832
0.197676230006
0.163520816946
0.200908614595
0.160442521756
0.195025530669
0.151482923947
0.174783042627
0.20243871411
0.159421338906
0.108914520759
0.161677791102
0.138707215979
0.162143078907
0.170267014237
0.143752423607
0.197196527003
0.161679049329
0.175992491073
0.149245715856
0.149209783096
0.219834980651
0.148622821734
0.150460545566
0.241682040035
0.209629381961
0.158631429967
0.196092244317
0.130164350424
0.140152949044
0.17609712512
0.17023411719
0.131946220766
0.26195889491
0.190425754134
0.162495232183
0.149189668947
0.187012440247
0.149722747995
0.153996041398
0.153666932837
0.186497157229
0.172749482697
0.166290036575
0.188200374826
0.186958696423
0.138003825162
0.159992149616
0.215669102602
0.128701716224
0.140511004455
0.165191335332
0.138780014369
0.210423181403
0.12400486354
0.128036997993
0.154265171904
0.166786110574
0.135988106719
0.15186647952
0.127058796801
0.145630503642
0.133423598029
0.183494950984
0.183401177298
0.160962222125
0.13251536283
0.178523532331
0.171523530518
0.156313928591
0.155248806232
0.127226881088
0.193378235608
0.204014533264
0.174109052952
0.215922035071
0.185592627556
0.16430087054
0.20024012892
0.157999807311
0.161527710523
0.149479005685
0.154147366682
0.156539431016
0.14543380715
0.180321752571
0.142078991582
0.159256880679
0.14296854304
0.13486239022
0.147247745024
0.145041839856
0.177244561743
0.167465468813
0.158478121547
0.138971068702
0.171484407846
0.18324119148
0.15497873653
0.152171797274
0.132811153357
0.202801447486
0.172716507176
0.199903481257
0.160644077312
0.205649475261
0.145268108795
0.168759704017
0.206022835813
0.161417894772
0.119085320898
0.173418272484
0.141188574617
0.164358239195
0.162197831934
0.142845730489
0.220408370567
0.152083689701
0.173804340483
0.150725111039
0.146601759337
0.225434652384
0.146860374229
0.158141286887
0.232239517181
0.209629381961
0.144746645705
0.188130142527
0.126172573951
0.140798234897
0.17500218175
0.165288042845
0.136099382628
0.222219558609
0.197579652739
0.160204806508
0.147120514554
0.191752050515
0.148205445504
0.151575198703
0.154783786927
0.174676348677
0.178443191596
0.165307770162
0.209466482476
0.182977727648
0.136920603055
0.151928211014
0.173035216022
0.141682514007
0.14082337863
0.148722741681
0.128817491898
0.234054065612
0.124419268513
0.126511255142
0.138760202172
0.206137292377
0.140984496114
0.143650431368
0.128638104129
0.138998964371
0.129897580982
0.192237163148
0.197955922986
0.155101424096
0.135280670258
0.171683603455
0.161700126322
0.163214028682
0.157269848174
0.12585305711
0.17602999333
0.199492060651
0.170495955275
0.199719843028
0.215272021076
0.15613403303
0.170552821351
0.153369725459
0.165587685547
0.146435879811
0.168102885971
0.155934485738
0.135123873367
0.179506068872
0.13892730624
0.148253367177
0.169715783719
0.139466057101
0.148761614479
0.144894897117
0.15032255798
0.156029001501
0.153624044039
0.145057642655
0.165036229596
0.18324119148
0.161336635039
0.13641841867
0.129990400816
0.205589019202
0.164562969604
0.18796392113
0.157679503901
0.216845167486
0.139301415031
0.172989317812
0.18761336033
0.159130345192
0.109289511975
0.169578514036
0.127105007094
0.16040049343
0.164665701298
0.147201617071
0.203023766834
0.156706104591
0.161557940394
0.146249480324
0.146131749419
0.208356504943
0.159864943795
0.150155024797
0.214067364535
0.208439001511
0.149159648154
0.20112693736
0.125526316308
0.140568423255
0.177511810009
0.171767893929
0.127331929264
0.228202064577
0.184094118366
0.152822852472
0.146350876456
0.170258649891
0.156510907842
0.154699009476
0.151521285119
0.164486117066
0.172749482697
0.171803622668
0.202136372164
0.1580417439
0.139086787902
0.14929546944
0.184547295373
0.138424599385
0.132725219083
0.156202466677
0.136210610594
0.18026153699
0.129520251716
0.126302092188
0.153209682841
0.192950443676
0.131385355834
0.149111898708
0.125494748808
0.13160344847
0.128099096966
0.188101930474
0.196095895415
0.154906479961
0.137400553956
0.172065635708
0.167632825813
0.15632804396
0.140775118421
0.127098758607
0.178626581527
0.195688706299
0.15034487768
0.215922035071
0.154601014169
0.168262130611
0.160480868221
0.150621215646
0.158787306315
0.138215378794
0.133529677251
0.154042923827
0.142000111757
0.190464254935
0.143603749762
0.146333540787
0.150861785041
0.131400520845
0.141079708214
0.147284824152
0.158745542481
0.169852153282
0.149601144167
0.141774625248
0.175972155436
0.174363373731
0.152175612925
0.138774082893
0.132813620275
0.204982024584
0.167521614831
0.199741725957
0.157032776075
0.194363275743
0.137903609088
0.167292326021
0.194382089425
0.158112277439
0.116039853789
0.150129780836
0.146438066673
0.15730403739
0.170267014237
0.146739443655
0.207247516105
0.158760566001
0.178439485186
0.143396976109
0.150217319311
0.21441670373
0.153789961823
0.141403388758
0.244753401945
0.219584904122
0.153302730596
0.193667196119
0.126424467056
0.143053360138
0.18016864166
0.166259732427
0.133129177491
0.259587974775
0.17730552744
0.159115761678
0.151339070227
0.193474912169
0.153967519839
0.154120801107
0.150223408016
0.174676348677
0.169585738935
0.169809892604
0.195233988119
0.184060767145
0.141752568063
0.149764798014
0.188178024115
0.138642819659
0.136568445955
0.159282786376
0.143184646591
0.18615190296
0.128338686637
0.122839356975
0.158505096195
0.167855055502
0.134245836616
0.151153243291
0.127616065901
0.136828615043
0.12574704084
0.191307112852
0.173868920263
0.158231290819
0.13233964745
0.179697674087
0.170426867113
0.156172319589
0.148823422888
0.127782984041
0.192997738938
0.19653681284
0.166705539183
0.215922035071
0.209014016737
0.172431622282
0.178790458688
0.155552624093
0.162758864075
0.14320218444
0.154184889327
0.159439916961
0.126862528552
0.183076956518
0.14402555858
0.135151621306
0.142730198851
0.13486239022
0.145360837295
0.15649680708
0.167217141123
0.159653426196
0.16918284697
0.135367780757
0.17855270076
0.18324119148
0.153458683826
0.149081540509
0.131262343832
0.18859898517
0.174230992155
0.199903481257
0.162000336512
0.201167125234
0.148125488073
0.173038613806
0.211891631202
0.155502030785
0.115036232688
0.163625388273
0.143894569478
0.161896421698
0.165534627659
0.145576362979
0.215004302485
0.156774555537
0.179322063131
0.147753335944
0.143381310887
0.208901775444
0.146103482864
0.149175072025
0.232239517181
0.16245106213
0.14988536454
0.1749443304
0.123632641864
0.137357313455
0.179664875069
0.166931976833
0.130755613686
0.228745135767
0.156237512687
0.161455799483
0.149528369363
0.176255713914
0.133820145895
0.156288944937
0.139633402759
0.1582701438
0.17053994429
0.176209112562
0.192357325008
0.15882260753
0.131583062507
0.15759748496
0.18968156317
0.141865210894
0.144341646497
0.137712217951
0.1387910883
0.213752916522
0.129758151434
0.129987978234
0.156134433008
0.172201132408
0.141166997462
0.147697125873
0.13577309111
0.144355482644
0.123740083469
0.176212040077
0.184432902595
0.166942968538
0.130021945648
0.167268128209
0.165016485349
0.149360335841
0.148368803968
0.126262800568
0.196157906942
0.181750274213
0.16565614262
0.205828194332
0.209921094158
0.132873495808
0.164368889942
0.136761725274
0.167714551479
0.162487167382
0.148917884577
0.15984669328
0.135507981846
0.184574352591
0.139893818718
0.15054597546
0.148825591304
0.137413029353
0.15856700377
0.143780922221
0.160176415429
0.163583667954
0.167111510724
0.135105529571
0.175687685688
0.170443136025
0.160991300285
0.14534578002
0.123000245207
0.169664104405
0.154418283509
0.19507483957
0.157808740683
0.210695651316
0.14609825775
0.163083436268
0.19572584216
0.170615451441
0.117316317387
0.160714844438
0.139610860624
0.167707194811
0.170267014237
0.146430598425
0.194273614745
0.165794255221
0.171673747974
0.147972151006
0.144703428731
0.214046759568
0.148705121456
0.13823617294
0.21151639738
