0.124956203327
0.0507201406521
0.0984628431062
0.0477502035873
0.0495183222782
0.0656886230213
0.0636405901296
0.0346899172326
0.2
0.085727850764
0.0582609448054
0.0470439784198
0.0810533380152
0.066321759459
0.0826000631287
0.0396010485928
0.0805002886788
0.099800756998
0.0823986287285
0.0765048687112
0.0659338062652
0.049070210756
0.0604590708885
0.114897375213
0.0494902036935
0.0547995854425
0.0578862863452
0.0444021909801
0.114765540051
0.0358717285289
0.0452506836773
0.056934357741
0.0715998367078
0.050688624996
0.0485170357078
0.0435558740289
0.0429595587542
0.0402780681093
0.0648626467289
0.0917491968332
0.0593475898839
0.0406233332753
0.0634862168694
0.0760769404084
0.0558212375874
0.090670906845
0.0368624400793
0.0715205935221
0.0860725083691
0.0642634917406
0.117851322243
0.0960200755299
0.0752705314381
0.0579707303165
0.0647538468008
0.0731894811996
0.0638268009273
0.058721302324
0.0671442886831
0.0624487135094
0.0677268790328
0.0406328027442
0.0762727925114
0.0459813849021
0.0453046278969
0.0484987954439
0.0371941627282
0.103799692249
0.0572709460342
0.0476198794853
0.04061118602
0.0702833753224
0.095251131621
0.0705091608932
0.0662068759845
0.0527812396139
0.0864769535721
0.0842998011212
0.0998668837555
0.058999206771
0.120521335971
0.0711576989053
0.0659218246654
0.0857877146253
0.055405765067
0.0270923395111
0.0653160525173
0.0428195413917
0.0714379845613
0.0789302805339
0.0506832987868
0.0844742488389
0.0532551578901
0.0758461636051
0.0552054262868
0.0558288141664
0.105693813962
0.0710056528436
0.0384244432316
0.110022185793
0.1164061362
0.0616418035752
0.107564968721
0.0472819864224
0.0554849814868
0.0707082142155
0.0624071398151
0.0346814374714
0.181717185297
0.085727850764
0.0526332584057
0.0484423512063
0.075475458726
0.0604047587522
0.0758095208722
0.0404225963935
0.0984039671734
0.099800756998
0.097458939063
0.0863596062194
0.0744525147961
0.0376015373253
0.0563217300727
0.117112103423
0.0502117730441
0.0621229831171
0.0574345040082
0.0493745488443
0.114638779433
0.0358973081101
0.0456115869587
0.0583104855142
0.0685344283183
0.0488341293653
0.0437026795794
0.0498432587681
0.0451353075026
0.0344254444654
0.0739877464826
0.0907688913232
0.0548268210458
0.0351494004867
0.0514864453544
0.0752432342526
0.0524740956908
0.0829891185531
0.0317293550464
0.0853179528715
0.0804264973537
0.0685780255674
0.122910253604
0.109908964419
0.0578163915239
0.0820529945174
0.0588973463746
0.0640851405094
0.0662815937614
0.0556033811482
0.0585832228174
0.0587530652924
0.0623585247382
0.0438042169142
0.0671370159162
0.0619941306161
0.0500773838661
0.0398292017318
0.046091992884
0.101217378109
0.0584321601374
0.055943504803
0.0487579795757
0.0695678745476
0.0884923159214
0.0686145648414
0.0765671016431
0.0437761309966
0.0791425238912
0.0847017536434
0.0871524691507
0.0492379737129
0.116549689036
0.061284448879
0.083776701915
0.0795417641969
0.0463460133739
0.0251141662312
0.0652504080704
0.0412151482833
0.0677916811252
0.0818277162212
0.0494785792541
0.0931222766705
0.0522181320131
0.0841268273062
0.0563785228333
0.0468983880898
0.12521066019
0.0636897617387
0.042943729129
0.10527167874
0.129871554326
0.0542061285606
0.105458903505
0.0498751735635
0.0653993751358
0.0737270580152
0.0631642570484
0.0392293693267
0.2
0.0773197570899
0.060523836567
0.0476225426002
0.0762698725187
0.0574077865114
0.0628962117141
0.0358620858601
0.0633001732073
0.0944488813981
0.0798365258844
0.0742487512247
0.0594182986584
0.0493970324928
0.0518684055548
0.135524749642
0.0489279670212
0.0419077935996
0.0459623593251
0.050380810341
0.104351669877
0.035143140358
0.0501270072841
0.0491684029687
0.0729326275645
0.0652163744226
0.0490647359794
0.0452548130769
0.0461512566765
0.0287252274501
0.0630723900196
0.101020214793
0.0558226844359
0.0343777092782
0.0667765164693
0.071281562179
0.0522711733004
0.0763762359948
0.0333789948257
0.0995640756688
0.059030971359
0.0663982161906
0.106692925884
0.107314485822
0.0394050375446
0.0637804513397
0.0749400255963
0.0655730274101
0.0759437673871
0.0387347225099
0.0661442329687
0.064958334263
0.0620589070249
0.0452007864706
0.0628643171629
0.0753426096091
0.0594260069628
0.0490415778665
0.0509960871632
0.0736296358101
0.0646918597797
0.0677517249021
0.0406035436453
0.0694961683104
0.0825086748212
0.0499345647745
0.0669034683218
0.0366487927002
0.0534303007696
0.0727335616024
0.0689833712529
0.0559094952373
0.125212979124
0.0856605599811
0.086595253172
0.0860549947837
0.0511217119723
0.0318216749552
0.0728176366116
0.0453097260825
0.0678495717751
0.0744720079827
0.0532131511171
0.0733486635605
0.0574312685354
0.0661110651599
0.0547911679837
0.0566964721946
0.100378587802
0.0696181703434
0.0380118620702
0.0749460379917
0.101603243266
0.0586055879791
0.119419329702
0.0515919292777
0.060491241442
0.076742731491
0.0696736334378
0.037736008958
0.2
0.0874338032658
0.0636276658769
0.0450999726195
0.0758487642717
0.0687988222355
0.0721204324199
0.0408010512785
0.0805002886788
0.099800756998
0.0927165742934
0.100553903639
0.0738201019402
0.050835115025
0.0510264951503
0.122790762294
0.0540990253374
0.0615252976653
0.0467827032918
0.0522807054651
0.118873316709
0.0339799709553
0.0441670227342
0.0619162820441
0.0465490178229
0.0484513592803
0.0506622405077
0.0426499840737
0.0399030877003
0.0391900582422
0.0688905774349
0.101075670112
0.0525793764868
0.0370672404771
0.0668578188018
0.0752898904749
0.054620980539
0.0862149601619
0.0393816592829
0.103668014829
0.0815636271351
0.0589061834023
0.119295744411
0.0887959673038
0.0499723653643
0.0679540881965
0.063950965643
0.0642708875723
0.0573752076152
0.0534317905282
0.0579325379811
0.0625982112378
0.060161397735
0.0421637085453
0.0865692024214
0.0698560480229
0.0517796146892
0.049925441914
0.0428365846281
0.0850822880851
0.0620330730037
0.0544102724025
0.042910550907
0.0775578568147
0.0879241214963
0.0697265978321
0.0760901867237
0.0444115956292
0.0849325751935
0.10109618979
0.0953301212259
0.0535017358281
0.127935545244
0.0699829254447
0.0908154199809
0.0881918529802
0.0476885312259
0.032405469828
0.0744945293713
0.0461803315864
0.0652748025365
0.0800689432092
0.0540206291962
0.0827255000166
0.0528831261229
0.0889414255363
0.0594738347596
0.049666645387
0.11918654452
0.0738763593774
0.0437911622702
0.101701261297
0.124956203327
0.0564735777906
0.108715779994
0.0461971693832
0.0620396294018
0.0701932077259
0.0745913724429
0.0378725917962
0.2
0.095956837922
0.062857784105
0.046900745493
0.075456734756
0.0679617005842
0.0821269809449
0.0457555769726
0.0805002886788
0.0963938210463
0.0837308363958
0.085820620437
0.0659860073788
0.0560057976044
0.0460322658253
0.118893738597
0.0512302312049
0.0544673556998
0.0546905148614
0.0471288046769
0.130439587346
0.0368062667729
0.043237718043
0.0614040925967
0.0815934070556
0.0490328011947
0.0517796231022
0.0453479833592
0.0528753519413
0.0466810038894
0.0677448830607
0.0962800165141
0.0607271230285
0.0373421165611
0.0664877556089
0.0747819721074
0.0540150860583
0.0858828285606
0.0384856723215
0.088426204935
0.0806769606796
0.0642097176532
0.0995610441232
0.0887959673038
0.0514227428078
0.0793489059653
0.0725695941585
0.0677485607776
0.0584831603883
0.0591226224461
0.0602477018162
0.058443697494
0.058597965767
0.0403333478224
0.0757178494347
0.0782117952751
0.0522206249411
0.0516020962305
0.0449631227106
0.0940070718759
0.0597029758324
0.0553343135917
0.0430162246996
0.0793445032992
0.0798489856818
0.0550063717426
0.0754581283787
0.050415840304
0.0872731099595
0.10109618979
0.0841813216267
0.0576902904035
0.100990151689
0.0660194411162
0.0875584734714
0.0892679828774
0.049455741262
0.0312632648266
0.0652545204244
0.0426362868543
0.0762005168654
0.0815351787678
0.0525131407489
0.0956171540372
0.0515962496783
0.0866045178441
0.0596843304108
0.0411435346113
0.114281569238
0.0761593259434
0.0469146875635
0.108106538921
0.1164061362
0.060118531165
0.121352344453
0.0476987430988
0.0647601384125
0.0751602793903
0.0696721805342
0.0371987424859
0.2
0.0993024286677
0.0618195281125
0.0437777968988
0.0812196286793
0.0633831070748
0.0698923611089
0.044545717913
0.0790801187229
0.099800756998
0.0971765989589
0.085820620437
0.0610198352336
0.0595059531378
0.0621813166733
0.133901873405
0.0467378627954
0.0529693756673
0.0551227406884
0.0511799773239
0.0941375073985
0.0361139048532
0.058887827519
0.0550063894889
0.0558192113177
0.0489538723442
0.0557524041931
0.0433164586497
0.0411563522467
0.0410887965377
0.0750426839969
0.0868472168985
0.055063638344
0.0349742445105
0.0668661112299
0.0714969350916
0.0533205698608
0.0802514126213
0.038418165047
0.103668014829
0.081895947409
0.0633756445789
0.117851322243
0.0886258431337
0.0555552283824
0.0706158380755
0.0645646720861
0.0690147667024
0.063938290933
0.0631362136232
0.0549697369828
0.0623398327534
0.052340531835
0.0430507059645
0.0865692024214
0.064866330307
0.0541255910841
0.0484249087749
0.0389371080134
0.0850822880851
0.059452713907
0.0527999820266
0.0450838151474
0.0843478395241
0.095251131621
0.0640402605186
0.0754581283787
0.0486926502013
0.0746837328971
0.10109618979
0.08397295619
0.0559221864143
0.122633127825
0.0607734456117
0.0876978032175
0.0823661509966
0.0537979977854
0.030537921074
0.069280414701
0.0437399916877
0.0726785721874
0.0800497118002
0.0540206291962
0.0892207522243
0.054304580829
0.0894812184512
0.0525406681363
0.050838224118
0.11918654452
0.0708925407025
0.0448757043595
0.0957471571171
0.150673883584
0.060478848812
0.110403137334
0.0443836545278
0.0614371750995
0.0742098334141
0.0693825243539
0.040457388494
0.2
0.0939573103544
0.0574383987183
0.0440148775687
0.0696824955968
0.0617174392279
0.0677372247806
0.0460405005985
0.0805002886788
0.0993011428015
0.097458939063
0.0911153877099
0.0617240917776
0.0689107246644
0.0531859694812
0.110694401663
0.0466811432145
0.0520300164187
0.0505475244382
0.0433115261139
0.126176241236
0.0339766016011
0.0423675849324
0.0599467922456
0.0944703252215
0.0490357964686
0.052064535033
0.0423101644595
0.0465957787101
0.0400394069521
0.0676428023121
0.111176680213
0.0487103759621
0.0370854787702
0.0587897341294
0.0761951360842
0.058807124761
0.0827024105253
0.0428662500772
0.104651920003
0.0838636396956
0.060732356411
0.117851322243
0.0886258431337
0.0590794690408
0.0863419129583
0.0733518675704
0.059193477188
0.060573117726
0.0559782191486
0.059738224565
0.0525581389426
0.0659363995545
0.0463790669628
0.0573806195719
0.0514837491671
0.0463449392499
0.0472507616582
0.0458643806805
0.0943242418967
0.0509594690632
0.0465562487796
0.0456276684679
0.0879546494676
0.0949858224149
0.0549739920241
0.0691087245637
0.0533966924328
0.0843531706741
0.0821298210484
0.0944585389291
0.0553929503737
0.106491466293
0.0703919527507
0.0835056555951
0.0863508820943
0.0443504909235
0.0278768477074
0.0742062921576
0.0387014814831
0.0765413701109
0.0816575204565
0.0524817635905
0.0842026862572
0.0563413786469
0.0901522360028
0.0583401853581
0.0503798625671
0.114242960479
0.0745514840003
0.0417044393253
0.10527167874
0.1164061362
0.0631277106497
0.114239187352
0.0492419317244
0.0616356637861
0.0702614880033
0.0675633382762
0.033923402247
0.2
0.0977791609718
0.060478338649
0.0440668032398
0.0795188232085
0.0687739779346
0.0795193907202
0.0470170466204
0.08574481742
0.0944488813981
0.0982644818464
0.0804174413562
0.0711729060659
0.0514587943087
0.0663598420756
0.136434180327
0.0394906388258
0.053348980578
0.0580523863614
0.0494104213875
0.110278411136
0.032624172533
0.0492883479099
0.0585930125845
0.0586785683639
0.0483963135162
0.0573300619618
0.0441989406012
0.0453459104116
0.0416715109254
0.0672861282633
0.0826155775967
0.0522509545942
0.0322626674291
0.0632292596356
0.0784377434863
0.0536598443596
0.0836945853429
0.0411876394871
0.0942436498448
0.0816883319474
0.06952345545
0.131740211131
0.0886258431337
0.0545087967456
0.094062668664
0.0702641664828
0.0659087806782
0.0622683096115
0.0530996022827
0.0579706460927
0.0650699341928
0.0553814006093
0.041219792412
0.0866699510095
0.0609867738676
0.0541255910841
0.0494843021927
0.0391726722457
0.0913293855899
0.0625355203203
0.0472297159603
0.0449874235326
0.0772238772014
0.095251131621
0.0627062668329
0.0785262879479
0.0495791252719
0.0864769535721
0.0867641305323
0.0949197802469
0.0556658255862
0.111649039255
0.0682900511644
0.0796816546232
0.0874759476001
0.0473422112901
0.0339951128102
0.0721092815658
0.0423735819122
0.0780727738895
0.0801836939641
0.0531388231759
0.109046098332
0.0476253668525
0.086201673506
0.0603328281998
0.0452657472582
0.113787769
0.0735110661002
0.043992862553
0.0968530884418
0.1164061362
0.0520149908175
0.101363928936
0.0475453940034
0.0630653638608
0.0701932077259
0.0669690611878
0.0414132417953
0.174569722322
0.107965618927
0.0592630777593
0.0424014793724
0.0822896392203
0.0685709119957
0.0736700227013
0.0441049269825
0.0805002886788
0.099800756998
0.0857644818464
0.100553903639
0.0724418055624
0.0527765308303
0.057914283572
0.0840825586214
0.0486315050382
0.0639822811948
0.047869769372
0.0427252269304
0.132343670038
0.0328489228264
0.0423062763311
0.0474574595862
0.0836051606699
0.0542279366014
0.0451997123133
0.0456798320012
0.0435753256171
0.0422302758023
0.0703567866078
0.104624344113
0.0491453028153
0.036211155737
0.0606995426687
0.0624609824145
0.0600575554251
0.0862264624006
0.0400374879769
0.0791704516844
0.079157691421
0.0619720525755
0.109904336016
0.118511106152
0.0508767795987
0.0659037160368
0.0618078361814
0.0641417472059
0.0623478994527
0.0680016796365
0.0580596598585
0.0584700393187
0.0566685524585
0.0358021309865
0.0755815768971
0.0838957652128
0.058204512085
0.0535383342123
0.0387063861432
0.0652726125544
0.0532178515422
0.0509382806051
0.0516984724695
0.0642004834467
0.095251131621
0.0719545607094
0.066853670214
0.0514627277525
0.0872731099595
0.0796342825055
0.0828795447754
0.0541566748178
0.12563150715
0.060994099594
0.0823468536709
0.0797454214075
0.0466799640225
0.0262094557128
0.0760512224511
0.0350430444905
0.0730531926978
0.0771062876462
0.0538701387739
0.0968760927373
0.0543069491012
0.0583560440234
0.0574091281043
0.0498746869729
0.0976595342224
0.0856270895468
0.043813014722
0.0813579709471
0.132886090771
0.0544535985578
0.121840233809
0.0426339590846
0.0561968869704
0.0737141526904
0.0699522922774
0.034493073578
0.174569722322
0.0952733323343
0.0497510914534
0.0442948948154
0.067510722992
0.0723615881929
0.0779101909693
0.0417561158385
0.0688992262596
0.0944488813981
0.0981458706176
0.0949983480839
0.054512362278
0.0550839643595
0.050632451274
0.0978301640511
0.0450901740374
0.0508289184093
0.0526408223418
0.0468966102631
0.0901829700738
0.0345209930159
0.0423675849324
0.0526318753354
0.0799893716415
0.0468632282823
0.0521304493864
0.0415457819618
0.040913429357
0.0401558498707
0.0677200696619
0.11066813689
0.0476449825276
0.0367565793645
0.05919500158
0.075422243327
0.051587583147
0.0679801036298
0.0380766217585
0.0764401619295
0.0716388802515
0.0504556058059
0.131740211131
0.0593101318536
0.0605922560646
0.0596796404815
0.0598322462758
0.0594451816957
0.055130749994
0.0361443413171
0.0547114368451
0.061538454566
0.0612393813004
0.0421591988197
0.0689623967658
0.0724251901062
0.0504698996593
0.0467680602204
0.0387725179774
0.0743213364118
0.0587225439791
0.0407196355315
0.0436821204265
0.0776410462496
0.0833918377881
0.059261344582
0.06701397716
0.0509468721346
0.0898622925705
0.084833906185
0.0869968784806
0.0515981566357
0.109043067406
0.0572547387189
0.0764352487729
0.0745800292081
0.0479464673316
0.0306802494064
0.0577551763246
0.047066930895
0.0672532915852
0.0816575204565
0.0544795621643
0.0949946668957
0.0559791013551
0.0919396242336
0.0505303404022
0.0475612113348
0.105644710289
0.0804512666432
0.0359585157198
0.107380570136
0.124956203327
0.0580993769215
0.109668416717
0.044106558356
0.0627556560564
0.0777849476975
0.0688815928076
0.0364828998459
0.2
0.0899556923559
0.0567737586745
0.0452540518381
0.0828426274031
0.0730723515555
0.0758095208722
0.0494049701614
0.0805002886788
0.0914674236646
0.097458939063
0.0892971834085
0.0746466468864
0.0581846428712
0.0536508182049
0.102179447689
0.0470855703234
0.046052859352
0.0517797963328
0.0540514654702
0.0938301153103
0.036495591601
0.0384227565823
0.0592108597523
0.0614298155104
0.0461357697155
0.0530856479781
0.0426767313097
0.0446049605669
0.0377765021553
0.0735619835426
0.0828414316192
0.0548897863982
0.0349514394875
0.0682177988111
0.0776736127481
0.0554383615651
0.0779067190211
0.0409887808265
0.0937416167925
0.0759183833816
0.0633218704915
0.131740211131
0.107314485822
0.0582709929014
0.0793489059653
0.0668810578232
0.0639277914911
0.0614974389517
0.0542410938424
0.0609465742384
0.0508374568625
0.0556035993483
0.0443056262482
0.0554303634179
0.0594645406721
0.0541255910841
0.0484780686341
0.0447333330732
0.0830742341601
0.0552350161699
0.0614817926134
0.0455520838687
0.0902563819967
0.095251131621
0.0600377442362
0.0754581283787
0.0533966924328
0.0745237797523
0.0923983601076
0.0949197802469
0.0550079340403
0.111988065409
0.0660228437052
0.0844637671471
0.0903603806591
0.0410006977681
0.0309154968969
0.0689407682915
0.0431471081222
0.0762005168654
0.0770723167367
0.0518121884557
0.0983696946361
0.0509350688119
0.0943985556458
0.0589197646854
0.0411435346113
0.102605208439
0.0740077794713
0.040964106175
0.0968530884418
0.0876567076931
0.0603661774851
0.0935988698616
0.041454687537
0.0563792423321
0.0759909764774
0.0660965506891
0.0393149626306
0.167461672792
0.0683182623926
0.055972515478
0.0423200435033
0.0705659213646
0.0425818328009
0.0758095208722
0.0391228162876
0.0674667033287
0.0861155480648
0.101314585295
0.0740185807006
0.0562300767247
0.0497307057563
0.0625763535179
0.105840856843
0.046197182185
0.0477336102085
0.0406966538456
0.0514943418045
0.115946299863
0.0356735121062
0.0490589964724
0.060232051735
0.0636943377459
0.0551373060513
0.0466890013158
0.04684720742
0.0467986133604
0.0343796077382
0.0559570431724
0.0974571698412
0.0598937766142
0.032216448516
0.0615966052448
0.0706938434296
0.0479076858607
0.0719279017942
0.0362216547151
0.0995640756688
0.0595642576862
0.063031990089
0.123824065804
0.106532778493
0.0349632710696
0.0769229074021
0.0544041953212
0.0578915982852
0.0690794965989
0.0477668168378
0.0590006001202
0.0575444610032
0.0610125123055
0.0413494683874
0.0736573380559
0.0660117222772
0.0518906621431
0.0616727302986
0.0374326498943
0.0732530730751
0.0494608373134
0.062439725085
0.0404730713201
0.0716852921256
0.0740110269569
0.0700787872661
0.0717475440263
0.0376078029428
0.0563988214703
0.0725737748737
0.0867175860371
0.0514484053302
0.124052291804
0.0660382721501
0.0759465965172
0.0874544477379
0.0549622256888
0.0329278611859
0.0587708283784
0.0447420072148
0.0816434109272
0.0816575204565
0.0541902091133
0.0697221901258
0.0584720895646
0.0688203668891
0.0594738347596
0.0479122421838
0.105383655494
0.0722862329476
0.0321676763778
0.0871058060764
