0.124956203327
0.0420988975
0.0793696505685
0.0402084977744
0.0416587128492
0.0533909279977
0.0447350902324
0.0258336461282
0.2
0.0772916256213
0.0432926645136
0.0377827775555
0.061629608196
0.0473272686014
0.077745095445
0.0324522324361
0.075
0.0720126544295
0.0787317696093
0.0558675847655
0.0563535574773
0.0378722625915
0.0391180456916
0.100476300185
0.0443315303673
0.0493846555318
0.0456641899446
0.0352067682455
0.0748910108426
0.026338180966
0.0336137370426
0.0451533422011
0.0574191860357
0.0385471597513
0.0418405920176
0.0367713868863
0.0292831479635
0.0267404396819
0.0456235477594
0.0615174901912
0.0472215838655
0.0285138654927
0.0454422907661
0.0578394120842
0.0489150869079
0.0748305580569
0.0315774718817
0.0529020569949
0.0601316066924
0.0515873015873
0.0897785603007
0.0711009003177
0.0638650461548
0.0440430436205
0.044478895596
0.0639350788339
0.0571638463957
0.0497204007862
0.0486586418226
0.0506385163688
0.050999100515
0.0286839477783
0.0654583495415
0.0381818690502
0.0363376083859
0.0365777657139
0.0296594412863
0.0922860513571
0.0532544378698
0.0324818660677
0.0284573065738
0.0511771704932
0.064718099833
0.064424918281
0.0567558338734
0.0499662864631
0.0735377379247
0.0766540980459
0.0782303910265
0.046737417587
0.0892857142857
0.062253425474
0.0572607306481
0.0642359175126
0.0376934848737
0.021888414728
0.0428346132692
0.0275125326274
0.0625
0.0640962069325
0.0420337196181
0.0507430588441
0.0434496109319
0.0599708155817
0.0466901234123
0.046483298585
0.0748526894638
0.0491777091884
0.0256522176666
0.0868839911701
0.1164061362
0.0509698576871
0.0745769700454
0.0419285747134
0.0452407762063
0.0615569710089
0.0445239184051
0.0292145684621
0.181717185297
0.0772916256213
0.0410428252204
0.0435221439255
0.0582549769323
0.0430156714289
0.0717014712937
0.0330125852085
0.091070248935
0.0720126544295
0.0908585926484
0.0608049472741
0.0611837946718
0.0282975822756
0.0393250329459
0.101380021574
0.0436314969326
0.057722752174
0.0484817039168
0.0369071448056
0.09257654921
0.0266405850779
0.0358317208204
0.0465374039934
0.0510392764762
0.0386542508662
0.0390931775583
0.0395142686352
0.0316981467939
0.0219797073503
0.0510916268538
0.0667205763387
0.0449836881478
0.0249514292933
0.0430909924427
0.0598705398757
0.0435628995629
0.0626034673333
0.026677084021
0.0592421753278
0.0558095872646
0.0515873015873
0.0897785603007
0.0849897892066
0.0393875265962
0.0695748661721
0.0456901589558
0.0592726267117
0.0531438301136
0.0463833658659
0.0403606386223
0.0491798863852
0.0445387889396
0.0317341505593
0.055240399906
0.049131103957
0.0457686437731
0.0296089887639
0.031413620208
0.0882739532276
0.0496326772319
0.0383239979682
0.0325433299064
0.0518387798556
0.0576145504671
0.0635577660781
0.0652258511099
0.0411521211008
0.0634861342673
0.0712714162953
0.0677066115498
0.0388395004514
0.0972477269182
0.0526782732073
0.0690977814864
0.0597735191292
0.0338087402765
0.0211930085883
0.050769301788
0.0267045480114
0.0593794603617
0.0659340659341
0.0402965967558
0.0650516822626
0.0428145222333
0.0695947150367
0.0450677883388
0.0392033897791
0.084271065243
0.0450640763605
0.0307729080676
0.0789854465183
0.121420843411
0.0417747259477
0.0763519804817
0.0434277559379
0.0539822715204
0.0576500270299
0.0441923571128
0.0330858651807
0.2
0.0725297474971
0.04753620521
0.0395839486538
0.0558642514455
0.043829078866
0.0584458246707
0.0289857992671
0.06
0.0636793210962
0.0654459893344
0.0505385801544
0.0476584278758
0.0395164899947
0.036671116396
0.11400119369
0.0431226721322
0.0346420188487
0.0377402524574
0.0356016872049
0.0843748650343
0.0244398167576
0.0363494283279
0.0388787198439
0.0615881070269
0.0535660373684
0.0425767532879
0.034118150063
0.0281390805529
0.0207797866259
0.0353246083054
0.0747203819715
0.0448960157045
0.0227024226595
0.0530862926809
0.0593041959765
0.0449722145759
0.0619051072051
0.0291913225158
0.0746179441894
0.0374843031016
0.0532713225176
0.0833333333333
0.0944578121414
0.0302724638642
0.046134673878
0.0547413115118
0.0640148351609
0.0609291803611
0.0344578410888
0.0434932000491
0.0562055844402
0.0454155599304
0.0331633426568
0.0501988634025
0.0725924652696
0.0565447596985
0.0325968600802
0.0375602649384
0.0666414070438
0.0626848393674
0.0509198731738
0.0230862454922
0.0475921675224
0.0548094247928
0.0343561054462
0.0588255731083
0.0357456498001
0.0417488231434
0.0638300410689
0.0535940109552
0.0427335332257
0.103027153954
0.0755772600299
0.0792450540878
0.0611310499481
0.0323725335935
0.0264973230339
0.0456169924154
0.0293862997945
0.052474866308
0.0608894894349
0.04526795296
0.0502064473056
0.0490196078431
0.0515425618707
0.0438291114837
0.0517258423445
0.0683442379215
0.0492474405029
0.0316179966389
0.0469971045901
0.0873046021503
0.0477843415942
0.0930572514899
0.0433063387325
0.0478976777116
0.0617660934844
0.0471026632588
0.030080281279
0.2
0.0712801079098
0.0479696453179
0.0358170504164
0.0600610245723
0.0473272686014
0.0657843115304
0.0309945807047
0.075
0.0720126544295
0.081366674855
0.0699652102949
0.0619249275914
0.0375169727041
0.0368145327969
0.10548547226
0.0452149462754
0.057858438546
0.0411574972868
0.0392212537582
0.0832122342695
0.0242539091836
0.0336143411754
0.0491199677209
0.0370952507081
0.0383968035069
0.044541634402
0.0372946657926
0.0275033937677
0.0280445639292
0.0461217485388
0.0684891166189
0.0405335243518
0.0258261439468
0.0499258469027
0.0598705398757
0.0475697079852
0.063904448276
0.0332492211473
0.0746179441894
0.0583765909649
0.047619047619
0.0867310530421
0.0759392936229
0.0442194658784
0.0530230457289
0.0445812778146
0.0597792080278
0.0444187567714
0.0404911959121
0.0355727208923
0.0524585454775
0.0464917715174
0.0293746550063
0.0809713514568
0.0633498653314
0.0457262602893
0.0366778190088
0.0300641392803
0.0794465579048
0.0576923076923
0.0406992758739
0.0288143894291
0.055899847703
0.0597397844612
0.063100164719
0.0660832009591
0.0410577444167
0.0731902829756
0.0954360607467
0.0732832875179
0.0417684184764
0.10808293855
0.0633161985993
0.0836930861924
0.0666403909002
0.0376574401475
0.0287227512068
0.0540171649434
0.0311376354544
0.0546557661027
0.0650887573964
0.043678715898
0.0481842738397
0.0450300903498
0.0758438832242
0.0500753203764
0.0430470584487
0.0777444277715
0.0535056295369
0.0318608992629
0.0754150290757
0.124956203327
0.0463262451485
0.0802899689225
0.0383425004018
0.0525477494932
0.0612834227546
0.0561830438532
0.0332474196378
0.2
0.0865832544301
0.0499937638177
0.0373579136208
0.0603291397245
0.0493806214815
0.0776765939015
0.0372213747443
0.075
0.07
0.0740695846583
0.0551757179848
0.0573145417611
0.0421420153927
0.0373938792666
0.103161656747
0.0438884194378
0.049439206497
0.0445040472222
0.0372779354225
0.105468581293
0.0268484539811
0.0333945869236
0.0474992844481
0.0739157456372
0.0406379326532
0.0466224089558
0.0386545600038
0.0365918895165
0.0323319706008
0.0461217485388
0.0629792829309
0.0485375318634
0.0268283449655
0.0486151186043
0.0530990202591
0.0459169844256
0.0689110262876
0.0328776490315
0.0652477360073
0.0539524241671
0.0515873015873
0.0791444899837
0.0759392936229
0.0431102992162
0.0721134366394
0.0535332962107
0.0616986889838
0.044423646442
0.0477837041284
0.0407572060762
0.0524585454775
0.0467582420421
0.0298523464443
0.0710529736308
0.0691043745784
0.0455153479338
0.0403823035434
0.030810133743
0.0824934309844
0.0468395683298
0.0397319176597
0.0290064989303
0.0588892841069
0.0544154915317
0.0491631436052
0.0648257060037
0.0476008871532
0.0732556263415
0.0954360607467
0.0622810491047
0.0469055864747
0.075
0.0547548414606
0.0814253235977
0.068815165691
0.0388062381065
0.0273929414205
0.0449464850812
0.0296098095943
0.0666666666667
0.0658034396944
0.0428756084624
0.0717641714267
0.0430551158767
0.067910324243
0.0495640686622
0.0363826711537
0.0789114933975
0.0549087985915
0.0357394111861
0.0791916834778
0.1164061362
0.0490857177218
0.0894098991727
0.0407348448994
0.0533495783327
0.0656608100942
0.0499331220957
0.030025359284
0.2
0.0795794425505
0.0508080636465
0.0353667737541
0.0624723593266
0.0480316346343
0.0657843115304
0.0378460649254
0.0711068089805
0.0720126544295
0.0898428807204
0.0551757179848
0.0512912516425
0.0484762107107
0.0472385829592
0.116596583371
0.0397859364109
0.049302516548
0.0436268151727
0.0373443841885
0.0741607025559
0.0260883915657
0.0426834893046
0.0456740633812
0.0417594080259
0.040539745733
0.050820175907
0.0367494805295
0.0287298170998
0.0278599569929
0.0521329978866
0.0575810728258
0.045440428684
0.024375900822
0.0512811992747
0.0555940727417
0.0455905637568
0.0597610538554
0.0340068832651
0.0746179441894
0.0544444751745
0.0493327170425
0.0897785603007
0.0653851559186
0.0425801386113
0.0588861584434
0.04377505375
0.0638320595356
0.052474710608
0.0509611777232
0.0384767812833
0.0548583927329
0.0390930489846
0.0299033961345
0.0809713514568
0.0588248749506
0.0483600571797
0.0366492439702
0.0271212087709
0.0794465579048
0.0550880631608
0.0380922553562
0.030416214503
0.060963939015
0.064718099833
0.0593205816729
0.0648257060037
0.0458716571498
0.0613887555984
0.0954360607467
0.0608015115634
0.0431111241217
0.100920417276
0.0543817242924
0.079539131613
0.0621683691105
0.040246429935
0.0259734558199
0.0449061286285
0.0314067358631
0.0624637326888
0.0650887573964
0.043678715898
0.0515416333638
0.0464515450559
0.0749426764051
0.0442273671601
0.0442186371798
0.0777444277715
0.0505482951817
0.0357375748037
0.080017637002
0.150673883584
0.0498816977054
0.0827676954166
0.0398222676664
0.0469206108925
0.0620668559326
0.0495199899677
0.0345353116355
0.2
0.0798861250937
0.0441868291977
0.0356488308043
0.0518378146757
0.0449786039485
0.0597422390282
0.0366806502317
0.075
0.0785592593777
0.0908585926484
0.0568320482994
0.0505677953278
0.0499719319865
0.0370000888466
0.0932176107017
0.0387059866432
0.046615086508
0.0405876842608
0.0318051406716
0.102083063402
0.0247497591667
0.032192110648
0.0466195205288
0.0860403067975
0.040539745733
0.0478913394583
0.0344348433409
0.0316069801171
0.0289705941234
0.0427028017025
0.0785901267199
0.0378796098806
0.0266491474897
0.0452827375546
0.0563322456701
0.0505796861359
0.063904448276
0.0376831738159
0.0748510313817
0.0560641400241
0.0456691971475
0.0897785603007
0.0653851559186
0.0481102679643
0.0791064436324
0.0554054676775
0.0578184050183
0.0497128837339
0.045313437344
0.0423244594116
0.040747941802
0.052718051215
0.0324377705281
0.0467140856624
0.0438787922633
0.0391473129208
0.0347203363928
0.0357133640494
0.0824934309844
0.0472183398521
0.0297099882685
0.0291544529626
0.0644726015592
0.0641080569606
0.0418605213814
0.0577280285595
0.0505817392819
0.0682290337593
0.0734123544205
0.0679028926786
0.0442322911591
0.084010762613
0.0636007488489
0.0769007249618
0.0643714821392
0.0330183287471
0.0222075211766
0.0549924355755
0.0248772182977
0.0663265306122
0.0659340659341
0.0432997810922
0.0625355320238
0.0497057589909
0.0742584729054
0.0466351670183
0.0437602756288
0.077969583649
0.0541807541599
0.0312371338071
0.0789854465183
0.1164061362
0.0544665415323
0.0885544317324
0.0423247344993
0.0514824664911
0.0580896228962
0.0486247749072
0.0282535591926
0.2
0.0884055774799
0.0471937795067
0.0350947743626
0.0608404191818
0.0514292667333
0.0754113411417
0.0387837008593
0.0797445024976
0.0636793210962
0.089810886576
0.0559323392859
0.06241068772
0.0360545918513
0.048257116697
0.117206080288
0.0330752988337
0.0442916992863
0.0436673350923
0.0360146823984
0.0745695119293
0.0248776366297
0.0361119782279
0.0471128599434
0.0460735455443
0.0393386769997
0.0521728478154
0.0365597354783
0.0325916156298
0.0268184755204
0.0427325970891
0.0627573753468
0.0397800266203
0.0226413596824
0.0491920876191
0.0612681002989
0.0479858922308
0.0667227830699
0.0368390730455
0.0678344947176
0.0526039324117
0.0555555555556
0.10366744919
0.0653851559186
0.0425423955712
0.0846565585404
0.0543804594043
0.0583895787561
0.0486299403023
0.0442201783169
0.0385765720882
0.0548583927329
0.0429929756335
0.0284742309758
0.0800371342567
0.0498423816651
0.0483600571797
0.0350391325356
0.0266822803297
0.0749940281676
0.0531395367243
0.0321584411092
0.0294648659339
0.0543176196085
0.064718099833
0.0539982066168
0.0678938655729
0.0459460188386
0.0735377379247
0.0782947479039
0.0732832875179
0.041008148762
0.0917262050983
0.062253425474
0.0659020217299
0.0673456332253
0.0334495618161
0.0299685571685
0.0457728093933
0.0309842612085
0.0666666666667
0.0636064603498
0.0418182979342
0.0808562097926
0.0394909537081
0.0731690855342
0.0491667074472
0.0396647314257
0.0717640871737
0.0534705053735
0.0303581714587
0.0758720584898
0.1164061362
0.0391391373457
0.0792280567238
0.0417224936765
0.0525001733703
0.0612834227546
0.0516907483622
0.0310464136943
0.16
0.103175609334
0.044448563556
0.0324290280073
0.0632936980352
0.0487510942861
0.0716003660531
0.0333981107854
0.075
0.0720126544295
0.077310886576
0.0699652102949
0.0664678660959
0.0447767774038
0.0394789537886
0.0648320735963
0.0397311235393
0.0567660576348
0.0341008928075
0.0317069290257
0.108115614873
0.0208791710898
0.0336127541225
0.0385490511156
0.0722606401323
0.0492142470734
0.0388660579122
0.03744027232
0.0282814309749
0.028213501556
0.0433692793276
0.0760859964383
0.0395563112622
0.026550730079
0.0448342940222
0.0510116900425
0.0525331727092
0.0703861136125
0.0355204760675
0.0585048513734
0.0504600388625
0.0488098594093
0.0865121112663
0.103083097735
0.0367725203089
0.0483628464877
0.046359923839
0.0581094232764
0.0502817452456
0.0550220115988
0.0370032605521
0.0468262051534
0.0435306521053
0.0246466135654
0.0673774799613
0.0743826099469
0.0522663071797
0.0367846598374
0.0291710330069
0.0589238792746
0.0443481570911
0.0382027126772
0.0337576028355
0.0435688395164
0.064718099833
0.0617336022615
0.0550370498337
0.0475751441218
0.0732556263415
0.0683979132599
0.0609359503948
0.0429688024503
0.1
0.0468687905526
0.0766489866401
0.0617592110116
0.0325611766749
0.0220836229716
0.0516979523825
0.023793227535
0.0619047619048
0.0631800019332
0.0465415909784
0.0738632027996
0.0448168004327
0.0463449970355
0.0469951744293
0.0389556099896
0.0666149590737
0.0607702386265
0.031429073932
0.0669392441749
0.118587449655
0.0437174666066
0.0932488352153
0.0376518636466
0.0440411900986
0.0567760148141
0.0501413430766
0.0306351187594
0.16
0.0826092655997
0.0380596380089
0.0349787904939
0.0524351702539
0.0537528604937
0.0723976853776
0.0354572757563
0.0641846931063
0.0636793210962
0.0867959711792
0.0644096547394
0.0452154485698
0.043973899103
0.0377563103354
0.0876309526392
0.0390147151052
0.0414721958784
0.0441461259787
0.0369337113329
0.0703123875286
0.0242907466495
0.032192110648
0.0439349780422
0.0619378546458
0.0380435232231
0.0455757204311
0.0323462231573
0.0291779386403
0.0269639197034
0.0452111843577
0.0775508956693
0.0367525441966
0.025505994064
0.0428276450522
0.0591004484532
0.0407650216546
0.0489302682428
0.0332492211473
0.0582174688524
0.0487194733712
0.0388908419525
0.10366744919
0.051596127645
0.0481590262546
0.0488939116777
0.0427175911931
0.0547618571769
0.0439985174164
0.0319466561848
0.0352214898849
0.0550114958981
0.0481391673896
0.0280425758907
0.0595898795252
0.0663837347498
0.0424471883646
0.0340918027064
0.0260149678781
0.0592610204763
0.0549450549451
0.0273512727922
0.0277053647752
0.0586381199616
0.0621515931396
0.0523289230538
0.056338414693
0.048992747095
0.0769230769231
0.0734123544205
0.069845618229
0.0405207567957
0.0840645077608
0.0508927886041
0.0692964111189
0.0583200735044
0.0350482231148
0.0246234864753
0.0382925211798
0.0323150740176
0.0597265677441
0.0659340659341
0.0425033671338
0.0575417869387
0.048126065582
0.0755941783335
0.0409848533607
0.038000238842
0.0693713334589
0.0551919821908
0.0249664621003
0.0856784936194
0.124956203327
0.0479146744416
0.0843959745151
0.0395451714946
0.0526024587614
0.0642668980463
0.0512167508305
0.0296807768231
0.2
0.0772916256213
0.0439103021147
0.0371351124418
0.0624939580687
0.0546435959041
0.0717014712937
0.0422561540047
0.075
0.0636793210962
0.0908585926484
0.0568320482994
0.0651785896035
0.0475966259041
0.0389623960134
0.0860470252631
0.0380343376588
0.041359920096
0.0419380007835
0.0406786320959
0.0689378439812
0.0265545784962
0.0308607540195
0.0494268502975
0.0518327387373
0.0387115403527
0.0495572509724
0.0356625835812
0.0311317979776
0.0254290490013
0.0489511235006
0.0572377110177
0.0452665767382
0.0249477565247
0.0526995050639
0.0642160015771
0.0469353548507
0.0571676732032
0.035068965138
0.0705631478648
0.0523723146448
0.0493327170425
0.10366744919
0.0944578121414
0.0471877347793
0.0721134366394
0.0488684443822
0.0591152776933
0.0519412029245
0.0473861333485
0.0421944567146
0.0378373745305
0.0415440293768
0.0331289712497
0.0448378269276
0.0538258490061
0.0483600571797
0.0344050006477
0.0311108112763
0.0749940281676
0.0428648415757
0.0465312847592
0.0289077768379
0.0665950764926
0.064718099833
0.0556130453184
0.0648257060037
0.0505817392819
0.0602791612181
0.0811619908621
0.0732832875179
0.0433856410788
0.0916051970999
0.0577945769517
0.0768490069829
0.0717785520055
0.0323233646557
0.0265255802374
0.0507639970654
0.0291060633611
0.0666666666667
0.0631800019332
0.0410114515727
0.0762204964978
0.045321174607
0.0794391587169
0.0490017135663
0.0363826711537
0.0733559378419
0.0531655963155
0.0319754557351
0.0758720584898
0.0683740293233
0.0445248643737
0.0671042968759
0.035685945451
0.042024653322
0.0590174534033
0.0449691506568
0.0342285713592
0.148139169317
0.0564438036793
0.0410690861412
0.0341210181533
0.0505647869334
0.0307711997886
0.0717014712937
0.0347859266077
0.0545454545455
0.0553459877629
0.0879963374357
0.0498623131321
0.0422537703893
0.0393004678924
0.0475227590831
0.0879045602163
0.0382604510979
0.037003127412
0.03230144542
0.0360524047407
0.0937498500381
0.0234379390556
0.0380982610698
0.0458252353274
0.0444444444444
0.0480777521828
0.0395061412175
0.0384781468053
0.0296225698059
0.0230203265786
0.034415263698
0.0646627786177
0.0470447375425
0.0196453061678
0.045504372868
0.0575013401631
0.0393627181112
0.0538006108868
0.0308560823204
0.0746179441894
0.0408086646402
0.0499020200644
0.0987654320988
0.0859025814457
0.0272533011934
0.0677032767254
0.0362551420861
0.0549949576216
0.0551912178311
0.0368841953821
0.0390840718459
0.0506385163688
0.041726297423
0.0302228067935
0.062842895086
0.0562312800196
0.0482535487028
0.0339809434293
0.0285300007621
0.0681296820022
0.0461237396783
0.0426247670138
0.0232990938177
0.0535777031815
0.048524941555
0.0560531068214
0.0609991089112
0.0357414769167
0.0472176625626
0.066771482482
0.0677066115498
0.0361744540239
0.0994442276878
0.0577921773822
0.066130056614
0.069057873295
0.0419163248735
0.0288553591306
0.0384566740669
0.0297805294592
0.0714285714286
0.0659340659341
0.04526795296
0.0489178632019
0.0490196078431
0.0457319681534
0.0500753203764
0.0411306964559
0.0768252749612
0.0510667226971
0.0231514400815
0.0670814304337
