0.111111111111
0.0371204837269
0.0636363636364
0.0402084977744
0.0386578289524
0.051712076507
0.0342489477881
0.0234747901229
0.2
0.0662267152429
0.0395453426315
0.0337426833172
0.0447997234023
0.0441176470588
0.077745095445
0.0279209477373
0.075
0.0682072577174
0.0787317696093
0.0515586457662
0.0543359094126
0.032525282006
0.0333726218909
0.100476300185
0.039632418502
0.042463736488
0.040085951814
0.0332510995536
0.064238708695
0.0238767168925
0.0294473091365
0.0389271474258
0.0574191860357
0.0385471597513
0.0392164071731
0.0315243397836
0.0227786819625
0.0201348439023
0.0335453243538
0.0576129012759
0.0450723165079
0.0243050270182
0.0402812361404
0.0578394120842
0.0435079115954
0.0666666666667
0.0273370241834
0.0529020569949
0.0559835174775
0.0515873015873
0.0833333333333
0.0646844772959
0.0607178920213
0.040467362615
0.0404321955439
0.0570621700305
0.0571638463957
0.0480281300295
0.0386414554576
0.0419418566181
0.0396606943021
0.0252821011645
0.0602274406305
0.0357844854782
0.0338144368488
0.0309488376165
0.0240057300156
0.0817151558455
0.0532544378698
0.0279521293919
0.0226473281826
0.037907019443
0.0535714285714
0.0481279347044
0.0567558338734
0.0441213892864
0.0710059171598
0.0731193482399
0.0679028926786
0.0422118741769
0.0892857142857
0.0599495328956
0.048919874322
0.0539547288609
0.0263106216952
0.0193793960833
0.0366641918565
0.0218518411239
0.0625
0.0615384615385
0.0408752613991
0.0438781944458
0.0434496109319
0.0531920716745
0.0446522088467
0.0424409111288
0.0559796611049
0.0316936204799
0.0243411346313
0.0698912251141
0.102561043985
0.0423076923077
0.0606060606061
0.0419285747134
0.0414944068095
0.0597919789111
0.0345680625731
0.0264665483704
0.181717185297
0.0662267152429
0.0400423385767
0.0382352313053
0.0413515250056
0.0415224913495
0.0717014712937
0.0289344289796
0.0863543919416
0.0682072577174
0.0908585926484
0.0544017905244
0.0575925610306
0.023841765121
0.0328251442737
0.101380021574
0.0393828826185
0.0485361907677
0.0484817039168
0.0351239669421
0.0865676936476
0.0245177977056
0.0337359966067
0.038368425788
0.0510392764762
0.0343634456926
0.0359351983872
0.035534917844
0.0263197023434
0.0175615923422
0.0388168344046
0.0473754669437
0.04296875
0.0218680033386
0.0430909924427
0.0598705398757
0.0385114498105
0.0578935299928
0.0239121994345
0.0592421753278
0.0496221871136
0.0515873015873
0.0833333333333
0.0785733661848
0.0393875265962
0.0655394374901
0.043764179663
0.0551628263025
0.0490487162198
0.0448901857865
0.0331552967464
0.0421138503377
0.0336198063548
0.0285724348958
0.0503831273458
0.049131103957
0.0444140008048
0.0230253217341
0.0253785575167
0.0765285137704
0.0432692307692
0.029953055273
0.024182223314
0.0423714425141
0.0454545454545
0.0518455515385
0.0652258511099
0.0355855523611
0.0598290598291
0.0682804741517
0.0617283950617
0.0344351206561
0.0908740226725
0.0503743806289
0.0648834214773
0.051530935859
0.023639457956
0.0177643789508
0.043335254922
0.0210727457391
0.0593794603617
0.0659340659341
0.0391885062855
0.0622061876792
0.0428145222333
0.0695947150367
0.0439469353277
0.0355652410686
0.06757638724
0.0306756445694
0.028323180177
0.0635374773765
0.121420843411
0.033857324081
0.0685540969579
0.0419285747134
0.0490235416014
0.0558662473211
0.034583094854
0.0303218645707
0.2
0.0665362885671
0.0443951768937
0.0360343265423
0.0411489787328
0.0389463769199
0.0584458246707
0.0259384042814
0.06
0.059873924384
0.0654459893344
0.0398073231891
0.0439926404368
0.0347985659486
0.0342342726768
0.108963798567
0.0379294417361
0.0272622068017
0.0367127127467
0.0337335961098
0.0843748650343
0.0221481977446
0.0325363099895
0.0296411394309
0.0615881070269
0.0501192436832
0.0400718495727
0.0320558058192
0.0223282384175
0.0165699564228
0.0265197954113
0.0690749899632
0.0413844474723
0.0189893364242
0.0502590425447
0.0593041959765
0.0387811587146
0.047839089733
0.0246614026625
0.0746179441894
0.0297725179195
0.0490450826532
0.0833333333333
0.0859025814457
0.0302724638642
0.0385653594339
0.052815332219
0.0559297489935
0.0584665068352
0.0321501991478
0.0352408388534
0.0481301146717
0.0345837180642
0.0279882464004
0.0501988634025
0.0725924652696
0.0565447596985
0.0254600754584
0.0294735487088
0.0578323274508
0.0626848393674
0.0427133367729
0.0191504873139
0.0358946623211
0.0398484901656
0.0291979997958
0.0588255731083
0.0312637514477
0.029898362686
0.0571252647117
0.0535940109552
0.0387714512833
0.103027153954
0.0719091516428
0.0792450540878
0.0522544218109
0.0207593915083
0.0240210173659
0.0400676199004
0.0225517132205
0.052474866308
0.0576923076923
0.044109494741
0.0442868238255
0.0490196078431
0.0454873069022
0.0438291114837
0.0441202504225
0.0683442379215
0.0324908360137
0.0316179966389
0.0317687386882
0.0769207829887
0.040625
0.0833333333333
0.0433063387325
0.0463959421701
0.0600872419938
0.0359420631956
0.0275440342021
0.2
0.0712801079098
0.0450523912243
0.0298130694841
0.0432311397785
0.0441176470588
0.0657843115304
0.0281296797505
0.075
0.0682072577174
0.081366674855
0.0699652102949
0.0576206117199
0.0341689224688
0.0313409423362
0.10548547226
0.0401043690083
0.0530162757357
0.0411574972868
0.0382405059333
0.0713763429945
0.0213056340117
0.0301828026374
0.0381301545667
0.0328049040039
0.0360279541545
0.0407847841853
0.0339970300059
0.023286480298
0.0221348213098
0.036387393394
0.0505050505051
0.0367647058824
0.0234153588146
0.0457549386503
0.0598705398757
0.0422097888445
0.0591945109355
0.0302439118141
0.0746179441894
0.0521891908139
0.047619047619
0.0793650793651
0.0673840629272
0.0442194658784
0.0466182411993
0.0397381235754
0.0519047434572
0.0392700740101
0.037008150232
0.028297746815
0.0449214403602
0.0351855572372
0.0258000454282
0.0741711698725
0.0605205601672
0.0457262602893
0.0291634064931
0.0243357340137
0.0688756623933
0.0576923076923
0.0358433130322
0.0250613280463
0.0442980236656
0.0494505494505
0.0484793260352
0.0660832009591
0.0367765676604
0.067525672167
0.0915478359601
0.0679028926786
0.0370352200012
0.0998881759479
0.061133563525
0.0783545291662
0.0563592022484
0.026303626308
0.0254947124849
0.0484697801641
0.0272232505428
0.0546557661027
0.0650887573964
0.042520257679
0.042903608918
0.0450300903498
0.0733637690376
0.0488299281419
0.0381968200159
0.0624409729355
0.0360105711806
0.0305861584138
0.0565444703835
0.111111111111
0.0382352941176
0.0661157024793
0.0371840421828
0.0469048095804
0.0612834227546
0.0450824583767
0.0307164580477
0.2
0.0805897955001
0.0464958672934
0.0317220056662
0.0437651487892
0.0477941176471
0.0776765939015
0.0311889215935
0.075
0.07
0.0740695846583
0.0551757179848
0.0524563506174
0.0394635752045
0.0327848201573
0.103161656747
0.0411111160188
0.0432338810264
0.0445040472222
0.0346698214079
0.105468581293
0.0240369735562
0.0298008222695
0.0409641018838
0.0636884132121
0.0406379326532
0.043061736229
0.0356317271994
0.0292868768089
0.0260612226772
0.036387393394
0.040404040404
0.0442662042647
0.024836674065
0.0442124932268
0.0530990202591
0.0394593043529
0.0601639997981
0.03096344141
0.0652477360073
0.0507843197879
0.0515873015873
0.0606060606061
0.0673840629272
0.0394386193938
0.0629370629371
0.0516073169179
0.0538242244133
0.042856490562
0.0430348730421
0.0362591622532
0.0449214403602
0.0352188877353
0.0253868489665
0.0682195646373
0.0691043745784
0.0455153479338
0.0350844888634
0.0243949113909
0.0719225354729
0.0414201183432
0.034069746815
0.0220204295162
0.0486961282595
0.0454545454545
0.0388392914242
0.0648257060037
0.0417559899765
0.0705128205128
0.0915478359601
0.0555555555556
0.0404483264877
0.075
0.0511616048189
0.0766927584549
0.0604595072876
0.0288663545222
0.0243528863361
0.0387034410019
0.0241420320567
0.0666666666667
0.0604395604396
0.0417171502434
0.0665109506573
0.0430551158767
0.067910324243
0.0480695979808
0.0315048999306
0.0662001884192
0.0356596636218
0.0329996436319
0.0621989174218
0.102561043985
0.040625
0.0808080808081
0.0395763866804
0.0518478427912
0.0656608100942
0.0404450378521
0.0279312230525
0.2
0.0795794425505
0.0469920371824
0.029177282287
0.0447997234023
0.046218487395
0.0657843115304
0.0335532688949
0.067476117498
0.0682072577174
0.0898428807204
0.0551757179848
0.0494977866961
0.0442549102484
0.0398101387625
0.116596583371
0.0371720037812
0.0419051646245
0.0422737246275
0.0363636363636
0.0687527325497
0.0226659458538
0.0371636726558
0.0390383588193
0.0417594080259
0.040539745733
0.0465231036388
0.0338475610372
0.0229189749645
0.021709030368
0.0407762502177
0.0410087806158
0.0431376422294
0.0224638967575
0.0482968796864
0.0555940727417
0.0394264145965
0.0526306555266
0.0316186350784
0.0746179441894
0.0501333727968
0.047619047619
0.0833333333333
0.0580521010366
0.0381741228245
0.0513168439993
0.0420756602563
0.0594061206335
0.048577487999
0.0476958223981
0.0315324878458
0.0454370113362
0.0311936916552
0.0251346017711
0.0741711698725
0.0561976630124
0.0483600571797
0.0299697661785
0.0206325059563
0.0688756623933
0.0550880631608
0.0342052420053
0.0245080438999
0.0514510373385
0.0535714285714
0.0483891814359
0.0648257060037
0.0411623627178
0.0591945109355
0.0915478359601
0.0516288923341
0.0376472887481
0.09375
0.0519423086212
0.0773651066323
0.0531723290402
0.0302346719978
0.0228709610396
0.0400620007505
0.0239206763403
0.0624637326888
0.0650887573964
0.042520257679
0.0429754184484
0.0450679181403
0.0728168642451
0.0429819749255
0.0381968200159
0.0624409729355
0.0337159844028
0.0329996436319
0.0676830558886
0.150673883584
0.0430053967408
0.0681818181818
0.0398222676664
0.0415250052317
0.0601002313796
0.0389550844669
0.0312868028578
0.2
0.0735852391588
0.0410925361184
0.0307968374139
0.0375708066691
0.0392156862745
0.0597422390282
0.0321493655328
0.075
0.0744079175099
0.0908585926484
0.0568320482994
0.048953676876
0.0455161148319
0.0318447329003
0.0932176107017
0.0335903287581
0.0373355313598
0.0394150057883
0.0301229879284
0.102083063402
0.0217860519009
0.0295784636268
0.0410897667273
0.0691875725423
0.040539745733
0.0453864357431
0.031617014433
0.0245034328483
0.0221761734823
0.0318389692198
0.0606060606061
0.0346806895803
0.023861627917
0.0425231860597
0.0563322456701
0.044373463973
0.0591945109355
0.0369965693347
0.0748510313817
0.053082394726
0.0442579399752
0.0833333333333
0.0580521010366
0.0481102679643
0.0699300699301
0.0489960754812
0.0484715550388
0.0460207781043
0.042048082019
0.0346857366304
0.0320512820513
0.0419766792611
0.0280049542172
0.0352514709081
0.0419429518877
0.0391473129208
0.0283924100639
0.0299674194664
0.0719225354729
0.0472183398521
0.0257710868113
0.0245855086704
0.0467790668256
0.0519480519481
0.0313154272198
0.0577280285595
0.0447368421053
0.0633736530662
0.070421412277
0.0679028926786
0.0394990926839
0.084010762613
0.0597829349171
0.0745594672903
0.055494854002
0.0239878963549
0.0197265910663
0.0497370184162
0.0209710590133
0.0663265306122
0.0659340659341
0.0421916906219
0.0574210963193
0.0483221320753
0.0692083878335
0.0433485019452
0.037738458465
0.0662360713613
0.0360105711806
0.0299950551421
0.0635374773765
0.102561043985
0.0455053967408
0.0743801652893
0.0423247344993
0.0485439237561
0.0564107714056
0.0357019039737
0.0263701530845
0.2
0.0884055774799
0.0442233635211
0.0286361464014
0.0447422685095
0.0484429065744
0.0754113411417
0.0342524161605
0.0797445024976
0.059873924384
0.089810886576
0.0532985436282
0.0586127619511
0.0330785471978
0.0413775304744
0.117206080288
0.0307365170072
0.0386684525631
0.0415063171369
0.0341796066786
0.0643929891766
0.0224701162513
0.0325182135738
0.0393517080855
0.0460735455443
0.0393386769997
0.0486121750886
0.0336396838592
0.0272167999768
0.0207513949779
0.0316268324922
0.0420641632631
0.0347222222222
0.0209930803165
0.0460322198197
0.0612681002989
0.0429845822352
0.0601639997981
0.0355167065613
0.0678344947176
0.0496221871136
0.0555555555556
0.0972222222222
0.0580521010366
0.0385369266741
0.0727272727273
0.0506035393557
0.0529638194979
0.0450963185069
0.0395746654296
0.030571447192
0.0454370113362
0.0348795309494
0.0236649288133
0.0748062253457
0.0498423816651
0.0483600571797
0.0279091340335
0.0210434470644
0.0653841231572
0.0461538461538
0.0286805870584
0.0239208343569
0.0391794949962
0.0535714285714
0.0443877616277
0.0678938655729
0.0414609765224
0.0710059171598
0.0729488192292
0.0679028926786
0.0353733886725
0.0917262050983
0.0599495328956
0.0613866360059
0.0601194251688
0.02535005046
0.0274336915544
0.0396023879806
0.0249198876903
0.0666666666667
0.0564102564103
0.039748634313
0.0746478579742
0.0382037518153
0.0680852865721
0.0471287928816
0.0339686129215
0.0576378211712
0.0359991755858
0.0289858568281
0.0635374773765
0.102561043985
0.033007709559
0.0636363636364
0.0402851236355
0.0446913779833
0.0612834227546
0.0408344697897
0.0299191252569
0.16
0.0968747233993
0.0388274212548
0.0248416808272
0.0467141487613
0.0470588235294
0.0690913132759
0.0273656576346
0.075
0.0682072577174
0.077310886576
0.0699652102949
0.0639846069393
0.0422258819865
0.0334957604532
0.0598557596967
0.0334117814459
0.0475919416162
0.0311492907678
0.0282290485344
0.108115614873
0.0177516307802
0.0309991071013
0.032887222104
0.0621250195794
0.046835313631
0.0355024813729
0.0327236823488
0.0214977052206
0.0224843528812
0.0279668028097
0.0624570656963
0.0361842105263
0.0234153588146
0.0448342940222
0.0510116900425
0.0450696931633
0.0622222222222
0.0348338715863
0.0585048513734
0.0452057925236
0.0488098594093
0.0800668842989
0.103083097735
0.0367725203089
0.041958041958
0.0446605303453
0.0522166375685
0.0479832499548
0.0515389659187
0.0280517057987
0.0373817961608
0.0367416666028
0.0192802121978
0.0649488436812
0.0743826099469
0.0522663071797
0.0286147876727
0.0242086263216
0.0513732396235
0.0384615384615
0.0325613601
0.0245080438999
0.035348872797
0.0535714285714
0.0508022020244
0.0510255174223
0.0443331619635
0.0705128205128
0.0654069711163
0.0555555555556
0.0354558021365
0.1
0.043005581982
0.0744072310011
0.0506871616943
0.0242302130615
0.0197205850073
0.0455562398547
0.018319320557
0.0619047619048
0.0604395604396
0.0453279680823
0.0676548509811
0.0433563053552
0.0463449970355
0.0446650291137
0.0334761103974
0.0451042139856
0.0407047905182
0.029970989637
0.055632544821
0.118587449655
0.0347928497938
0.0826446280992
0.0364104986112
0.0402041224975
0.0537622691523
0.0405684162905
0.028725396612
0.16
0.0715443552214
0.0351863658639
0.0298130694841
0.0376846261592
0.0507665003348
0.0723976853776
0.0320588122322
0.0611530707534
0.059873924384
0.0867959711792
0.0644096547394
0.0425252511502
0.0403684192609
0.0337192986349
0.0833840482937
0.0332591612779
0.0345512768345
0.0441461259787
0.0343255973183
0.0703123875286
0.0211993094248
0.0295784636268
0.0373628835572
0.0524144197643
0.0367835909078
0.0419197701512
0.027970559593
0.0235586953158
0.0206125044448
0.033523629713
0.0610655017317
0.0336106147257
0.0225481233029
0.0428276450522
0.0591004484532
0.0329283681314
0.0446871248206
0.0302439118141
0.0582174688524
0.0382948029874
0.0359477124183
0.0972222222222
0.0464629892276
0.0481590262546
0.0407707954526
0.0397381235754
0.0529638194979
0.04080143103
0.0306774531173
0.0281752736462
0.0449214403602
0.0363952699385
0.0235750742544
0.0549813697383
0.0637565228116
0.0424471883646
0.0293516527297
0.0209626032784
0.0504519408833
0.0549450549451
0.0230198613416
0.0190433422342
0.0450196576712
0.0539373925689
0.0396255517669
0.056338414693
0.0415512465374
0.0769230769231
0.070421412277
0.065706852968
0.0374649829023
0.0776908035151
0.0481354499495
0.0652924933493
0.0511166377533
0.0211523893083
0.0203925279257
0.033535916167
0.0245465229806
0.0597265677441
0.0659340659341
0.0404337035126
0.0521223369521
0.048126065582
0.0736100869842
0.0409848533607
0.0311955999195
0.0576378211712
0.033899028435
0.0222699093463
0.0684530576415
0.111111111111
0.0411764705882
0.0727272727273
0.0382708674537
0.0496639160263
0.0642668980463
0.0407235996741
0.0267683206775
0.2
0.0662267152429
0.040325907271
0.0306361464014
0.0448626501895
0.0514705882353
0.0717014712937
0.0377248693059
0.075
0.059873924384
0.0908585926484
0.0568320482994
0.0631609415387
0.0446205812506
0.0345941233834
0.0860470252631
0.0332591612779
0.0335241316996
0.0391701590424
0.0379519674443
0.0649037423341
0.023346919064
0.0282924434691
0.0420332440018
0.0518327387373
0.0387115403527
0.0461305027112
0.0309708048727
0.0250673710343
0.0201237181047
0.0378453589037
0.0396825396825
0.0429637902836
0.0215937523168
0.0482968796864
0.0642160015771
0.0401547907744
0.0484636647143
0.032188877027
0.0705631478648
0.0461944376217
0.047619047619
0.0972222222222
0.0859025814457
0.0422921616828
0.0629370629371
0.0455358678687
0.0530048230102
0.0519412029245
0.0440193518099
0.0340615246541
0.0297619047619
0.0336446720474
0.0284613926944
0.0372047630772
0.0513737845305
0.0483600571797
0.0283934706352
0.0242498192119
0.0653841231572
0.0384615384615
0.0412092234316
0.024182223314
0.0522304508254
0.0535714285714
0.0453648575961
0.0648257060037
0.0447368421053
0.0579281847935
0.0781710487185
0.0679028926786
0.0378942928071
0.0852314928542
0.0553551612805
0.0744072310011
0.0629127849271
0.0217875550194
0.0231883909051
0.0452166122862
0.0206483509408
0.0666666666667
0.0604395604396
0.0399033611024
0.0684941938442
0.045321174607
0.0774550673676
0.0468667554499
0.0315048999306
0.0606446328636
0.0349954133362
0.0307954810033
0.0635374773765
0.0683740293233
0.0347625649071
0.0606060606061
0.0343445727763
0.0376478488105
0.0571147550472
0.0328997215707
0.0294144089607
0.148139169317
0.0463364845684
0.0383013673342
0.0300491176517
0.0385135613686
0.0240548883545
0.0717014712937
0.0320267865426
0.0545454545455
0.0515405910507
0.0879963374357
0.0397854073684
0.0383588712353
0.0333429151963
0.0407197931266
0.0879045602163
0.0346950269012
0.0295244136035
0.0311356250716
0.0340909090909
0.0937498500381
0.0205165992802
0.0296974074775
0.0363174075507
0.0444444444444
0.0456988187404
0.0358937852399
0.03459280845
0.0220890736376
0.0176289376156
0.0249915975089
0.046414890778
0.0437282564343
0.0149927022604
0.045504372868
0.0575013401631
0.0290598787341
0.0424638487961
0.0285716710114
0.0746179441894
0.0337777896406
0.0481481481481
0.0987654320988
0.0859025814457
0.020979020979
0.0593703347485
0.0276498651431
0.0460681744919
0.0507044793227
0.030393881034
0.0318597440575
0.0419418566181
0.0293110679658
0.0251494313435
0.0602274406305
0.0530444278968
0.0482535487028
0.0287566589902
0.0231050024115
0.0550384809636
0.0461237396783
0.0346016805661
0.0181098168482
0.0394059770268
0.0357142857143
0.0443877616277
0.0609991089112
0.029409950255
0.0324453971255
0.061818316843
0.0617283950617
0.0307496261777
0.0994442276878
0.054822756307
0.0612696942286
0.0628639806751
0.0286846308124
0.0254926046199
0.0297830400388
0.0231413564332
0.0714285714286
0.0659340659341
0.044109494741
0.044485352258
0.0490196078431
0.0342746188235
0.0488299281419
0.0361212209594
0.0680017838079
0.0343151811697
0.0231514400815
0.0503302279417
