0.749737219959
0.759943596341
0.779579320167
0.817043240271
0.71608903625
0.816417556392
0.707060456669
0.699289062352
1.0
0.634117755371
0.740250466093
0.762538756965
0.840808280674
0.82127460013
0.774429164605
0.581111967937
0.838165987045
0.761660629792
0.64983419937
0.797088576178
0.726067563131
0.519957243402
0.62805797006
0.875
0.779604085814
0.624054749179
0.728465087985
0.758365035875
0.650655384351
0.793071897091
0.602194205322
0.684143693452
0.538050673338
0.674331747827
0.695929714703
0.734062374009
0.745236153819
0.654544664114
0.623459989554
0.653407167944
0.765673177384
0.713056122233
0.78584269283
0.7411084712
0.916561013991
1.0
0.801567454445
0.56180284791
0.944258802085
0.862869290772
0.775515013722
0.64149894989
0.780067791955
0.518354083216
0.633888399117
0.789926147687
0.778925502908
0.750318934894
0.809408751776
0.604571424909
0.796705622521
0.763407622091
0.795229877685
0.549979843659
0.639981833682
0.614633457287
0.658326264557
0.833282249763
0.731557267173
0.499940504521
0.71358990777
0.658014088449
0.817961019235
0.588044262979
0.907945648149
0.888727497822
0.955990593021
0.770994144683
0.734332929202
0.791431674387
0.763842907868
0.748133566057
0.69761401766
0.827539494185
0.654556758829
0.693296318014
0.718635428077
0.695164713626
0.947645374336
0.909282242139
0.812957675656
0.655827598652
0.769377278984
0.714316050584
0.865394437578
0.69078595181
0.793918074266
0.773562041899
0.547480126775
0.781773616562
0.698436817202
0.803607775926
0.757000642994
0.793338543646
0.769507997959
0.860998899374
0.680417213838
0.712130222311
0.854292963242
0.634117755371
0.695619369239
0.811457130079
0.825329103065
0.7715342793
0.813111560098
0.649368338258
0.865167364882
0.761660629792
0.8
0.820980522292
0.735146348433
0.47000580448
0.581268841749
0.796623274547
0.756395284352
0.628416529308
0.809568152148
0.788475352981
0.675350987833
0.783686194524
0.658216146594
0.607901858404
0.5487120146
0.704436357752
0.694588403331
0.761033028033
0.841849837869
0.592168029637
0.553308294338
0.666188611468
0.762742987848
0.702001487281
0.739483777991
0.777623844575
0.720451991225
0.822151007501
0.673003630439
0.615131995596
0.819105101089
0.880002223261
0.798280204849
0.759554505446
0.498290193388
0.733659380713
0.655532135294
0.790683368844
0.715471040391
0.74939602882
0.709898792423
0.602151713664
0.725036597248
0.822229482597
0.711113960451
0.65942714653
0.773431784313
0.529933315335
0.633125898207
0.804191354372
0.708748948255
0.485690949872
0.758329070524
0.784010526871
0.68087396982
0.630536025481
0.947663291635
0.756263755413
0.711998625341
0.81845879735
0.714517545745
0.72220792994
0.812447484595
0.726817330202
0.764729110317
0.826885015385
0.625854965183
0.654019479701
0.782878697178
0.612892710558
0.869226293052
0.915715737875
0.767168979588
0.822632577978
0.82888503151
0.797393018495
0.83226232317
0.595806652158
0.857743550332
0.70688494435
0.628364410342
0.761302496394
0.814587614917
0.754266657322
0.808611832789
0.81807673923
0.817823440824
0.834698987158
0.712831242707
0.765116108336
1.0
0.58953228854
0.745550339178
0.754196513802
0.806203352635
0.69974852967
0.593225230722
0.555390281815
0.616500866037
0.702789998193
0.629262535165
0.631919224433
0.599288462005
0.591788675456
0.638366049476
0.846814354211
0.691408315552
0.541238699371
0.675940373953
0.787004107362
0.812551695307
0.687203225967
0.667138643323
0.589318590627
0.62672220033
0.853779505251
0.729052571599
0.759789110705
0.685209932735
0.531838911768
0.521779032394
0.73244877226
0.709308704353
0.627676103894
0.893248636539
0.733042944831
0.740448931627
0.757413769672
0.643272792613
0.788406747545
0.524772684747
0.773995400491
0.727658814803
0.739332595983
0.386114063555
0.566031858461
0.749338838199
0.865726962275
0.782387617213
0.495117016113
0.756318627216
0.638524872694
0.644380509945
0.813017128851
0.635136383883
0.812267839663
0.855507030169
0.531044230727
0.714094074251
0.645781211652
0.792066840503
0.58590529971
0.637396647207
0.701843582192
0.614115886947
0.509076578
0.843399171161
0.680510811965
0.572428516893
0.755290162287
0.609918845287
0.685782746731
0.809101603662
0.905009418147
0.935638474321
0.81462799609
0.620299738704
0.733602734765
0.771878907093
0.698405769995
0.768610205096
0.817834601134
0.835589787416
0.701704503913
0.900493676091
0.587232763289
0.774288127172
0.701024661707
0.710767786578
0.735530229979
0.630525109806
0.487354349802
0.663095176923
0.822248052414
0.97633238244
0.871410408813
0.800980098797
0.919134279308
0.736159620034
0.758239472401
1.0
0.717768148125
0.778715786682
0.706676186108
0.830981913816
0.81001071175
0.752867676317
0.638650007324
0.838165987045
0.761660629792
0.759373785308
0.944003656659
0.738586649668
0.55769056533
0.56480767198
0.806682164362
0.77885394408
0.70363044405
0.726605873987
0.841141637631
0.664833539276
0.756930160275
0.681348116101
0.694625931097
0.413101704411
0.656685748555
0.81541181187
0.719172370829
0.765134096088
0.699275422109
0.578683812877
0.649425012751
0.701138342947
0.707554089656
0.856903795148
0.764323305485
0.838438570784
0.841240091396
0.773503037675
0.790378850173
0.850590235684
0.80007853004
0.750319543752
0.600443707094
0.486801106211
0.690292404988
0.688985150672
0.77184601684
0.695891299831
0.641987474061
0.66069532055
0.630737474739
0.702755176764
0.77574506531
0.86527574092
0.791873316643
0.75612200706
0.582712669017
0.660469815915
0.714092701424
0.775413412546
0.51237901464
0.737991657544
0.785233650886
0.797321463483
0.624617628856
0.961359235688
0.766771803345
0.893081118254
0.916704251414
0.709051721324
0.793895731904
0.810622039122
0.820443376252
0.805027576512
0.835858774343
0.66483928866
0.745674258487
0.838574041504
0.781904934424
0.812213510633
0.886627720434
0.856414497718
0.708370913091
0.840287360745
0.894477441848
0.848734065977
0.648420885955
0.870525010892
0.803982082659
0.628486239377
0.718457487083
0.749737219959
0.821311634242
0.828023772163
0.819083243557
0.831967345849
0.892753946154
0.772012384235
0.786921486595
0.9
0.663959337874
0.788167530559
0.718368144739
0.799208292547
0.856477625235
0.833609846106
0.689304661704
0.838165987045
0.755438763092
0.608124296611
0.797972128969
0.768243932004
0.667929649686
0.520451880122
0.844602383637
0.735206403051
0.637770481073
0.753488509295
0.792861757443
0.904556120522
0.783164203139
0.566555833235
0.703925721385
0.659949177375
0.724647726559
0.797535633855
0.724436904557
0.825973287181
0.754529190612
0.568372563509
0.595956517156
0.775761617732
0.715663559722
0.806458654287
0.750134984244
0.790056351342
0.872377997072
0.840778930131
0.693433654824
0.808330695693
0.863245709384
0.727661697295
0.600443707094
0.521978318796
0.805270151396
0.743507807412
0.78510668221
0.725151672823
0.741492222653
0.766370086039
0.605810392277
0.742200896494
0.754691584052
0.885765969935
0.836163287519
0.705877913414
0.705460170946
0.674550242003
0.778740517723
0.648488317873
0.531180461691
0.731353500161
0.83900372
0.736106319816
0.532943691116
0.977674653496
0.842602211279
0.927904103318
0.916704251414
0.622388976515
0.751141130843
0.733243927837
0.721501472083
0.911475736467
0.915111273608
0.672896490018
0.732933817667
0.73775255099
0.733182731784
0.966666666667
0.885613060265
0.806218882424
0.857507997194
0.845307614618
0.797340648026
0.766537350717
0.583626088811
0.864846194345
0.789711938848
0.681747959223
0.72679811098
0.698436817202
0.821399314044
0.876331431157
0.849865504726
0.866226708581
0.925187665669
0.782085000507
0.743873316042
1.0
0.713549964351
0.781384048768
0.713450103178
0.823758722873
0.794516134869
0.703020840335
0.692711291116
0.836343288251
0.761660629792
0.738888888889
0.797972128969
0.672431095786
0.71023202579
0.588483332948
0.912237719917
0.73516664515
0.588125497077
0.764277275441
0.817383091572
0.664141436704
0.765953605139
0.631121572282
0.641025361843
0.48755690519
0.686240915221
0.896723385584
0.712129003292
0.736692828525
0.689666186652
0.587163397857
0.615099862156
0.718185117919
0.678289339009
0.867212858458
0.747592452005
0.812442049458
0.781026010711
0.764908490352
0.790378850173
0.835098570142
0.81838817536
0.775515013722
0.584660013994
0.50132280052
0.634916794747
0.695505732203
0.820903149063
0.766127367469
0.774840097255
0.720720990189
0.610457982512
0.681428115347
0.7684832599
0.86527574092
0.764723374358
0.717404828599
0.629230757812
0.558280503257
0.740525002693
0.693144451148
0.543578886656
0.74053940719
0.830496385778
0.817961019235
0.609354708333
0.977674653496
0.838395715894
0.849242086625
0.916704251414
0.61390264508
0.752945337646
0.829602122172
0.758787723787
0.854582234707
0.839453973197
0.685125112933
0.705395531885
0.782088943158
0.682793089275
0.855101913628
0.886752724592
0.856414497718
0.668281590223
0.865873545454
0.906460685021
0.750313852137
0.671266671211
0.870525010892
0.798773137451
0.691285701069
0.755772563784
0.904043301502
0.872512779861
0.772466830197
0.80552675991
0.82183048133
0.891907856102
0.795715037613
0.817156382558
1.0
0.662599235521
0.756103467818
0.744793556695
0.771748099549
0.757774470808
0.615109387398
0.683687194406
0.838165987045
0.776969032505
0.8
0.842678946418
0.718499392724
0.707182433466
0.612262539546
0.812534482126
0.719797315899
0.572933454455
0.769700016947
0.708148771216
0.885929974335
0.760385678866
0.658670674604
0.703438154065
0.76369785918
0.694893825886
0.836650243691
0.692176588304
0.79082966929
0.672707786061
0.566891511244
0.750435113761
0.658740019249
0.685594338504
0.84293556486
0.771332443896
0.843712006282
0.854766529023
0.904285629429
0.7172853665
0.846358613368
0.814952975141
0.775515013722
0.584660013994
0.556962068522
0.889186235312
0.794005799931
0.758125744258
0.747674657242
0.699416001145
0.747818774957
0.533698793054
0.797494424384
0.830810975722
0.620650007419
0.654772998044
0.650144603546
0.633484808729
0.722389931411
0.810895125582
0.639957326625
0.533122062878
0.654564009212
0.721324010921
0.762042800989
0.541001964819
0.923399812325
0.900728827789
0.884280215569
0.829943166823
0.700771689503
0.821123502621
0.777179888476
0.838934364499
0.834479881345
0.849890417434
0.605156075316
0.70177415646
0.865162458938
0.680699356029
0.928571428571
0.916907108228
0.828378923314
0.821937457072
0.888593236022
0.884343948436
0.833091433755
0.662328620967
0.888619489379
0.821872885168
0.633080966307
0.761302496394
0.698436817202
0.876271459481
0.889551812715
0.828424406275
0.817162895527
0.871461818913
0.721956756541
0.742226033501
1.0
0.769781704176
0.741807007558
0.696083675553
0.858972498265
0.866268146759
0.835044785835
0.71091529124
0.851680171183
0.702789998193
0.791678392203
0.770944289947
0.8082305862
0.598080895477
0.673746984848
0.849139120381
0.659080028647
0.651252521108
0.740607022069
0.782615474504
0.693049240281
0.763266099878
0.611052386214
0.660244026501
0.507900571257
0.723108349104
0.920726850325
0.727014228336
0.819400066577
0.6798772008
0.561622990833
0.616487949271
0.704339861822
0.682335561338
0.824052068187
0.764544795576
0.897314673434
0.887695699595
0.896297204253
0.75633876239
0.812428318513
0.917319386076
0.893570569277
0.584660013994
0.504433780037
0.82288173596
0.739711944182
0.769013447222
0.74641108961
0.681197192094
0.751216964902
0.626838591148
0.716617904109
0.749762001433
0.960644127039
0.692619625919
0.717404828599
0.648928943425
0.62234692844
0.79278814329
0.755125333128
0.495613558788
0.746288166548
0.693662005287
0.817961019235
0.544896828842
0.953129376943
0.841116353886
0.955990593021
0.837627835251
0.705153482023
0.729875580164
0.727166121011
0.753219684265
0.741770078061
0.854186647243
0.656589199312
0.795699076912
0.782338820885
0.692015839222
0.979772465836
0.871332694525
0.828291932503
0.909262449075
0.784302021879
0.882141040919
0.89427766394
0.58496738484
0.849268964508
0.837026643438
0.626591701477
0.723941840053
0.698436817202
0.748498802996
0.774063635842
0.82580531118
0.812282018787
0.892753946154
0.761364802137
0.803816025939
0.872848611608
0.789502046868
0.733163258441
0.67030438046
0.81743985128
0.822381409937
0.820238492074
0.637361170273
0.838165987045
0.761660629792
0.679178392203
0.944003656659
0.762845852331
0.6925109894
0.639003920445
0.637996602298
0.698885574526
0.700401269894
0.690987713588
0.690680511459
0.911579783902
0.652514988615
0.64053203771
0.583692220441
0.732531941962
0.784022068376
0.717899076134
0.750831810147
0.733160622637
0.687016647319
0.515472605065
0.722644990139
0.71285409268
0.711008429564
0.786406473801
0.667506771061
0.875610181057
0.933333333333
0.871227386759
0.656826941407
0.76960285709
0.761579061492
0.747750196929
0.778146381154
0.498785540572
0.645430636814
0.704813632169
0.779203736022
0.720479736037
0.79680360421
0.650932170128
0.598312563068
0.663138650107
0.699353816908
0.798530688423
0.892591319363
0.76849000414
0.611713466263
0.642191440537
0.676786386555
0.610189810924
0.527235353128
0.731919078255
0.664735112304
0.817961019235
0.629886762073
0.820809108956
0.775547264105
0.915695329269
0.731152430912
0.699767752579
0.773933259471
0.934335515976
0.685620328379
0.858640416545
0.794315143905
0.63593361874
0.687739061319
0.813688603487
0.627649935396
0.908921111779
0.865466197917
0.872533174796
0.840468441123
0.820633548047
0.672284064429
0.82195161968
0.54707171787
0.636030546607
0.862448016339
0.615274219856
0.643095806659
0.852381988389
0.763435635495
0.944839040971
0.784670575346
0.78526490123
0.891373481771
0.77486098184
0.757772007602
0.836424305804
0.698887881545
0.710337438656
0.712428747633
0.753110246635
0.883037304471
0.883768502714
0.740845021244
0.781501449028
0.702789998193
0.750085410848
0.869003656659
0.664499474356
0.62571271354
0.611383116344
0.762268552757
0.721248366407
0.59157191723
0.813275509525
0.796097267721
0.779309666203
0.758019573676
0.65162256029
0.665054909178
0.682491165922
0.660823957935
0.876967034743
0.705472572309
0.765974843249
0.663679556858
0.546804887441
0.754573100146
0.681095118822
0.703361661468
0.796687750707
0.813457747831
0.709363355554
0.672011965183
0.766644047705
0.56488897848
0.672042798466
0.718814443358
0.893570569277
0.490899460194
0.580316591359
0.635618692493
0.666370163107
0.758751001182
0.706063596118
0.593203350941
0.718983560935
0.631912778235
0.756288338462
0.771424356148
0.75559915923
0.862988551748
0.7431324918
0.665158923522
0.65812180796
0.658567915952
0.792754343718
0.437239600636
0.648281747353
0.838196103413
0.78869117794
0.53546865198
0.906679687891
0.83378638293
1.0
0.832449931344
0.725704109376
0.779393621465
0.773379500283
0.771203052119
0.779852742109
0.818324798451
0.577536029734
0.725298447712
0.721360200375
0.722744794985
0.918085974209
0.916907108228
0.839518794947
0.773729234069
0.896014914925
0.900919468399
0.732229752681
0.626025113494
0.839379910486
0.813113801592
0.533448758027
0.834254578917
0.749737219959
0.851142943246
0.850735402433
0.794921648576
0.836762760257
0.926008508864
0.759720401851
0.718698843467
0.9
0.651029121739
0.746200136079
0.723310386694
0.81556132582
0.892693398547
0.786816477811
0.743232478756
0.838165987045
0.669993963125
0.8
0.83176972061
0.801896995279
0.702001168993
0.617861370322
0.78514320374
0.732518799935
0.562011657822
0.778049338485
0.849109363701
0.745777990983
0.780074548012
0.644649037009
0.69775792352
0.520047152364
0.697876415664
0.867228625687
0.688922153787
0.79280100655
0.637691993289
0.610225744811
0.599685120773
0.736385938902
0.679074460293
0.869056111253
0.793992935568
0.795673429533
0.763493362316
0.829151868729
0.741272361542
0.754115996804
0.818764593972
0.893570569277
0.739332595983
0.528337257984
0.805270151396
0.721067087543
0.77439722816
0.784132934529
0.702821663659
0.744042791905
0.51082993943
0.714175108327
0.831232338592
0.642931859807
0.704307903952
0.717404828599
0.652825522001
0.662237771763
0.758668391908
0.683492639848
0.542710416397
0.739944297469
0.796034243053
0.817961019235
0.600623809335
0.977674653496
0.900728827789
0.804331143062
0.862952832087
0.705153482023
0.765145367156
0.764478881288
0.796142093986
0.863977180306
0.870644312419
0.58894273885
0.750016411725
0.827815533227
0.663752738917
0.966666666667
0.879727244217
0.798273320453
0.851604186143
0.826494174045
0.932080283193
0.874650392715
0.583626088811
0.789846194345
0.828669191782
0.657444312637
0.723941840053
0.582012080507
0.75495675301
0.783112009666
0.729037628995
0.713331890105
0.882402635666
0.727580330121
0.800667057903
0.859275645579
0.535856620162
0.701096958953
0.711029171023
0.78660317649
0.498661574739
0.786816477811
0.645606529595
0.669785387494
0.611123331527
0.790624447867
0.66706745264
0.65491613426
0.59675395696
0.682558810077
0.779906557107
0.71799334628
0.52951035103
0.607386002902
0.777811712797
0.871562085729
0.681774005228
0.616326056553
0.629947017137
0.52959434059
0.754071939239
0.705780021486
0.744310498845
0.72215046503
0.601266232696
0.452650678311
0.612791474024
0.788204686327
0.552240167975
0.782168640749
0.717140829531
0.633814426931
0.65396378802
0.715008379632
0.771911123951
0.598791109662
0.848580938545
0.888888888889
0.735814913
0.325517143875
0.668512404456
0.575432560438
0.775908245368
0.705337270145
0.579251684949
0.690354404772
0.588525089351
0.639640925719
0.741396374668
0.788120379702
0.661194202971
0.779760974341
0.639470079
0.676027335921
0.639589861148
0.657049712138
0.561719866594
0.64172753544
0.717300595745
0.604336442322
0.59136402265
0.892467880092
0.676969669159
0.624266071601
0.773361929065
0.710603597724
0.674237171879
0.808167319528
0.762942363286
0.75464763246
0.933884248152
0.682611615758
0.763535191247
0.637998598325
0.677422365044
1.0
0.916907108228
0.848186941294
0.705620040364
0.899587890298
0.541638570893
0.857839150746
0.651042887227
0.890551304776
0.750697897067
0.547562562896
0.652370183473
