0.204096301396
0.132623079102
0.179963477916
0.114027484882
0.115987524686
0.154145004742
0.153773330987
0.120270474709
0.24464728133
0.162835337939
0.144049938293
0.142566906439
0.177964130097
0.134843628142
0.143489478347
0.128739919703
0.160851933745
0.164970436743
0.138356796286
0.170368781995
0.164832311876
0.118601339765
0.136144410811
0.184312203454
0.126938332448
0.125181380404
0.149893935832
0.115696759946
0.183772910486
0.115328134812
0.110629920358
0.143028057243
0.19493627178
0.130767473368
0.128070059664
0.11156942683
0.124541499621
0.115460809974
0.17518426861
0.176723137505
0.1535391958
0.125407128287
0.157163026544
0.157567581938
0.142432939507
0.144323327517
0.11421960882
0.168796704677
0.196741574425
0.157020321355
0.187566932345
0.178568669364
0.155892308465
0.140968127757
0.137357551352
0.160334098792
0.122131735356
0.137421344265
0.152642478579
0.125018890272
0.178129049299
0.123621961901
0.139766162023
0.115988074911
0.109318361513
0.13471266768
0.133995853161
0.165587594329
0.158286233784
0.140035056094
0.11981257008
0.158151197881
0.173114136939
0.138972728897
0.121626667045
0.115486520144
0.191878232739
0.159931585973
0.189147304469
0.146285181562
0.198534535052
0.130550077547
0.141339150504
0.177345445442
0.153266636763
0.092283288676
0.155504683434
0.129736616694
0.144742124564
0.148500726749
0.1315677725
0.175027760648
0.140454927511
0.158854378984
0.125790814906
0.137683251947
0.209735838082
0.128834136247
0.140711146906
0.242426628021
0.19464738824
0.139646495557
0.180563118862
0.111422448722
0.122668407607
0.155245690111
0.147599490885
0.115440712734
0.236274315897
0.162835337939
0.139308826807
0.141761729546
0.172300024602
0.135132006227
0.138921906935
0.138675327157
0.176632485591
0.162086899555
0.15124044117
0.179294065402
0.164858474688
0.0988041456762
0.135624839221
0.194305832176
0.125969865726
0.121174501238
0.150224755213
0.119470131858
0.197043610949
0.116387491175
0.113941249075
0.143266092338
0.183097412436
0.126732607992
0.127129339855
0.118192255455
0.123147297268
0.11029612867
0.182390245855
0.17668707834
0.146036837902
0.115951341618
0.14702133983
0.156454150378
0.138506601912
0.140529080685
0.100758082402
0.178972805564
0.192742306975
0.160966538906
0.186404773337
0.188264491629
0.142018656996
0.168459512718
0.123570490065
0.149054073692
0.133107355784
0.148272340617
0.139053654701
0.120690309717
0.180649485844
0.128424537936
0.125735130736
0.130551211956
0.114722306982
0.120580603618
0.143750496571
0.163667815212
0.155282192621
0.159903015336
0.126483264168
0.160306956353
0.161929030943
0.145051535758
0.133542031302
0.115667384514
0.182235897068
0.151373732597
0.182741286943
0.141696060099
0.210141739252
0.128567227188
0.165176803795
0.17105589737
0.1443132438
0.0889255574068
0.145291955084
0.129379319472
0.135245474314
0.151950247682
0.126310220781
0.186207736618
0.140028821093
0.156991540945
0.131412206352
0.133609414733
0.223507515298
0.123683827855
0.141803792093
0.234963133851
0.189676983639
0.138212035109
0.172614022651
0.12168984214
0.128854153855
0.163022576823
0.142857088027
0.11589527501
0.24464728133
0.163823002812
0.14530499109
0.142622911657
0.172455209161
0.128588523906
0.122256405319
0.127905291121
0.138651203048
0.157671039261
0.131265595897
0.181134210132
0.154959676089
0.114591113086
0.134762148403
0.196950298769
0.128462115079
0.119842667772
0.138339380825
0.123735549849
0.189593291701
0.110000214137
0.118199665432
0.131258248134
0.190481554727
0.140076824529
0.128741493946
0.123707408087
0.126879305772
0.0994509207722
0.17361585604
0.17105258599
0.147469950919
0.119545930382
0.159735876349
0.158472699362
0.143290200443
0.13257629173
0.105813882066
0.192932332992
0.176166563107
0.155338128904
0.175142761053
0.19700412277
0.115581193255
0.148308407255
0.142222835279
0.161129963304
0.153143221824
0.133346759073
0.151740852459
0.129256966863
0.169839295954
0.130069018779
0.119749612674
0.141015598837
0.126158480267
0.137849818354
0.151563628854
0.141040552322
0.162555973964
0.164076900211
0.119960769676
0.158223920382
0.166673817892
0.126730301251
0.119466739032
0.106136097679
0.151979151729
0.133701741317
0.190765931749
0.142349380384
0.20712421924
0.147681286211
0.165228395821
0.187363062367
0.151573609054
0.104077786085
0.151902813841
0.128875528824
0.143424918577
0.146313820668
0.131002197109
0.165287049722
0.148774101567
0.154738069965
0.126806139433
0.134842724692
0.18859545338
0.128648133022
0.132875878748
0.191899597306
0.177906059841
0.137629519328
0.192820513996
0.120128649104
0.127454295923
0.168274845937
0.164861443233
0.115588885976
0.24464728133
0.164703816804
0.150745393487
0.135758523779
0.171357055819
0.13280639572
0.130373816582
0.136900335253
0.160851933745
0.162086899555
0.142760326684
0.199035167305
0.175513843278
0.113246252345
0.131668020806
0.192799148415
0.134673603204
0.13006424113
0.133333177324
0.124047071798
0.187133024666
0.113042593683
0.111466006782
0.149520386601
0.155615459629
0.123859589762
0.132179740224
0.111449900842
0.119567813645
0.112586653799
0.175294820592
0.174261064015
0.142298583355
0.122670610328
0.166676151673
0.163365181063
0.141211580611
0.139092705015
0.110658052562
0.193070871971
0.192881223392
0.149296546341
0.187921926154
0.18407635975
0.153536212705
0.147993954031
0.13551524587
0.159950017075
0.123015138095
0.14700946655
0.140594032979
0.125902277981
0.169753605206
0.12910095625
0.142958703832
0.134406097209
0.113102524552
0.132714113294
0.141774501163
0.148808306132
0.160969681681
0.145855504908
0.118201287287
0.157839402997
0.166932204109
0.137822030922
0.13046157422
0.112219234614
0.185372364161
0.170839813704
0.18056443101
0.146790184992
0.205824613637
0.132258502046
0.169321343372
0.190888343807
0.14717827801
0.102363673224
0.15621062095
0.132564362338
0.132854394939
0.1539138673
0.13526480213
0.177730540109
0.141976224691
0.164405887028
0.130336921629
0.136806772744
0.227073410913
0.133113911576
0.139057060842
0.228552026777
0.204096301396
0.137031729133
0.180548961835
0.112483278097
0.131390266384
0.158929810813
0.159298355788
0.114237033161
0.232787028125
0.170486040801
0.149865661353
0.136946382788
0.175351496906
0.132372820548
0.142673478065
0.142617933644
0.160851933745
0.156045952584
0.144017872109
0.177135408598
0.168395083071
0.122313502189
0.129999897433
0.18615911862
0.125464328721
0.129783490087
0.149211514409
0.122972497285
0.203533796871
0.111617370367
0.1102201516
0.149970343841
0.189912439261
0.126130808442
0.136779469654
0.11065563859
0.135087054921
0.119231400615
0.17920426833
0.174503986999
0.150724649618
0.121311854584
0.15999631015
0.155462386076
0.144616621218
0.142035969731
0.108884824625
0.179705540564
0.19770915059
0.155961116163
0.165623099266
0.18407635975
0.158374651941
0.16121534253
0.143180133203
0.162223844899
0.126541003562
0.147517021134
0.147242586379
0.120671942607
0.176052581674
0.12584525934
0.135807808639
0.139753148704
0.116070227969
0.136281719
0.141255935377
0.155710771533
0.160365973761
0.144379080418
0.123043703438
0.16563880048
0.157685334725
0.133194768462
0.131790875583
0.11767064672
0.191107066753
0.170839813704
0.167369412936
0.146627599332
0.175588446154
0.138096163969
0.16641267796
0.185861318678
0.150331113314
0.10203951427
0.14876402043
0.127572341487
0.143436729943
0.151587045339
0.129597816207
0.20304721776
0.139033209588
0.161162269406
0.132955824802
0.128405580712
0.212783822659
0.132912873126
0.146044973816
0.234149034226
0.19464738824
0.140134038287
0.184850660301
0.115451406554
0.131854623456
0.164892753761
0.154286169065
0.114326755262
0.24464728133
0.1763063384
0.148549688795
0.135741951019
0.178910640544
0.137027362592
0.129687126984
0.138244501468
0.167565408877
0.162086899555
0.153955956047
0.177179174528
0.164396970848
0.126951305486
0.135444761581
0.197544260163
0.123089704348
0.123044194063
0.143177936477
0.120785631252
0.185634041923
0.11599881529
0.122592471023
0.14289486798
0.170359747033
0.124132021691
0.140104690789
0.113364014725
0.117818057153
0.112983136673
0.1823041339
0.16760309517
0.149721081196
0.115856002146
0.16683770696
0.160557888786
0.142657743736
0.133221423708
0.112414399972
0.193070871971
0.193013616077
0.154184356405
0.188567068162
0.172373739483
0.153054189261
0.154983087729
0.140613440465
0.157466254015
0.124551902416
0.15679342534
0.140160810992
0.124045079142
0.169438956263
0.130387555796
0.142958703832
0.123086856312
0.1189809935
0.132718036603
0.133355539946
0.150504065133
0.163547460479
0.143675603743
0.121299333035
0.171116993701
0.173114136939
0.140333748594
0.131790875583
0.121914355392
0.182178996173
0.170839813704
0.171006763355
0.145574977362
0.203161093557
0.12706572403
0.165671581945
0.184226490247
0.151933990252
0.0956470530498
0.157466786315
0.129202215184
0.141374338927
0.151060035382
0.13526480213
0.182133220753
0.143909980589
0.158332700821
0.128013488942
0.135548364431
0.227073410913
0.131356183056
0.140352373572
0.227506884602
0.20591642056
0.142984258867
0.188589409871
0.111708730554
0.13576530009
0.161588491789
0.159222661567
0.118458513862
0.24464728133
0.169255110432
0.149108840911
0.131802577256
0.166468044281
0.133974203886
0.120887964181
0.139258157384
0.160851933745
0.164366734956
0.15124044117
0.188619220246
0.15654098391
0.13917085462
0.135582880095
0.177771659362
0.123843233966
0.116388529932
0.136700914483
0.115014526499
0.200775450783
0.112529136755
0.112178056721
0.145474843364
0.204210236145
0.122334723013
0.13374926211
0.112714811459
0.131235709551
0.114596442682
0.175288647804
0.18597240639
0.14356817389
0.123417733176
0.161769145868
0.159582894877
0.146129470631
0.134125710391
0.113897537445
0.194137816848
0.195064981744
0.147577896079
0.188567068162
0.172373739483
0.159924284282
0.171713870364
0.140905426189
0.146424707084
0.121139581896
0.147865838852
0.143464760981
0.110003112755
0.182402709933
0.129720562821
0.120069577772
0.123181392217
0.10633098962
0.130541773459
0.146310993392
0.162618220145
0.138562296929
0.145955664264
0.118552487979
0.166772869526
0.170432304694
0.139874421725
0.125315863598
0.117547885434
0.188062083948
0.147790592511
0.184334189136
0.147797159617
0.185602799511
0.137375064538
0.161621096756
0.189566995811
0.146743892947
0.091977847041
0.148523532306
0.122530428167
0.143888878179
0.152638431285
0.130063496165
0.186051802647
0.1485747039
0.158938409963
0.132976320197
0.133432789047
0.213384295451
0.132594088236
0.137916583366
0.234963133851
0.19464738824
0.143429214983
0.184354755565
0.117178309653
0.124366462575
0.161385291201
0.158497700086
0.116112442246
0.24464728133
0.176950958245
0.148321090096
0.136277717265
0.17466204111
0.134653999587
0.138289099868
0.140568193645
0.173087874033
0.157606528373
0.150790348159
0.177706940531
0.176104520854
0.120185603393
0.144029938859
0.20289045525
0.114045562299
0.122391095631
0.152627704561
0.12362084335
0.197186140142
0.107362347244
0.113179492089
0.141165772577
0.156110753316
0.119798657236
0.137500108695
0.111357882496
0.132440661614
0.117284247334
0.172525045397
0.172804067692
0.148244333515
0.117767601506
0.166649451084
0.16182738044
0.144113600335
0.138915205593
0.1103395306
0.183213228201
0.195891738903
0.161036107123
0.201321938334
0.172373739483
0.154463809536
0.183124710086
0.140884576142
0.146474849778
0.132697289277
0.142895070667
0.142831354566
0.131597810954
0.170610446586
0.128524377316
0.145273680067
0.123694881899
0.119175269377
0.135464452061
0.134212608563
0.158597090332
0.152482184636
0.146739932599
0.12413118296
0.159739673446
0.173114136939
0.141015266467
0.135308266478
0.119811022999
0.191878232739
0.157523509142
0.185320586929
0.147470946541
0.198170228707
0.130789602177
0.155515332455
0.193789064727
0.149058100661
0.103055774908
0.159875027937
0.126281262328
0.146174488128
0.146126492501
0.128349367229
0.208407176341
0.13743565459
0.157488824481
0.134640590799
0.131081366614
0.219927470031
0.130423189379
0.14755520867
0.223863765229
0.19464738824
0.128592614613
0.176426482611
0.11202600962
0.125742479209
0.158929810813
0.152534323427
0.121367840473
0.20601709552
0.186298850981
0.146785146665
0.134141848819
0.178746455828
0.132914794918
0.136206135938
0.14126935136
0.160851933745
0.1618623043
0.149520433973
0.199035167305
0.171550121841
0.119193824893
0.136589451923
0.159510436298
0.127563657777
0.122333280937
0.137087505827
0.112911165743
0.218448048839
0.108061059679
0.111651748185
0.127085014456
0.19926784818
0.127008530349
0.128757604009
0.113077986
0.124630383057
0.113296300837
0.182788553569
0.186092906339
0.140814539406
0.120541204002
0.158277228302
0.151384003703
0.151642897989
0.141809190311
0.108603495421
0.163104465499
0.189531839088
0.157721954126
0.180775680202
0.201540854969
0.143402356653
0.156925051551
0.135837932106
0.153872719821
0.129222108849
0.15826133576
0.142664083463
0.12030330452
0.170268668405
0.124501163944
0.132665240951
0.149185289953
0.123548655311
0.136700818947
0.133678944237
0.130557584809
0.143015928799
0.139253947994
0.130251875059
0.15410914112
0.173114136939
0.146687884454
0.119047588286
0.116209011831
0.196496103651
0.151322844351
0.170728443568
0.145573533108
0.205683397172
0.126410271866
0.16100963935
0.171860693957
0.146137493062
0.0936165731987
0.155396436127
0.110420352622
0.142807310186
0.148636911905
0.132590867839
0.190482871959
0.142359359699
0.146651874948
0.130741521335
0.130752304923
0.201740056396
0.14535430535
0.137972859342
0.206166648574
0.189614193534
0.133722680468
0.188649774962
0.111139634083
0.126621429534
0.162778597313
0.159925207514
0.110673152967
0.214314518534
0.172003010814
0.138923352182
0.132556938615
0.15754727078
0.14397830401
0.137633385522
0.137434229799
0.150796722305
0.157606528373
0.153744669723
0.191317239443
0.14400348766
0.120103355996
0.133603155753
0.169779007464
0.124642637803
0.11314266035
0.144210769559
0.121386650673
0.163424416653
0.113662545812
0.11063571571
0.139907786842
0.184520705625
0.114508982018
0.134216567488
0.111166856049
0.116384479105
0.112178010908
0.177459002285
0.183217829864
0.142446137349
0.123117984485
0.159096621286
0.157165748747
0.145969541748
0.124825936394
0.110609529696
0.166959329724
0.187248418598
0.135690724457
0.201321938334
0.140706925144
0.156279835748
0.145044052064
0.133649661535
0.143726392608
0.121239131714
0.120567904123
0.140359057424
0.128092865862
0.180812937685
0.130244343544
0.129986224066
0.13204033964
0.115739326567
0.127129092076
0.135827758151
0.138446131638
0.154666816374
0.13593711678
0.128382812538
0.165207260911
0.164266362481
0.138403626833
0.121040537144
0.120188582833
0.194726742804
0.152599050152
0.185354654261
0.143851189506
0.184015903788
0.124921861853
0.154595708342
0.181510795373
0.144487868097
0.100102943532
0.136323629542
0.132202003674
0.138761263136
0.152638431285
0.133106329373
0.196293280746
0.144981554295
0.161409768074
0.127833222038
0.134122130279
0.207998609324
0.137865068326
0.128919737527
0.238634333854
0.204096301396
0.137406159332
0.181752705579
0.112442329522
0.127922051655
0.164113286661
0.153850927774
0.118235609357
0.243158806892
0.164747769403
0.145515236552
0.138128073379
0.181802516051
0.139743480387
0.137461442537
0.135611968517
0.160851933745
0.154279569957
0.15124044117
0.184269123762
0.171931337158
0.124002227839
0.134277324801
0.172731460149
0.124657349257
0.118244966804
0.146841411025
0.128591663001
0.170446380851
0.11186774951
0.106554587636
0.145645254009
0.156837749358
0.117944975563
0.136680683847
0.112528867721
0.122130588739
0.109915401953
0.181829012973
0.159906417093
0.144984621708
0.117558156761
0.167141196549
0.160803407647
0.144800897071
0.132764198978
0.110957250891
0.181721717437
0.187445609599
0.153125151213
0.201321938334
0.19700412277
0.162628870029
0.163474085732
0.13835985759
0.149275492472
0.126243354219
0.143526032288
0.146063694393
0.113116615925
0.174091205308
0.129497862004
0.120706458429
0.12416502875
0.119175269377
0.132403470749
0.145336212614
0.149077817488
0.143906705389
0.156440788116
0.120242465813
0.165948165463
0.173114136939
0.138585430161
0.131790875583
0.117547885434
0.179374615372
0.158946877135
0.185320586929
0.148414005094
0.191919287415
0.133194839407
0.15968089367
0.199825956603
0.142323074098
0.0992966859822
0.150451574926
0.13021959908
0.143436729943
0.147427706689
0.131563489643
0.204173168229
0.143616863945
0.162938334893
0.130761797697
0.128534133031
0.201832824842
0.129560655704
0.136202296558
0.223863765229
0.148437887059
0.13277891865
0.161853965212
0.110051567284
0.122456612833
0.164642881133
0.153797040427
0.114373524542
0.212404317749
0.139637255749
0.148060748624
0.135872034251
0.162997652794
0.1208138046
0.14266584625
0.124997493188
0.144507396708
0.154255166997
0.157973473627
0.183563390602
0.146305694302
0.114085707949
0.140928081078
0.175130010694
0.127542748087
0.129076846092
0.122034294703
0.124224249965
0.196319598731
0.114566471843
0.114107350922
0.143210291395
0.163683624542
0.126956504748
0.133147202419
0.122113979873
0.131559720203
0.107648497797
0.167516818878
0.168615701903
0.153936739009
0.11547960966
0.153702633792
0.153166073774
0.138050169396
0.132606336577
0.109743569811
0.185647906601
0.171400731181
0.151729114941
0.189258299832
0.196213250738
0.116326718869
0.148747492442
0.120121923648
0.154269083413
0.14731763923
0.137802967417
0.146432273875
0.121455294419
0.173248883978
0.12605246282
0.134330009274
0.130629685953
0.121307260837
0.147983702017
0.132034203498
0.139798738598
0.147723076446
0.154592223287
0.120702423502
0.165430736118
0.161679833442
0.146906041612
0.128140925485
0.109130965675
0.158863513591
0.138450159136
0.180017415562
0.144215794005
0.197632793353
0.131829452151
0.149877416673
0.182102070932
0.159151987871
0.101788052368
0.148996407892
0.123910489931
0.14962559698
0.152638431285
0.13241585002
0.18375907221
0.154688445281
0.157618295583
0.131741280689
0.127315613583
0.207465486429
0.132657360742
0.12540521898
0.203947771047
