0.124956203327
0.0409295064123
0.0636363636364
0.0402084977744
0.0416587128492
0.0533909279977
0.0437473076211
0.0234747901229
0.2
0.0718975125843
0.0415084995225
0.0368914086979
0.0582089267591
0.0441176470588
0.077745095445
0.0324522324361
0.075
0.0720126544295
0.0787317696093
0.0558675847655
0.0563535574773
0.0361799918348
0.0391180456916
0.100476300185
0.0443315303673
0.0449368417067
0.0435541931952
0.034272722698
0.0748910108426
0.0256785377328
0.0316283141033
0.0431783809061
0.0574191860357
0.0385471597513
0.0401281751805
0.034251597985
0.0261784871937
0.0251892231049
0.0405834619734
0.0615174901912
0.0472215838655
0.0272199253339
0.0442435989801
0.0578394120842
0.0482246404392
0.0748305580569
0.0292764580718
0.0529020569949
0.0574637293205
0.0515873015873
0.0897785603007
0.0711009003177
0.0638650461548
0.0440430436205
0.044478895596
0.0595091399317
0.0571638463957
0.0480281300295
0.0446812082777
0.0451264230619
0.0488801973389
0.0282333834382
0.0602274406305
0.0357844854782
0.0363376083859
0.0365777657139
0.0289217840939
0.0817151558455
0.0532544378698
0.0314249680796
0.0256819761689
0.0431391760932
0.0621494745773
0.064424918281
0.0567558338734
0.0465528759052
0.0710059171598
0.0766540980459
0.0732832875179
0.046737417587
0.0892857142857
0.062253425474
0.0572607306481
0.0642359175126
0.0358832963878
0.0204596876915
0.0392612435479
0.0266190745633
0.0625
0.0640962069325
0.0420337196181
0.0475088859283
0.0434496109319
0.0583479648354
0.0446522088467
0.0451720581014
0.0680892104021
0.0423596705214
0.0256522176666
0.0735689822317
0.1164061362
0.0493507007965
0.0702760608631
0.0419285747134
0.0440828239008
0.0597919789111
0.0432401717527
0.0279213823161
0.181717185297
0.0718975125843
0.0410428252204
0.0415588858738
0.0541777195208
0.0415224913495
0.0717014712937
0.0330125852085
0.0863543919416
0.0720126544295
0.0908585926484
0.0608049472741
0.0594915239151
0.026887356645
0.0393250329459
0.101380021574
0.0416047253537
0.0548174544878
0.0484817039168
0.0351239669421
0.09257654921
0.0258487177961
0.0337359966067
0.0434103819429
0.0510392764762
0.0343634456926
0.03676768222
0.0379898377579
0.0285047814307
0.0219797073503
0.0473020317111
0.0592225058196
0.0449836881478
0.0239765206298
0.0430909924427
0.0598705398757
0.0435628995629
0.0626034673333
0.0246908267015
0.0592421753278
0.0528278419665
0.0515873015873
0.0897785603007
0.0849897892066
0.0393875265962
0.0655394374901
0.0456901589558
0.0551628263025
0.0512035555549
0.0448901857865
0.038713948154
0.0447013105733
0.0429726431138
0.0307364723775
0.0503831273458
0.049131103957
0.0457686437731
0.0296089887639
0.031413620208
0.0765285137704
0.0432692307692
0.0336984428496
0.0279591107117
0.0473019103435
0.0548124138245
0.0614559965276
0.0652258511099
0.0379012539028
0.0598290598291
0.0712714162953
0.0677066115498
0.0388395004514
0.0972477269182
0.0526782732073
0.0670686915044
0.0597735191292
0.0316982877819
0.0193495008867
0.0479488505269
0.0261742049349
0.0593794603617
0.0659340659341
0.0402965967558
0.0622061876792
0.0428145222333
0.0695947150367
0.0439469353277
0.0380232733439
0.0762778627154
0.0399083652051
0.0307729080676
0.0668808929379
0.121420843411
0.0396434513614
0.0685540969579
0.0434277559379
0.0507255085485
0.0576500270299
0.042637953582
0.031807260609
0.2
0.0665362885671
0.04753620521
0.0395839486538
0.0531635625532
0.0423358987866
0.0584458246707
0.0289857992671
0.06
0.0636793210962
0.0654459893344
0.0480349174113
0.0476584278758
0.0380233099152
0.036671116396
0.11400119369
0.041944946597
0.0291785986366
0.0367127127467
0.0337335961098
0.0843748650343
0.0235842358856
0.0335251699204
0.0344031528235
0.0615881070269
0.0513123109492
0.0409421735797
0.0327903683923
0.0248774973527
0.0207797866259
0.0305136239602
0.0747203819715
0.0432808598467
0.0215722576943
0.0530862926809
0.0593041959765
0.0449722145759
0.0560029811232
0.0270323471685
0.0746179441894
0.035673957742
0.0512374225485
0.0833333333333
0.0944578121414
0.0302724638642
0.0424661023489
0.0547413115118
0.0601240520588
0.0609291803611
0.0321501991478
0.0418465095808
0.0510872120838
0.0423481169595
0.0309116524869
0.0501988634025
0.0725924652696
0.0565447596985
0.0299104073704
0.036822607746
0.0578323274508
0.0626848393674
0.0458954176957
0.0203415473503
0.0457625983744
0.0520072881502
0.0328074331458
0.0588255731083
0.0335794529894
0.0362277531494
0.0616996468137
0.0535940109552
0.0427335332257
0.103027153954
0.0755772600299
0.0792450540878
0.0611310499481
0.0292484697007
0.0245455096657
0.0429532328909
0.0275611347491
0.052474866308
0.0608894894349
0.04526795296
0.0442868238255
0.0490196078431
0.0476674150978
0.0438291114837
0.0502506968005
0.0683442379215
0.0412438767973
0.0316179966389
0.0351121542496
0.0873046021503
0.0464687766205
0.0833333333333
0.0433063387325
0.0478976777116
0.0617660934844
0.0445501956769
0.0288911026703
0.2
0.0712801079098
0.0461005200891
0.0342431198419
0.0566403431354
0.0441176470588
0.0657843115304
0.0309945807047
0.075
0.0720126544295
0.081366674855
0.0699652102949
0.0619249275914
0.0359304688697
0.0368145327969
0.10548547226
0.0440342170238
0.0530162757357
0.0411574972868
0.0382405059333
0.0832122342695
0.0232264972331
0.031974209182
0.0472437544906
0.0370952507081
0.0360279541545
0.0431032042588
0.0356954177841
0.025252138993
0.0275449989854
0.0426930672193
0.055272625179
0.0405335243518
0.0246815045756
0.0499258469027
0.0598705398757
0.0475697079852
0.063904448276
0.0310902458
0.0746179441894
0.0553948456668
0.047619047619
0.0867310530421
0.0759392936229
0.0442194658784
0.0499188698197
0.0445812778146
0.0539756166534
0.0444187567714
0.0387989251554
0.0339260304241
0.0476813979448
0.0440335864689
0.0284113795205
0.0741711698725
0.0605205601672
0.0457262602893
0.0366778190088
0.0294051866745
0.0688756623933
0.0576923076923
0.038340050099
0.0257355993216
0.0503907918668
0.0573687457636
0.0614654550686
0.0660832009591
0.0389870100411
0.0704474771469
0.0954360607467
0.0732832875179
0.0417684184764
0.10808293855
0.0633161985993
0.0811567237149
0.0666403909002
0.0358472516616
0.0268950904955
0.0513534054189
0.0311376354544
0.0546557661027
0.0650887573964
0.043678715898
0.0456964485199
0.0450300903498
0.0758438832242
0.0488299281419
0.0418669420135
0.0704173254546
0.0455020658313
0.0318608992629
0.0633104754953
0.124956203327
0.0450880663498
0.0661157024793
0.0383425004018
0.0511907649216
0.0612834227546
0.054929531334
0.0320635265159
0.2
0.0805897955001
0.0474528545177
0.0356265899888
0.0558626865586
0.0477941176471
0.0776765939015
0.0372213747443
0.075
0.07
0.0740695846583
0.0551757179848
0.0573145417611
0.0408728123252
0.0373938792666
0.103161656747
0.0438884194378
0.0432338810264
0.0445040472222
0.0355722870314
0.105468581293
0.0257252295349
0.0310368971831
0.0449976668077
0.0739157456372
0.0406379326532
0.0449099921187
0.0371885826627
0.0326001828125
0.0311590476866
0.0426930672193
0.049762791491
0.0485375318634
0.0262083319727
0.0486151186043
0.0530990202591
0.0450744577383
0.0689110262876
0.0316532356202
0.0652477360073
0.0507843197879
0.0515873015873
0.0791444899837
0.0759392936229
0.0431102992162
0.0629370629371
0.0535332962107
0.0558950976094
0.044423646442
0.046290524049
0.0390661692952
0.0476813979448
0.0440477346816
0.0288046887551
0.0682195646373
0.0691043745784
0.0455153479338
0.0403823035434
0.0301609954137
0.0719225354729
0.0442129579451
0.0384107951746
0.0248310490648
0.0540688602502
0.0516133548891
0.0491631436052
0.0648257060037
0.0441874765953
0.0705128205128
0.0954360607467
0.0622810491047
0.0469055864747
0.075
0.0536010204901
0.0814253235977
0.068815165691
0.0378666740796
0.0262631543946
0.0419497556162
0.0280701619694
0.0666666666667
0.0658034396944
0.0428756084624
0.0665109506573
0.0430551158767
0.067910324243
0.0480695979808
0.0363826711537
0.0715843910806
0.0461427488769
0.0357394111861
0.0658766745394
0.1164061362
0.0464216244889
0.0808080808081
0.0407348448994
0.0533495783327
0.0656608100942
0.0487729510531
0.0293860569981
0.2
0.0795794425505
0.0490635832743
0.0328959340228
0.0582089267591
0.046218487395
0.0657843115304
0.0378460649254
0.0711068089805
0.0720126544295
0.0898428807204
0.0551757179848
0.0512912516425
0.0471402074817
0.0472385829592
0.116596583371
0.0397859364109
0.0444603537377
0.0422737246275
0.0363636363636
0.0741607025559
0.0248969603553
0.0399889867441
0.0444232545611
0.0417594080259
0.040539745733
0.0491855961989
0.035342142282
0.0254682338997
0.026829200703
0.0481328696804
0.0478889791032
0.045440428684
0.023780688349
0.0512811992747
0.0555940727417
0.0447863337371
0.0597610538554
0.0325034387909
0.0746179441894
0.0516283823929
0.047619047619
0.0897785603007
0.0653851559186
0.0425801386113
0.0552175869143
0.04377505375
0.0594061206335
0.052474710608
0.0493746738888
0.0369049403818
0.048886958317
0.0369427882866
0.0285645823961
0.0741711698725
0.0561976630124
0.0483600571797
0.0366492439702
0.0264622561651
0.0688756623933
0.0550880631608
0.0368488459584
0.0265748072027
0.0554548831787
0.0621494745773
0.0573589300924
0.0648257060037
0.0435938493366
0.0591945109355
0.0954360607467
0.0565201603698
0.0431111241217
0.100920417276
0.0543817242924
0.0773651066323
0.0621683691105
0.0391963289637
0.0242213255498
0.0413327589072
0.0292256704721
0.0624637326888
0.0650887573964
0.043678715898
0.0460009946838
0.0450679181403
0.0749426764051
0.0429819749255
0.0418669420135
0.0704173254546
0.0431375880469
0.0357375748037
0.07102647145
0.150673883584
0.0488292457265
0.0681818181818
0.0398222676664
0.0469206108925
0.0620668559326
0.0480823616897
0.0326856816516
0.2
0.0798861250937
0.04193910174
0.0333979583805
0.0485406440703
0.0407153813911
0.0597422390282
0.0366806502317
0.075
0.0785592593777
0.0908585926484
0.0568320482994
0.0505677953278
0.048561706356
0.0370000888466
0.0932176107017
0.0367716342944
0.0421672726829
0.0394150057883
0.0309878508175
0.102083063402
0.0231432884865
0.0304774272004
0.0455771798454
0.0750989701328
0.040539745733
0.0462567597502
0.0337709525055
0.027830371704
0.0284438256672
0.0397027055479
0.06537363528
0.0378796098806
0.0255997085934
0.0452827375546
0.0563322456701
0.0505796861359
0.063904448276
0.0369965693347
0.0748510313817
0.053082394726
0.0442579399752
0.0897785603007
0.0653851559186
0.0481102679643
0.0699300699301
0.0538974392039
0.052425003294
0.0497128837339
0.0437269335096
0.04059543442
0.0352358484951
0.0496894200577
0.0305458541588
0.0391667644173
0.0419429518877
0.0391473129208
0.0347203363928
0.0357133640494
0.0719225354729
0.0472183398521
0.0287909465397
0.0254063606578
0.0537552756926
0.061305920318
0.0391559479214
0.0577280285595
0.047168328724
0.0658780573347
0.0734123544205
0.0679028926786
0.0442322911591
0.084010762613
0.0623748140678
0.0745594672903
0.0643714821392
0.0330183287471
0.0208068826745
0.0524688739207
0.0234765733837
0.0663265306122
0.0659340659341
0.0432997810922
0.0574210963193
0.0483221320753
0.0726356221591
0.0445002089019
0.0414085804625
0.0712061045872
0.0461771904543
0.0312371338071
0.0668808929379
0.1164061362
0.0523616375745
0.0743801652893
0.0423247344993
0.0500456592976
0.0580896228962
0.0475650728462
0.0270696660707
0.2
0.0884055774799
0.0462800040736
0.031627435513
0.0575684630248
0.0484429065744
0.0754113411417
0.0387837008593
0.0797445024976
0.0636793210962
0.089810886576
0.0559323392859
0.06241068772
0.0346443662207
0.0456299210032
0.117206080288
0.0330752988337
0.0406778505534
0.0426326187931
0.0351230934667
0.069637321318
0.0237539048088
0.0337542884875
0.0460705192599
0.0460735455443
0.0393386769997
0.0504604309783
0.0358692890095
0.0293875640074
0.0253885621469
0.0393039157696
0.0506422581936
0.0382816618878
0.0221282454815
0.0491920876191
0.0612681002989
0.0472166287337
0.0667227830699
0.0355167065613
0.0678344947176
0.0496221871136
0.0555555555556
0.10366744919
0.0653851559186
0.0425423955712
0.0727272727273
0.0543804594043
0.0529638194979
0.0486299403023
0.0427269982375
0.0371357179284
0.048886958317
0.0420195169602
0.0275859815776
0.0748062253457
0.0498423816651
0.0483600571797
0.0350391325356
0.0260331420004
0.0653841231572
0.0485743071422
0.0310459169111
0.0256752229333
0.0462796252085
0.0621494745773
0.0539982066168
0.0678938655729
0.043776678064
0.0710059171598
0.0757261226482
0.0732832875179
0.041008148762
0.0917262050983
0.062253425474
0.0637279967492
0.0673456332253
0.0326150075685
0.0287840560646
0.0421994396721
0.028877230563
0.0666666666667
0.0614165437147
0.0418182979342
0.0746478579742
0.0394909537081
0.0715712123683
0.0471287928816
0.0382864035069
0.065000608112
0.0457747710412
0.0303581714587
0.0668808929379
0.1164061362
0.0391391373457
0.0636363636364
0.0417224936765
0.0500576011413
0.0612834227546
0.0505568888715
0.0299191252569
0.16
0.103175609334
0.0426643985649
0.029271731185
0.0595127771526
0.0470588235294
0.0716003660531
0.0333981107854
0.075
0.0720126544295
0.077310886576
0.0699652102949
0.0664678660959
0.0435680125776
0.0372270717653
0.0648320735963
0.0373416294614
0.0500650468349
0.0341008928075
0.0308896391716
0.108115614873
0.0200599534381
0.0318980706749
0.0372088988082
0.0672734356246
0.046835313631
0.0362116342675
0.0354844478558
0.0258805353149
0.0271448387734
0.0397691639421
0.0672246403703
0.0395563112622
0.0259784103934
0.0448342940222
0.0510116900425
0.0525331727092
0.0703861136125
0.0348338715863
0.0585048513734
0.0470807275247
0.0488098594093
0.0865121112663
0.103083097735
0.0367725203089
0.0452586705785
0.046359923839
0.0542736095612
0.0502817452456
0.0533297408421
0.0345452950693
0.0423476293415
0.0424426688823
0.023484767738
0.0649488436812
0.0743826099469
0.0522663071797
0.0342261334471
0.0291710330069
0.0513732396235
0.0414871146969
0.0348647740133
0.0280247236667
0.0387484156597
0.0621494745773
0.0597719506809
0.0537510806421
0.0475751441218
0.0705128205128
0.0683979132599
0.0609359503948
0.0422666701459
0.1
0.0455974611327
0.0766489866401
0.0617592110116
0.0311130258862
0.0207321244236
0.0471446875506
0.0222266009116
0.0619047619048
0.0631800019332
0.0465415909784
0.0676548509811
0.0433563053552
0.0463449970355
0.0458743214182
0.037644369506
0.0578224362934
0.0520041889118
0.031429073932
0.0586973424189
0.118587449655
0.0413308503168
0.0826446280992
0.0376518636466
0.0440411900986
0.0567760148141
0.0495763601856
0.028725396612
0.16
0.0772151525627
0.0359724625125
0.0334100305148
0.0494249705894
0.0507665003348
0.0723976853776
0.0354572757563
0.0611530707534
0.0636793210962
0.0867959711792
0.0644096547394
0.0452154485698
0.043973899103
0.0377563103354
0.0876309526392
0.0379582731432
0.0370243820533
0.0441461259787
0.0352280629417
0.0703123875286
0.0229948997271
0.0304774272004
0.0418502966753
0.0619378546458
0.0367835909078
0.0441926145242
0.0305588180855
0.0262947488523
0.0264839096445
0.041938352189
0.0654357785161
0.0353074047449
0.0244037487435
0.0428276450522
0.0591004484532
0.0407650216546
0.0468753680383
0.0310902458
0.0582174688524
0.0459033805897
0.0374795847802
0.10366744919
0.051596127645
0.0481590262546
0.043631340257
0.0427175911931
0.0529638194979
0.0439985174164
0.0306774531173
0.0339407306318
0.0502343483654
0.0451274925446
0.0267849023789
0.0573231523304
0.0637565228116
0.0424471883646
0.0340918027064
0.0254904087137
0.0504519408833
0.0549450549451
0.0252669247017
0.0232764267137
0.0522188034094
0.0595829678839
0.0507306673391
0.056338414693
0.0453996833499
0.0769230769231
0.0734123544205
0.069845618229
0.0405207567957
0.0840645077608
0.0508927886041
0.0673941392608
0.0583200735044
0.0312625364624
0.0223734664811
0.0360092987303
0.0290092091952
0.0597265677441
0.0659340659341
0.0425033671338
0.054915176554
0.048126065582
0.0755941783335
0.0409848533607
0.0369274057191
0.0626078543971
0.0457204681911
0.0249664621003
0.0745826528374
0.124956203327
0.0466764956429
0.0727272727273
0.0395451714946
0.0511656515679
0.0642668980463
0.0506734980507
0.028022487872
0.2
0.0718975125843
0.0422037095145
0.034540730724
0.0589103870396
0.0514705882353
0.0717014712937
0.0422561540047
0.075
0.0636793210962
0.0908585926484
0.0568320482994
0.0651785896035
0.0461864002735
0.0389623960134
0.0860470252631
0.0380343376588
0.0355682829901
0.0401789830748
0.0388954542325
0.0689378439812
0.0254308466753
0.0292206220261
0.0470815837597
0.0518327387373
0.0387115403527
0.0479226712642
0.0330449674611
0.0282539304481
0.0254290490013
0.0455224421811
0.0434284912121
0.0452665767382
0.0244346423238
0.0526995050639
0.0642160015771
0.0460507018291
0.0550655529841
0.0329999470968
0.0705631478648
0.0493905693467
0.047619047619
0.10366744919
0.0944578121414
0.0471877347793
0.0629370629371
0.0488684443822
0.0530048230102
0.0519412029245
0.0457996295141
0.0405477662463
0.032719002174
0.0393937686788
0.0313606610314
0.0391685710931
0.0513737845305
0.0483600571797
0.0344050006477
0.0298333522089
0.0653841231572
0.0407307206381
0.0423033450404
0.0254408630279
0.0586700282411
0.0621494745773
0.0537739969616
0.0648257060037
0.047168328724
0.0579281847935
0.0811619908621
0.0732832875179
0.0433856410788
0.0916051970999
0.0577945769517
0.0768490069829
0.0717785520055
0.0313497180334
0.0244080749788
0.048100237541
0.0256891850865
0.0666666666667
0.0631800019332
0.0410114515727
0.0713425057833
0.045321174607
0.0794391587169
0.0468667554499
0.0363826711537
0.066028835525
0.0451620326098
0.0319754557351
0.0668808929379
0.0683740293233
0.0433892616291
0.0606060606061
0.035685945451
0.0406676687504
0.0590174534033
0.0417170948159
0.0329499667875
0.148139169317
0.0514917548787
0.0402347694414
0.033348760167
0.0482117670621
0.0275837234346
0.0717014712937
0.0334489461287
0.0545454545455
0.0553459877629
0.0879963374357
0.0474852147473
0.0422537703893
0.0378902422618
0.0475227590831
0.0879045602163
0.0382604510979
0.0333555182538
0.0311356250716
0.0340909090909
0.0937498500381
0.0222475687977
0.0358428159797
0.0440584008142
0.0444444444444
0.0456988187404
0.0381230353106
0.0377589317337
0.0255840097689
0.021750863988
0.0305809390681
0.0558014225496
0.0455193125657
0.0191138664597
0.045504372868
0.0575013401631
0.0393627181112
0.0501174969744
0.0294180049973
0.0746179441894
0.0374108651406
0.0499020200644
0.0987654320988
0.0859025814457
0.024171301558
0.0636678480434
0.0348915220336
0.051561913708
0.0551912178311
0.0320727325246
0.0374373813777
0.0451264230619
0.0381129979164
0.027789930189
0.0602274406305
0.0562312800196
0.0482535487028
0.0327198719662
0.0285300007621
0.0585197769917
0.0461237396783
0.0374107212486
0.0197539824668
0.0475359934853
0.0392332505433
0.0539982066168
0.0609991089112
0.0316145280858
0.0416965925687
0.0644104667008
0.0677066115498
0.0354442364273
0.0994442276878
0.0577921773822
0.066130056614
0.069057873295
0.0382809790652
0.0272477207031
0.0336502566928
0.0281077797551
0.0714285714286
0.0659340659341
0.04526795296
0.044485352258
0.0490196078431
0.0420621588714
0.0488299281419
0.0387086233545
0.0726168146606
0.0427296771704
0.0231514400815
0.0540079850592
