0.218447914174
0.143629514207
0.190202813763
0.124532974133
0.128126948334
0.166890979219
0.163019288157
0.13275184034
0.259963530361
0.17308965398
0.155553726729
0.151370156013
0.187101888208
0.146991219084
0.155496894048
0.139145990347
0.171883327478
0.180350262031
0.153326283352
0.180046971174
0.173922600701
0.129987897462
0.150205433261
0.195965785128
0.138447152489
0.137195861542
0.159308615128
0.128354792055
0.194776322812
0.128167199149
0.122817702213
0.152362124865
0.200036746373
0.142213515291
0.139772801526
0.123790768687
0.134921088668
0.128581667984
0.182752825725
0.184615534092
0.164060826194
0.137568818987
0.168044315151
0.165384623958
0.152389415693
0.157594771325
0.127846057354
0.176623821455
0.202049088303
0.16759296509
0.201396504264
0.189340659395
0.165630390945
0.153431293089
0.15041184033
0.172222606278
0.136220792009
0.14610096204
0.162559582331
0.136105832987
0.185519225435
0.135051861525
0.150575231198
0.130704934038
0.121156139533
0.144303682776
0.143331519422
0.180751972668
0.170827348949
0.151227069008
0.132428185709
0.168242640606
0.181328469919
0.150613720144
0.135009640724
0.124908643274
0.200439097661
0.17067999674
0.200825872303
0.15735362558
0.205377200019
0.140585902509
0.15173311385
0.1908128822
0.163314458476
0.104960573455
0.166228246008
0.141582815205
0.159742082635
0.164679437697
0.142097856891
0.183050870442
0.151440141909
0.170821492417
0.138953933277
0.151893060631
0.214469145083
0.14136276162
0.149550524435
0.24664017747
0.209145833409
0.151848861657
0.19183643575
0.121810265532
0.133394687847
0.167680767205
0.157882482875
0.128231592727
0.25022879195
0.17308965398
0.150818344753
0.152717008983
0.181160765516
0.146458783814
0.152291449449
0.149514895315
0.188676708719
0.175908541071
0.166986044495
0.187849408456
0.174604247892
0.112644432472
0.148651862794
0.20424525591
0.136864970884
0.137548660843
0.15947661821
0.131479805344
0.207531398802
0.128778928929
0.125784424888
0.152198499678
0.190260950903
0.138560646224
0.139701724353
0.130061471546
0.133828349887
0.123670764752
0.190360374546
0.184593614004
0.15687100265
0.128471716564
0.156813356309
0.165478131851
0.146501679343
0.154326380693
0.114114972298
0.18844352484
0.198629396012
0.171153933019
0.199914246249
0.198933496136
0.151177429204
0.182334551841
0.139625746172
0.160135292807
0.146228580194
0.155933904858
0.149889360613
0.132284306585
0.188402686484
0.139751085581
0.136607113338
0.145090220319
0.126670482614
0.128313112209
0.152735377373
0.182304103949
0.168029416399
0.169347924634
0.138829339563
0.168850388554
0.172499704053
0.157183716653
0.147204593045
0.124294092059
0.190021884124
0.162223543113
0.199825028781
0.154041763398
0.215770183589
0.13989175954
0.174628776743
0.184047369139
0.154690535558
0.101101824167
0.154947071774
0.140281274047
0.151997290837
0.167980528013
0.136896543687
0.197204096904
0.152073706754
0.170932371553
0.143486558351
0.148534551448
0.227351067941
0.136307683041
0.15052639285
0.239738869416
0.203642635959
0.149025686372
0.183295445487
0.13109809711
0.140364060119
0.176359518335
0.153547772042
0.12909165932
0.259963530361
0.176482325045
0.15797351317
0.15189296639
0.18140293616
0.141175139365
0.135778894447
0.138784634114
0.150835841597
0.17372248227
0.14702138122
0.187469913935
0.164600020786
0.128809817486
0.148179566887
0.207600534791
0.138675269683
0.130822747018
0.149170609431
0.135250271723
0.205394329287
0.123543047988
0.128717869071
0.141015447547
0.196375646769
0.150010882293
0.140174102714
0.135958263878
0.138166565074
0.114654676643
0.181564227741
0.181703058933
0.158603878676
0.130873918576
0.171374721879
0.166192474383
0.151041794001
0.143055615414
0.119707039572
0.200778202374
0.184150654292
0.166810285112
0.190136400296
0.205503225996
0.12728764986
0.161696620068
0.156430410598
0.173168572339
0.165565454656
0.140558283998
0.16266069482
0.140763923806
0.179182236012
0.140583924173
0.132295602968
0.153894273679
0.136963884818
0.145191642958
0.15974226237
0.158280932562
0.176521768437
0.174531197126
0.131149214558
0.16731364702
0.173912284271
0.138881441412
0.133010578022
0.117085020184
0.159696638584
0.145879486208
0.200113655652
0.154435713813
0.215262525477
0.158679395872
0.175105876102
0.197409029383
0.161347440763
0.11533108292
0.162560202492
0.141724305047
0.156941182742
0.159913630029
0.140849675922
0.175256301019
0.159309277658
0.164670444172
0.139105185721
0.147673141833
0.195570466726
0.141089441859
0.14204707182
0.198616676061
0.189633914262
0.150338512777
0.202556317039
0.130305946815
0.139118423186
0.180478493857
0.173873643957
0.128804219126
0.259963530361
0.174753649304
0.162671752788
0.145829996409
0.181084478583
0.145359158228
0.142168089953
0.145889094559
0.171883327478
0.175908541071
0.160818100367
0.20847302769
0.18526451299
0.127476040046
0.14500619548
0.20295517571
0.14544119657
0.144382224305
0.144361655446
0.135960546403
0.197944890284
0.126539019546
0.122511350522
0.158614489584
0.164291633743
0.135905881189
0.142771279536
0.123488350316
0.130741740493
0.125725413755
0.183448668118
0.184683253124
0.153191561569
0.134554999175
0.177085432776
0.171575308017
0.150559454905
0.151489297372
0.124504961332
0.201059567238
0.197965046063
0.160101892196
0.203526825977
0.192712777008
0.160019717662
0.161199489768
0.149979516234
0.170088785442
0.136526003836
0.15511901786
0.150872929011
0.137912075752
0.178296362226
0.140000990224
0.152522535995
0.14558017639
0.125410816652
0.14216384946
0.149887915309
0.166307632726
0.174181734827
0.15688587485
0.129860761823
0.166757960794
0.175479835335
0.149276481398
0.143915145919
0.122310085473
0.195290247036
0.183024957955
0.195694796136
0.157317297386
0.213235454894
0.143300141036
0.18079120772
0.201694481031
0.157295344483
0.114644817037
0.165805752117
0.14392019285
0.149924211384
0.169909465811
0.145609291287
0.186084994443
0.153845936036
0.175212362254
0.143182771687
0.150219415812
0.23072629467
0.145734081957
0.148943846116
0.23313038368
0.218447914174
0.149806190919
0.190155459861
0.123257404866
0.143929082215
0.172950870516
0.169359937623
0.127497213307
0.249615636629
0.18113804316
0.161853534638
0.148043086317
0.184846835317
0.145088369052
0.154670776228
0.154041719664
0.171883327478
0.16883278048
0.155580771036
0.187002303905
0.1773088357
0.135895549882
0.143615043637
0.197184416005
0.137705757842
0.141978989515
0.158875035318
0.133943273923
0.219942746352
0.125185734329
0.123153604855
0.158971927004
0.197568214141
0.138284174985
0.146661987483
0.123244849993
0.144647822054
0.132812611086
0.187044681297
0.184952449688
0.16103256573
0.133265526638
0.170785902164
0.163872325002
0.153331419234
0.153489946989
0.123056903234
0.188278777126
0.203826852849
0.166849891723
0.182306580561
0.192712777008
0.165985024734
0.17567204714
0.158054445387
0.173261950727
0.138838614416
0.156774676729
0.157015171863
0.13214170526
0.183760442546
0.137232982471
0.145847610069
0.153902288237
0.128590573591
0.145631696421
0.149436483739
0.173210070156
0.171038443784
0.154951302366
0.134776727931
0.174584474102
0.165826997403
0.145270319792
0.145391177126
0.126850626452
0.199548845268
0.183024957955
0.182881067016
0.158225488268
0.186416475425
0.148913747148
0.175923751651
0.197621476218
0.160692328402
0.114014927801
0.158691354857
0.140754459525
0.159891775589
0.165739014906
0.140095445911
0.21248939319
0.150794004104
0.173440367339
0.145888511537
0.142228945317
0.217466345801
0.145346816651
0.155552095589
0.239402343346
0.209145833409
0.152268753963
0.194957634556
0.126477275283
0.143273242523
0.178123156668
0.165140831582
0.12828891273
0.259963530361
0.18598406381
0.160608183885
0.146239636027
0.187768263041
0.148510602759
0.144563361009
0.14746040801
0.177650469705
0.175908541071
0.169008372352
0.18705336739
0.173528104603
0.140182981583
0.150004104927
0.209353369531
0.135495472589
0.137334066179
0.154922484204
0.133352710447
0.198426222797
0.129068791171
0.132817977624
0.151552761743
0.176370285452
0.137031205082
0.151449301648
0.12522078102
0.129536491397
0.126041106415
0.190292332684
0.177994587213
0.159735699105
0.127947511894
0.177263932206
0.169054083859
0.15114331612
0.146378880976
0.125609758054
0.201059567238
0.199455487551
0.165123737877
0.204481322848
0.182551003172
0.160722854164
0.167109789262
0.154626569534
0.168321249003
0.138356854899
0.16425335781
0.150813972211
0.136062280991
0.176962699745
0.141195437702
0.152522535995
0.135616908674
0.131503636067
0.140227253888
0.143104618187
0.168622520381
0.176570514949
0.154537684631
0.133649044149
0.17946681685
0.181328469919
0.1525650901
0.145391177126
0.130255073778
0.18930122849
0.183024957955
0.183465778283
0.157128062293
0.209658400199
0.138778370011
0.176879989388
0.19677736646
0.162276138693
0.107807257893
0.167438207731
0.141102002307
0.159008550934
0.167652809426
0.145609291287
0.18935676832
0.155309520263
0.171233993782
0.141140096238
0.149245720545
0.23072629467
0.143731277833
0.149699459388
0.233418714626
0.225243493014
0.155423543532
0.197087257612
0.12188323682
0.147467372376
0.175716506838
0.168451381389
0.131290656054
0.259963530361
0.179644483373
0.160371777125
0.14397810115
0.176109476128
0.14472622492
0.134657305063
0.148870394628
0.171883327478
0.177621848446
0.166986044495
0.197866451759
0.166221763309
0.149721665977
0.149410777867
0.190408688281
0.13516701663
0.132182980547
0.14756359865
0.127663949951
0.215254529271
0.125269872523
0.124770891251
0.154347792912
0.213004068777
0.135574783362
0.145239417388
0.124551888727
0.140207481357
0.128252079153
0.184342794118
0.195205437626
0.155304339587
0.135603124502
0.171952047619
0.167314073427
0.154193159251
0.147014322914
0.128149592557
0.205550238658
0.201236066562
0.158851501286
0.204481322848
0.182551003172
0.167641541345
0.185820943536
0.155345542117
0.158051654705
0.134416765327
0.156448771446
0.153793985343
0.122353163464
0.190073068796
0.140779343531
0.131352062684
0.136701357563
0.118266016345
0.139488409106
0.15389313394
0.178813765705
0.153310033759
0.156376308908
0.131595990456
0.176334762788
0.17904078124
0.151858857818
0.138968214489
0.126973362767
0.195172690683
0.160409366091
0.199055882764
0.158055549852
0.192279916081
0.148323021073
0.173161039808
0.20044194544
0.157225345895
0.10521971072
0.15851423469
0.135823887189
0.160247548069
0.169441145548
0.139865418346
0.194547538453
0.160174726543
0.172202305296
0.145671511301
0.14711087819
0.218267475707
0.145057602758
0.147773014712
0.239738869416
0.209145833409
0.154857347015
0.194427389176
0.126911474371
0.136922553555
0.174103617834
0.167524203524
0.129257983443
0.259963530361
0.187331612846
0.160242939313
0.14639066465
0.183845813428
0.14689216551
0.151445086008
0.151021651044
0.183985202449
0.171286715891
0.162122490325
0.186327820823
0.184308045273
0.134532694276
0.157550401153
0.212643317805
0.125229712092
0.136497713533
0.162510524454
0.135825467332
0.208704081639
0.121066293187
0.124665227152
0.150888875767
0.164814841147
0.132488398127
0.148686058378
0.124139169882
0.142474344184
0.130560539739
0.18142407685
0.18081328364
0.158605923595
0.129767944645
0.176529557916
0.16947534102
0.153778057829
0.151992632426
0.124587909065
0.191192869134
0.201553743062
0.171751117338
0.214776504839
0.182551003172
0.161437450802
0.198141740397
0.155551518151
0.158834608285
0.145557472939
0.151405700968
0.153205829919
0.143372262282
0.178357247192
0.139115619187
0.154738021475
0.138293636607
0.131308359413
0.144554047056
0.142247417618
0.173670609698
0.164930863658
0.156620674056
0.135872016536
0.16919714605
0.181328469919
0.152101447423
0.148766060016
0.129278345348
0.200439097661
0.169339532106
0.198289309346
0.158295326413
0.203649728625
0.142090043831
0.166769939316
0.203916544973
0.159096208467
0.115512701638
0.170882360063
0.137986004592
0.162385999072
0.159993737676
0.139207766643
0.219204519072
0.150098872093
0.170478431198
0.147021298317
0.144490287195
0.224551894368
0.143203410504
0.155492812379
0.230058559495
0.209145833409
0.141776048269
0.185702349485
0.122857758573
0.13783757345
0.172950870516
0.162154689556
0.133327410524
0.219479982324
0.19469297223
0.15773785823
0.144824406533
0.188823473072
0.145899692844
0.148993582644
0.153085388674
0.171883327478
0.175652654624
0.16210279832
0.20847302769
0.180256179931
0.133375361769
0.150295808529
0.169519293603
0.138595773338
0.136177454754
0.146279815534
0.125515566992
0.232318272414
0.121574293801
0.123210309455
0.135404290886
0.205240112871
0.137335082904
0.140721562096
0.125731149656
0.135777749057
0.126850442198
0.190484261077
0.195951611249
0.152137594571
0.132304127725
0.169593509978
0.158840838922
0.160829779358
0.153626845786
0.123069487759
0.173068581159
0.196722876831
0.168600982941
0.19856485105
0.21173977884
0.152902674768
0.168725891571
0.15131646965
0.162543658355
0.142376653273
0.165471227953
0.152796523482
0.132640458326
0.177312753733
0.135926752098
0.144439207625
0.164597555931
0.135327406045
0.145931260868
0.142262678676
0.145975818258
0.153867844093
0.150753126793
0.142134606324
0.162778950352
0.181328469919
0.158258037125
0.132775611074
0.126037443937
0.203244059514
0.161838674754
0.186030156887
0.155055540117
0.213291107292
0.135272430905
0.170619314586
0.185040902501
0.156987699737
0.105710433648
0.166231121662
0.123564303871
0.158177549827
0.162791414445
0.143820699232
0.201563464189
0.154651998707
0.158515291995
0.142547215619
0.142702791403
0.207238409
0.156310124129
0.147384859323
0.213085292697
0.206915288094
0.145844561941
0.199277602619
0.122108112868
0.138217131872
0.17553297785
0.168892697422
0.124425766929
0.226460170566
0.181462154778
0.150435889481
0.143465004643
0.166843507034
0.15354485253
0.152792808662
0.149451423515
0.161689077625
0.171286715891
0.168443321421
0.200897674251
0.154891464103
0.135054392587
0.147335350105
0.181378828889
0.134931052035
0.128127306687
0.153769299694
0.133247111762
0.178694728131
0.126766268151
0.123122145817
0.150439883864
0.192065192001
0.127450623368
0.146143253769
0.122554757927
0.128156142828
0.125004322978
0.186584951237
0.193813791995
0.152255047833
0.134609077432
0.16996684135
0.165451352862
0.153886925805
0.137331561532
0.124628405479
0.175983636922
0.193894772304
0.147189213343
0.214776504839
0.150886341946
0.165053571889
0.158327766457
0.148251408732
0.155994376357
0.13448026831
0.1307911777
0.151247024056
0.139253341161
0.188736715494
0.140690214975
0.142239778142
0.145538374822
0.127706079986
0.138128567968
0.144791513402
0.156266148365
0.168272771028
0.147538364279
0.139054426359
0.173829633678
0.17165630863
0.149468706164
0.134693467687
0.128873425979
0.201948795382
0.16473433219
0.198037225063
0.154814925062
0.191434744998
0.135016250662
0.164399337664
0.192405834228
0.155786722051
0.11225341245
0.147107481362
0.143463005368
0.155330819542
0.169441145548
0.14317225315
0.205710616452
0.156611195187
0.174504463223
0.139543460209
0.148184470097
0.213259601277
0.15035959189
0.138723998868
0.243116280503
0.218447914174
0.150036889845
0.192029850263
0.123216366862
0.140226171569
0.177774416104
0.163317181854
0.130246985782
0.258340871933
0.175002085444
0.156729808719
0.148461313659
0.190531863662
0.151112054091
0.151880218555
0.147246461154
0.171883327478
0.167714674127
0.166986044495
0.193791574121
0.181476317673
0.138428696497
0.148160396838
0.185398335471
0.135438620767
0.13244213829
0.156966481253
0.14014759526
0.184663176116
0.125482827815
0.119123877338
0.155758027775
0.165637377398
0.130744635624
0.148264961846
0.124553807717
0.133236263763
0.122888297278
0.189410299743
0.171642077855
0.155153912701
0.129371752258
0.177641558551
0.168267580967
0.153432653551
0.144999666346
0.12503404506
0.190598045511
0.194522115564
0.164380664509
0.214776504839
0.205503225996
0.169517905648
0.176821291629
0.152543037395
0.159896955663
0.139052003493
0.15170629539
0.156155119147
0.124053816755
0.181322426676
0.140869955751
0.130939832071
0.13676990146
0.131308359413
0.142187689821
0.154198657911
0.163149871686
0.156357033081
0.167452701196
0.132284067961
0.176268397618
0.181328469919
0.150416421578
0.145391177126
0.126973362767
0.186061370402
0.17058473635
0.198289309346
0.159912877515
0.198431847669
0.144987265794
0.170887254859
0.209947362734
0.153175395186
0.111704420086
0.160392240709
0.141226341043
0.159891775589
0.164139335415
0.142067156744
0.21351450326
0.15526145438
0.175567090926
0.143848820199
0.141168194368
0.207448835052
0.142437201431
0.146595704015
0.230058559495
0.161532277801
0.146427471962
0.172643976505
0.120138387897
0.134072560285
0.177637452305
0.164160972451
0.127843139306
0.226749921982
0.152847012656
0.159214733183
0.146849590541
0.173320274196
0.130950165424
0.153303515789
0.137036044212
0.153187954163
0.167988079645
0.17329297501
0.190209876967
0.155622189628
0.128213121314
0.154966784034
0.1862631738
0.138784732852
0.140532873425
0.135254188874
0.135668425195
0.211883314606
0.126744267549
0.126862385468
0.152960092599
0.170637097697
0.138176009613
0.144882403064
0.133421463638
0.140983401742
0.120448663019
0.174458899045
0.182653465665
0.16445403014
0.127041035278
0.164892881891
0.162626620045
0.146863450016
0.144154192088
0.123525867825
0.193754003821
0.179537215528
0.163465295302
0.204105990064
0.206170323278
0.130801162795
0.161622498701
0.133794313785
0.165063456417
0.159565486524
0.146021018777
0.156796993032
0.132623254528
0.18264860679
0.136578578826
0.146305873668
0.144786695444
0.133422190415
0.156012580867
0.141111786306
0.157467357512
0.161390054649
0.165280220727
0.132390302748
0.174036562833
0.168094286316
0.158258817484
0.141946191724
0.119520299918
0.167057056002
0.150701921263
0.193644263327
0.155199199194
0.207173572103
0.142547866377
0.160688394628
0.193719587189
0.168981490668
0.114237843915
0.158285522045
0.136753963895
0.165690402187
0.169441145548
0.142937858246
0.192571767231
0.163787807601
0.169484308642
0.143925047492
0.142180675156
0.212537880416
0.14507361302
0.135065187282
0.209424960569
