0.124956203327
0.0469918110091
0.0923454841367
0.0451136774381
0.0440298993122
0.0631987045969
0.0597394236346
0.0332930124878
0.2
0.0772916256213
0.0568677603074
0.0442392817436
0.0735812845074
0.0626338053264
0.080292249697
0.0373471215588
0.075
0.091407479587
0.0787317696093
0.0733980725355
0.0659338062652
0.0451412787399
0.0531521278883
0.114897375213
0.0461336865326
0.0514147924094
0.0538005390647
0.0400655067088
0.103554321113
0.0340875742524
0.0421664668794
0.0538440496997
0.0623193828636
0.0495591737019
0.047189250449
0.0411630614427
0.0378074888261
0.0354379388107
0.057941254928
0.0773370954337
0.0551551209055
0.0381301433399
0.0559521832636
0.0684656645023
0.0520442457228
0.0847386243346
0.035090909262
0.0673052301588
0.0839378647581
0.0615907855359
0.0897785603007
0.0868529277319
0.0707847022201
0.0527622802936
0.0619805920047
0.0698046881665
0.0605988200359
0.0574271167525
0.0614298120477
0.0558836732012
0.0602772294997
0.0385153379672
0.0723407656455
0.0422143331386
0.0425586328311
0.0484987954439
0.0324800378255
0.0954740247502
0.0532544378698
0.0444268494743
0.0371380361883
0.0678248544298
0.089187084798
0.0705091608932
0.0617466738212
0.0527812396139
0.0825009149134
0.0766540980459
0.0960182168112
0.0532557745992
0.11462816953
0.066909705537
0.064448533055
0.0813649274464
0.0518955201928
0.0259960861325
0.060695649544
0.0397134437013
0.0625
0.0738364237631
0.0482677608428
0.0713817151451
0.0509374303651
0.0684803049189
0.052807638055
0.0519084693308
0.0885305537054
0.0633610629981
0.0328201451926
0.110022185793
0.1164061362
0.056490630699
0.10423146043
0.0441801909528
0.0492420626066
0.0665112344981
0.0593477696213
0.0331910285854
0.181717185297
0.0772916256213
0.0512400739077
0.0462209234412
0.0696331928939
0.0545758730022
0.0738567556608
0.037417985419
0.091070248935
0.091407479587
0.0908585926484
0.0817249520773
0.0718281862846
0.0332090434842
0.0551758365979
0.117112103423
0.0470230817413
0.057722752174
0.0546762027389
0.0438716478139
0.106256157412
0.0340102244974
0.0423227299868
0.0534174977821
0.0602851360124
0.0471619975929
0.0418703085334
0.0481111440735
0.0398399475422
0.0320965459623
0.0680757990789
0.0763349252851
0.0522485607276
0.0332839196046
0.0443422216689
0.0681961274623
0.0474298933629
0.076144177195
0.0301824426021
0.0805756690878
0.0768987907547
0.0632502429914
0.0948374916624
0.100741816621
0.0474604586723
0.0729806613734
0.0563089752316
0.0609421184072
0.0631850881587
0.0544614527028
0.0541096330165
0.0552307339298
0.056229270213
0.0422742347781
0.0634756052356
0.0559936149128
0.0480812903712
0.0375041143235
0.0398953053319
0.0918161458867
0.0551937919114
0.0515091676794
0.0433613748072
0.0661105236158
0.0818769921144
0.0670430537903
0.0712148590472
0.0429490199171
0.0733993569397
0.0760656680416
0.0871524691507
0.0437403575622
0.111966115137
0.0553524913578
0.0822051908639
0.075118977018
0.0438732051485
0.024402954292
0.0619446915193
0.0371413883682
0.0593794603617
0.0763700125382
0.047168064699
0.0822109500172
0.0502480636169
0.0781748365902
0.0537409557783
0.0451614548228
0.104956173141
0.0581274897116
0.0375863705322
0.10527167874
0.129871554326
0.0491379195574
0.096341387074
0.0456922979523
0.0566696161785
0.0697923895302
0.0591508169841
0.0382109621258
0.2
0.0725297474971
0.0597786331552
0.0445855983323
0.0698712004169
0.0527786574862
0.0607807160684
0.0314731536721
0.06
0.0860556039871
0.0755081471233
0.0702653954484
0.0581241130869
0.0459303277727
0.0474409501686
0.135524749642
0.0461278479895
0.0377794766876
0.041320482593
0.0446158664044
0.0968073100584
0.0331134494922
0.0478844649674
0.0457145292755
0.0655082644892
0.0643247023483
0.047797304596
0.0421777112086
0.0396040495916
0.0261264388471
0.0555534293144
0.0927101117831
0.0533960864894
0.0317231428569
0.0597953651765
0.0637307017108
0.0488718334964
0.0719433510919
0.0316975682558
0.0957702486419
0.0533084105433
0.0632587539239
0.0833333333333
0.101203053957
0.0365504189513
0.0553710899864
0.0710082610629
0.0655730274101
0.0724049038413
0.0387347225099
0.0584608617951
0.0609328127057
0.0542438175635
0.0437959255575
0.0582173763214
0.0725924652696
0.0594260069628
0.0479803033264
0.0462696300776
0.0666414070438
0.0626848393674
0.0639415291242
0.0345070478442
0.0681095409124
0.0714827905422
0.0475820583414
0.0622421460121
0.0366487927002
0.0491023410494
0.0694040739299
0.0689833712529
0.0524122830065
0.114899937851
0.0793649520062
0.0849693273033
0.0795709651794
0.04682508885
0.0302692215915
0.0676427602542
0.0399909440009
0.0542961625753
0.0681046870191
0.0515871282944
0.0656505184689
0.0574312685354
0.0616431756535
0.05201478161
0.0556108889027
0.0891825095053
0.0618546576428
0.0360273296964
0.0702290665944
0.0947278824175
0.0533658821288
0.109223731419
0.0490809519928
0.0527794004723
0.0717628946423
0.0640176616407
0.0354265731088
0.2
0.075934987658
0.06216813926
0.0414429793604
0.0697409409018
0.0626056311261
0.0701676672084
0.0377972663441
0.075
0.091407479587
0.0894164010861
0.0949819619826
0.0723533582925
0.0483650402332
0.0490911184106
0.122790762294
0.0503476238047
0.057858438546
0.045724955469
0.0469784595838
0.110611541766
0.0318252920641
0.0415931346692
0.0589804894049
0.0403620485934
0.04564991892
0.0490090080759
0.0414499210892
0.0346001683223
0.0368654041915
0.0635349752959
0.0874410808492
0.0501527785402
0.0348571722536
0.059876667509
0.0682427836846
0.0497124719746
0.0793700188038
0.037700232713
0.0998741878024
0.0780359205361
0.0562334771976
0.0924509580762
0.0826845354384
0.047117746771
0.0608384747437
0.0606565648647
0.0613374002769
0.0537193698447
0.0481408491385
0.0521849449079
0.0588410577843
0.0544220926063
0.0399340730409
0.0839961622707
0.0656250567315
0.0506940313973
0.0485988487388
0.0371302136987
0.0794465579048
0.0576923076923
0.0508834467594
0.0385747185865
0.0733141783437
0.0823265398135
0.068504311459
0.0713676197273
0.0436220805079
0.0806251999799
0.0954360607467
0.0953301212259
0.0495738798161
0.127935545244
0.0659585106748
0.0908154199809
0.0821709683476
0.045588753501
0.032405469828
0.0703394552081
0.0429993478729
0.0563368179752
0.0741721847569
0.0508063378415
0.0685419208944
0.0518614006718
0.083723732254
0.0565432046985
0.04792971212
0.0987256106621
0.0661128466767
0.03905288742
0.101701261297
0.124956203327
0.0515794597694
0.0920861812572
0.0438003274294
0.0547872033749
0.0659962280086
0.0696790917349
0.0369484083243
0.2
0.0865832544301
0.0615251728461
0.0435464354591
0.069779717438
0.0630432509949
0.0800114852992
0.0435444521409
0.075
0.0930847643694
0.0740695846583
0.0805969251338
0.0637553281441
0.0530254894402
0.0449476856806
0.118893738597
0.0472443670764
0.0513243335976
0.051932213592
0.0431721198546
0.121009137573
0.0350439868824
0.0395752105955
0.0574897024111
0.0778359030995
0.0460665702249
0.0504700305596
0.0436760756666
0.0458647029392
0.0435536521362
0.0615056403273
0.0859789355417
0.0579769786891
0.0349448384221
0.0591187625776
0.0686744795559
0.0488632654161
0.0795268115852
0.0365790527997
0.0842108415717
0.0781420713915
0.0615370114485
0.0791444899837
0.0826845354384
0.0488060090972
0.074733279102
0.0699812230155
0.0648150734822
0.0540302602514
0.0544541447493
0.0544895239655
0.0546865440405
0.0536612320053
0.0379079979994
0.0735736493091
0.0739808039837
0.0497284338118
0.0516020962305
0.0392240682358
0.0856814043776
0.0536791804169
0.0513430260779
0.0372591531411
0.0769179053527
0.0732336618749
0.0522127703533
0.070440400945
0.050415840304
0.0829657347459
0.0954360607467
0.0841813216267
0.052567815414
0.0927397186709
0.0606226994632
0.0875584734714
0.0877944283003
0.04724544892
0.0308180697943
0.0605800619909
0.0389645700202
0.0666666666667
0.0742102290961
0.0500883645156
0.0876034955079
0.0506256104997
0.0779204660553
0.0573255298488
0.0402750679778
0.0956154378671
0.0692200390769
0.0399403579616
0.108106538921
0.1164061362
0.0559241603166
0.111091721699
0.045301901145
0.0570482974428
0.0691133346454
0.0642286681137
0.035193466318
0.2
0.085231243407
0.0604263436146
0.0412300880148
0.074424035638
0.0605549297499
0.0679395958975
0.0413838390348
0.0740029291732
0.091407479587
0.0898428807204
0.0805969251338
0.0597635891236
0.0553470611981
0.0608717241307
0.133901873405
0.0439377437637
0.049302516548
0.0519400853776
0.0458777314427
0.08659314758
0.0345554344588
0.0557270032334
0.0510484812774
0.0490697903402
0.0466922016476
0.0551273713887
0.0422604032233
0.0356990460935
0.0378734623344
0.0677635674746
0.0743377796655
0.0521170551232
0.0326728574972
0.0594971181986
0.0633682991357
0.0484029228841
0.0734064712631
0.0366603099967
0.0998741878024
0.0796427124862
0.0593803897547
0.0897785603007
0.0833874729634
0.0494149904686
0.0650263970961
0.059872819821
0.0656299736693
0.0612483068568
0.058193050938
0.0500834278306
0.0576433909366
0.0482088046492
0.0406157193696
0.0839961622707
0.0609375526792
0.052836460925
0.0472457148413
0.034769679246
0.0794465579048
0.0550880631608
0.0490549036427
0.0405873964447
0.0815745847281
0.089187084798
0.0625735168709
0.070440400945
0.0478241835678
0.0712378327261
0.0954360607467
0.0769722622767
0.0510589105887
0.117476607189
0.0562755702806
0.0876978032175
0.077174165795
0.0504907974415
0.0296110818169
0.0636965751175
0.0407788254029
0.0624637326888
0.0741721847569
0.0508063378415
0.0761848526755
0.0532828553778
0.0835227979585
0.0496100380752
0.049101290851
0.0987256106621
0.063247950857
0.0388880682807
0.0957471571171
0.150673883584
0.0562716874226
0.0989874873769
0.0417471283787
0.0535707623161
0.0685115684281
0.0644800528892
0.0390035103099
0.2
0.0798861250937
0.055664730201
0.0416859063183
0.0631901045408
0.0573301982744
0.0659239427986
0.0415755393544
0.075
0.0962929094588
0.0908585926484
0.086198968601
0.0594934125429
0.0645207831724
0.0475880902326
0.10763868573
0.0436442943547
0.0486452233856
0.0477892231688
0.0388929878796
0.118638764576
0.0317883729659
0.0396767019553
0.0558445620995
0.0903960373112
0.0479063451744
0.0507947036596
0.0407798115277
0.0415781769892
0.0376345924168
0.0605581896158
0.0975420909502
0.0465392093783
0.0350269130943
0.0518085828366
0.0700876435326
0.0538361019675
0.0775498656837
0.0412548829477
0.0992321671074
0.0814778615421
0.0563341010498
0.0897785603007
0.0833874729634
0.0564627353302
0.081726286095
0.0710680106795
0.0578184050183
0.0580247117591
0.0510179615957
0.0543632844976
0.0459930986344
0.0596734192946
0.0442054163972
0.0531225252787
0.0470623165436
0.0441150840289
0.0461336305632
0.0411007265671
0.0887487187378
0.0472183398521
0.0423761902558
0.0397859407491
0.0830434220191
0.0883704986079
0.0527882808831
0.0643861575672
0.0533966924328
0.0806611347766
0.0756603799847
0.0944585389291
0.0520151232296
0.102355344091
0.0656129602114
0.0835056555951
0.0831773554308
0.0421401985816
0.027145315427
0.0692557623081
0.0354132729116
0.0663265306122
0.0743686770545
0.0501712490354
0.0760834576348
0.0553196531957
0.0840187505802
0.0558282167343
0.0486429293001
0.0953202888515
0.0667879712997
0.0372643409206
0.10527167874
0.1164061362
0.05893177396
0.100350644067
0.046466641041
0.0550366566047
0.0665582706057
0.0633683864572
0.0325224898104
0.2
0.0884055774799
0.059018812032
0.0420677020075
0.0730186907342
0.0629867355384
0.0775666255088
0.0436785899821
0.0797445024976
0.0860556039871
0.089810886576
0.0766892859454
0.069842763126
0.048147340793
0.062255643311
0.136434180327
0.0378123802454
0.0505988362386
0.0556185911237
0.0445901978591
0.0952582368849
0.0311571607135
0.046535261997
0.0552962198105
0.050429276058
0.0465115879357
0.0560204694192
0.0431428851748
0.040354416978
0.0387509226924
0.0601029621504
0.0731729200387
0.0476099529769
0.0302794842497
0.055426796426
0.071390636696
0.0506986706103
0.0773385683675
0.0391092525084
0.090794716184
0.0793025537939
0.0655052654167
0.10366744919
0.0833874729634
0.0516541781523
0.0880623537416
0.0676757953398
0.0631586363388
0.0584200593268
0.0495891423185
0.0517893453072
0.060373492376
0.0502104664359
0.0391307749066
0.084690689355
0.0557363226272
0.052836460925
0.0474913701285
0.0349891094724
0.0837605969551
0.0590672005331
0.0438788563537
0.0395021212937
0.0723361080572
0.089187084798
0.0611347557818
0.0735085605142
0.0495791252719
0.0825009149134
0.080699705901
0.0910711133025
0.0509736413392
0.111649039255
0.0640420577962
0.0779978927828
0.0857568005934
0.0433022955524
0.0335417923147
0.0665254419824
0.0395168955362
0.0685389236908
0.0733470742705
0.0509245800605
0.0995754109794
0.0467009485871
0.0800585026703
0.0571162819788
0.044244021807
0.0948670732147
0.0655928295464
0.0389758656529
0.0968530884418
0.1164061362
0.0458314236209
0.092203890292
0.0447701033201
0.0555731213405
0.0659962280086
0.0628894847696
0.038273541432
0.174569722322
0.103175609334
0.057164429558
0.0393690893236
0.0756591042692
0.0633245657671
0.0736700227013
0.039721188182
0.075
0.091407479587
0.077310886576
0.0949819619826
0.0724418055624
0.0499381421026
0.0525765385097
0.0840825586214
0.0458313860065
0.0605974881616
0.0443757041706
0.0389317215004
0.120955262587
0.0299426352295
0.039606204018
0.0432168436453
0.0761807975946
0.0532867271896
0.0436407591919
0.0447020029028
0.0395406566438
0.0376620064965
0.0637741935449
0.0909897548503
0.0469741362315
0.0339971013126
0.0531481940474
0.0571977662214
0.0562057915549
0.0802941798902
0.0378925410149
0.0753766246574
0.0764538095136
0.0588325903087
0.0865121112663
0.111177387913
0.0463909503806
0.0611741890543
0.0595239792905
0.0596676155256
0.0591199185614
0.0627243358245
0.0529177214351
0.0531359440682
0.0508829438701
0.0333816652359
0.0737682949151
0.0793121913138
0.058204512085
0.0515162693706
0.0351728288693
0.0613438349266
0.0467615905851
0.0459086103903
0.0456926496026
0.0617303618336
0.089187084798
0.0719545607094
0.0618669354797
0.0514627277525
0.0829657347459
0.070987868026
0.0828795447754
0.0503769469545
0.11324495193
0.0552600615877
0.0823468536709
0.076571894744
0.0427420404053
0.0255119596842
0.0713767640176
0.031796794291
0.0619047619048
0.0716485839632
0.052166686293
0.0898329356292
0.053228461125
0.0519038829322
0.0547715610493
0.0469348140113
0.0820696327897
0.0763848125223
0.0395450928647
0.0813579709471
0.126010729923
0.0497960822465
0.107951690524
0.0394017370214
0.0499539680902
0.0681587543896
0.064969601591
0.0330026646919
0.174569722322
0.0826092655997
0.0486564464907
0.0412524407344
0.0609353159051
0.0653871870334
0.0762177944527
0.0400944857441
0.0641846931063
0.0860556039871
0.0948456974103
0.0894264064271
0.0526534629157
0.0511253043551
0.0477141037611
0.0978301640511
0.0425848043775
0.0474127353176
0.0500549149018
0.0429399254408
0.080672758382
0.032481471759
0.0396767019553
0.049369883514
0.0732399506639
0.045866653611
0.0499734350328
0.0397148567948
0.0360910676857
0.0364100856952
0.0617358941501
0.0981697633996
0.0443381714549
0.0342025398409
0.0513925383704
0.0704500123585
0.0468651114932
0.0615696718368
0.0363951951886
0.0764401619295
0.0660537424515
0.0471653959507
0.10366744919
0.0556432727344
0.0558689961309
0.0555807170967
0.0587537582996
0.058070109526
0.0516489997365
0.0341893870657
0.0492223872912
0.061538454566
0.0549764010404
0.0395346292099
0.0655546401487
0.0684964124785
0.047985105188
0.0467680602204
0.0342949141531
0.0672704122454
0.0549450549451
0.0375363189052
0.038285523635
0.075214448303
0.0773277909651
0.0580390582089
0.0619978243496
0.0509468721346
0.0858862539117
0.0783644651214
0.0869968784806
0.0478210545711
0.10444737607
0.0545824303136
0.0764352487729
0.0719992205857
0.044983305174
0.029268793779
0.0541936841848
0.0438400817789
0.0597265677441
0.0743686770545
0.0515331284225
0.0850198641552
0.054957375904
0.0836022917834
0.0487612399807
0.0451909064355
0.0867220386614
0.0725098438503
0.0321584502574
0.107380570136
0.124956203327
0.0531678890624
0.0973718080833
0.0414700322069
0.0561566488749
0.0707116105418
0.06454809633
0.0351980645992
0.2
0.0772916256213
0.0554411474156
0.0425789575099
0.0750147618235
0.0669234065096
0.0738567556608
0.0471510431275
0.075
0.0830741462536
0.0908585926484
0.0843807642995
0.0732715747167
0.0548731893555
0.0505703402747
0.0993587868281
0.0445802006635
0.0431193720566
0.0497110703808
0.0485485644398
0.0852061007428
0.0341389115637
0.0358488685173
0.0555411189533
0.0567329355652
0.0441401779244
0.0524606151737
0.0406947470434
0.0394759368076
0.0348725326702
0.0663788174297
0.0721285400558
0.0519432031774
0.0325710267751
0.0608488057798
0.0713453187883
0.0500289498907
0.0715285601219
0.039377413697
0.0895262534292
0.0723511366038
0.0593266156673
0.10366744919
0.101203053957
0.0547820146207
0.074733279102
0.0645972009323
0.0607847693889
0.0589490329848
0.0530277948691
0.0551664789249
0.0468119353052
0.0497956772756
0.0429520945772
0.0511722691248
0.0557976815529
0.052836460925
0.0474167940939
0.0397283162042
0.0780739717248
0.0503406823948
0.0575072304764
0.0401470618156
0.0871795577644
0.089187084798
0.0586626720665
0.070440400945
0.0533966924328
0.0708317438549
0.0837519456282
0.0910711133025
0.049903998091
0.111988065409
0.0606261020522
0.0844637671471
0.0887734757299
0.040232453499
0.0296691619569
0.0647856941284
0.0398044556013
0.0666666666667
0.0716146130536
0.0487376488991
0.0909284402874
0.0509350688119
0.0874472721668
0.0564077960615
0.0402750679778
0.0858554627397
0.0657728134553
0.0375904011395
0.0968530884418
0.0815452758278
0.0550691199154
0.083426652124
0.0377121146217
0.049104443201
0.0703471613821
0.0613652486154
0.0388057590301
0.148139169317
0.0645680655662
0.0539871156542
0.0394151402906
0.0643611335485
0.0376092375409
0.0738567556608
0.0359947883473
0.0644665458675
0.0777222706538
0.095314270373
0.0703007819761
0.054855004555
0.0453579813494
0.058635261243
0.105840856843
0.0428406650242
0.0449834658691
0.0398372337395
0.0454411506711
0.107563677843
0.0326177952793
0.0447188394329
0.0566944599612
0.0524117469961
0.0541960966395
0.0450709605869
0.0440854231742
0.0418732121155
0.0314648832663
0.0490573895417
0.0871560888688
0.0576019896647
0.0281000989498
0.0520986454927
0.0637268568641
0.0450862600659
0.0663663869407
0.0339805841239
0.0957702486419
0.0542405683787
0.0605374642979
0.0987654320988
0.100421346627
0.0349632710696
0.0709225924797
0.0492319729368
0.0565489529405
0.0641859215691
0.0440369531259
0.0532424398301
0.0532092839415
0.0525617609012
0.0394653528811
0.0697253111901
0.0614281483782
0.0518906621431
0.0587776870214
0.0345652488206
0.0681296820022
0.0478301332284
0.0570931572494
0.0345057715695
0.0705433636802
0.0666625811816
0.0684528613974
0.067287341863
0.0376078029428
0.0542451338635
0.0688003555115
0.0824412894323
0.0463812865011
0.114885144006
0.0616785443739
0.0759465965172
0.0829068547157
0.051450229145
0.0320779955525
0.0550272593935
0.0408640257945
0.0714285714286
0.0743686770545
0.0525641862906
0.0644694159169
0.0573795093472
0.0646271525278
0.0565432046985
0.0441855806422
0.0910584949995
0.0641992405511
0.0287733091535
0.0871058060764
