0.124956203327
0.0420988975
0.0793696505685
0.0412763744292
0.0416587128492
0.0578445277918
0.0534792719839
0.0308017395709
0.2
0.0772916256213
0.0516042078296
0.0411949786083
0.0671371613968
0.0546684389597
0.077745095445
0.0337507465092
0.075
0.0821990275386
0.0787317696093
0.06329321314
0.0613455783066
0.040913586638
0.045278178302
0.108153516548
0.0443315303673
0.0514147924094
0.04763716206
0.0368887568638
0.0794240148857
0.0305604991985
0.0355320751561
0.0497532285483
0.0574191860357
0.0411725811672
0.0457640130831
0.039065997633
0.0339166066783
0.0324076624912
0.0515682375926
0.068238412842
0.0504984622473
0.0327050732181
0.0487582897307
0.0622702857374
0.0520442457228
0.0784061271234
0.0331874283619
0.0627418568212
0.0749188090311
0.0515873015873
0.0897785603007
0.0765623642873
0.0638650461548
0.0471337281953
0.0545754006739
0.0680067740328
0.0571638463957
0.0560352349548
0.0536127935895
0.0558836732012
0.0550140208769
0.0328567689138
0.0701119046398
0.0381818690502
0.0406068309669
0.0443451176159
0.0318214233716
0.0954740247502
0.0532544378698
0.0400976390422
0.0305560146153
0.0584403912325
0.0719370953167
0.064424918281
0.0594064100793
0.0499662864631
0.0783005615594
0.0766540980459
0.0960182168112
0.0497524989923
0.0892857142857
0.063246418923
0.064448533055
0.0748220347486
0.0426270519982
0.0227957907403
0.0527417525462
0.033147877804
0.0625
0.0682643905909
0.0439243973614
0.0598715313226
0.0434496109319
0.0644236768237
0.0466901234123
0.0476598432513
0.0829589378743
0.0561924320203
0.0267509748049
0.0959929316126
0.1164061362
0.0524407001326
0.0825496379038
0.0419285747134
0.047322530708
0.0650207854919
0.05056546243
0.0310349225065
0.181717185297
0.0772916256213
0.0459883839224
0.0462209234412
0.0627819709448
0.0471055744926
0.0717014712937
0.0341812478743
0.091070248935
0.0821990275386
0.0908585926484
0.0682305756486
0.0674498792736
0.030832018981
0.0462185024683
0.109755166698
0.0436314969326
0.057722752174
0.050717738981
0.0385320431767
0.0974778116697
0.0306898076104
0.0388387657631
0.0508746102182
0.0559294054987
0.0426515308339
0.041217147837
0.0436724088511
0.0368273092344
0.0275100938852
0.0628747230705
0.0700810376641
0.0465197248893
0.0280497445432
0.0430909924427
0.0662496335768
0.0465092000484
0.0688374496436
0.0285295573738
0.0703119501324
0.0681251009131
0.0532467590429
0.0897785603007
0.0904512531762
0.0393875265962
0.0695748661721
0.0535422179199
0.0592726267117
0.0567618217668
0.0519552783676
0.0464737819067
0.0533821409172
0.0503668994945
0.0372484364123
0.0574009790588
0.0538809371841
0.0469873287699
0.0338119562542
0.036544115556
0.0918161458867
0.0534582609148
0.0457308338782
0.0384766376492
0.0559824979006
0.0654898182676
0.0635577660781
0.0684065425569
0.0411521211008
0.0703657684063
0.0737920919736
0.0871524691507
0.0417646106187
0.0972477269182
0.0526782732073
0.0805330719133
0.0685556123287
0.0357345105421
0.0220751797113
0.0572155153269
0.0323968151796
0.0593794603617
0.0703999769965
0.0430135431081
0.0751337256073
0.0428145222333
0.0748663138911
0.0450677883388
0.0413376913512
0.09380574825
0.051137871157
0.0328620766736
0.0900226427605
0.121420843411
0.0446879907145
0.0800250540709
0.0434277559379
0.0539822715204
0.0655264011202
0.0513673038595
0.0360816654074
0.2
0.0725297474971
0.0527125540774
0.0432554031171
0.0616396909285
0.0465560451452
0.0584458246707
0.0302928357974
0.06
0.0738656942053
0.0755081471233
0.0528792075699
0.0523720548654
0.0422000112122
0.0387723037055
0.123213853326
0.0431226721322
0.0362915050617
0.0404839312068
0.0389974331463
0.08890679889
0.0292134686906
0.0416045882167
0.0429517470371
0.0615881070269
0.0576883057367
0.047114454777
0.036574945718
0.0341188031486
0.0238063163736
0.0465330968926
0.0795743816637
0.0492872700262
0.0264239246143
0.0554558210423
0.0616220000015
0.0488718334964
0.0671883199181
0.0304995677935
0.0834737640331
0.0458071531573
0.0532713225176
0.0833333333333
0.0944578121414
0.0336521380587
0.046134673878
0.0640612027101
0.0640148351609
0.0650640279648
0.0387347225099
0.0473220025938
0.0609328127057
0.0501378977632
0.0381428253822
0.0529486914151
0.0725924652696
0.0594260069628
0.0401085815927
0.0417705706618
0.0666414070438
0.0626848393674
0.0581160403668
0.0288432377633
0.0543423806705
0.0573800526573
0.0399389266353
0.0606219634216
0.0357456498001
0.0443500611486
0.0658658685056
0.0616990741315
0.0494031324074
0.10940169089
0.0755772600299
0.0849693273033
0.0725314838945
0.0381422141536
0.0278447836042
0.0553673217449
0.0339802883265
0.0542961625753
0.0634946042214
0.0481083968737
0.0590679890755
0.0503046581889
0.0568141607251
0.0448890839581
0.0543730678438
0.0770378404616
0.0556636403366
0.033924579561
0.0524778832001
0.0873046021503
0.0489794010811
0.0930572514899
0.0463505381263
0.0492252103588
0.067747846727
0.0570642124903
0.0334183263847
0.2
0.075934987658
0.056653941426
0.0387523989993
0.064016665732
0.0546684389597
0.0657843115304
0.0345619100979
0.075
0.0821990275386
0.0894164010861
0.0788061436609
0.0690629514266
0.0403682139977
0.0426374288764
0.114698131896
0.0463575240298
0.057858438546
0.0411574972868
0.0427867869967
0.0882489054285
0.0286905765304
0.037471879951
0.0543174210803
0.0370952507081
0.0406382891878
0.0478071923945
0.039453222101
0.0312025535126
0.0331071417645
0.0578255805104
0.0764320252062
0.0434248876298
0.0300541113795
0.05340846945
0.0662962897991
0.0497124719746
0.0720632912524
0.0359108701778
0.0834737640331
0.0692622306945
0.047619047619
0.0867310530421
0.0759392936229
0.0442194658784
0.0530230457289
0.0536496520088
0.0597792080278
0.047313150094
0.046692400023
0.0424348649496
0.056870625192
0.0503550677614
0.034252399249
0.0839961622707
0.0633498653314
0.0483422713774
0.0444451709108
0.0337605301262
0.0794465579048
0.0576923076923
0.0460303633068
0.0328618033032
0.0625977757949
0.0664034726
0.063100164719
0.0688896934124
0.0410577444167
0.0783500085798
0.0954360607467
0.0953301212259
0.0465005926133
0.115368123619
0.0642640168959
0.0908154199809
0.0772265081361
0.0410053914946
0.029301574551
0.0625496418869
0.0373385633868
0.0546557661027
0.0698982000791
0.0455693936413
0.0575326489716
0.0462475064669
0.079863789105
0.0500753203764
0.0441059486484
0.0864845538614
0.0599218293705
0.0340661327915
0.0864522253179
0.124956203327
0.0474510070186
0.0802899689225
0.040277530137
0.0525477494932
0.0630153299961
0.0654723383774
0.0349329326419
0.2
0.0865832544301
0.0578970446452
0.0405867970619
0.0652848260885
0.0537261434866
0.0776765939015
0.0411086490985
0.075
0.0822236477309
0.0740695846583
0.0634640930154
0.0613211247022
0.0455524826001
0.0425864755376
0.111536801871
0.04510430663
0.0513243335976
0.0478366959113
0.0388374257327
0.111133498613
0.0306648972753
0.0356384992292
0.0533258071545
0.0739157456372
0.0418314418556
0.0497546640826
0.0406332366199
0.042096231944
0.0392333701266
0.0567999048912
0.0749698798987
0.0518144102452
0.0302556551701
0.052291220182
0.0620393662207
0.0481617847955
0.0727419931446
0.0340289752255
0.0750875358336
0.070206469341
0.0515873015873
0.0791444899837
0.0759392936229
0.0461492516123
0.0721134366394
0.0644477083921
0.0616986889838
0.0470549130989
0.0518746247928
0.0469185232211
0.0546865440405
0.0484626247051
0.0327092258797
0.0735736493091
0.0717056125836
0.0484391250323
0.0476927523923
0.036409068824
0.0856814043776
0.0492829148726
0.0480989492451
0.032393521475
0.0662361639371
0.0544154915317
0.0491631436052
0.0678076042354
0.0476008871532
0.0784153519457
0.0954360607467
0.0841813216267
0.0484003504359
0.075
0.055806246289
0.0875584734714
0.0829647341999
0.0431723532396
0.0279318459134
0.0518171631139
0.0329101268859
0.0666666666667
0.0702075581286
0.0457160523761
0.0810706729756
0.0442116611879
0.0740605229064
0.0495640686622
0.0374415613534
0.0854670338995
0.0618511433786
0.0357394111861
0.0913325993442
0.1164061362
0.0515376792689
0.0894098991727
0.0426698746346
0.0546771109799
0.0675164249958
0.0578992626166
0.0330245598559
0.2
0.085231243407
0.0574008854876
0.0384397569017
0.0679799125274
0.0529979454973
0.0657843115304
0.0390762361525
0.0711068089805
0.0821990275386
0.0898428807204
0.0634640930154
0.0556851642716
0.0508772560105
0.0535438784312
0.125809243007
0.0409303008271
0.049302516548
0.0462350314954
0.0400041663418
0.0786926364116
0.0308867520691
0.0490141643979
0.0479963596912
0.0417594080259
0.0418923894957
0.0537616717508
0.0399324135512
0.0325473148712
0.0335669989655
0.0633690053251
0.066264472194
0.0471958992457
0.0276875284883
0.0537823681006
0.0615608405277
0.0477333277463
0.0679198968318
0.0354025380736
0.0834737640331
0.0701600606466
0.0493327170425
0.0897785603007
0.0716268290267
0.0462268814867
0.0588861584434
0.0549199940411
0.0638320595356
0.0541302849116
0.0568351298923
0.0421324007566
0.0576433909366
0.0420927960608
0.0353188546953
0.0839961622707
0.0588248749506
0.0514665703468
0.043553556772
0.0308175996168
0.0794465579048
0.0550880631608
0.0459955390837
0.0351982845936
0.0693668802531
0.0719370953167
0.0593205816729
0.0678076042354
0.046895974174
0.067597526486
0.0954360607467
0.0769722622767
0.0469643299367
0.100920417276
0.0543817242924
0.0876978032175
0.0714312216919
0.0441179906362
0.0271076758352
0.0536802378919
0.035819473522
0.0624637326888
0.0698982000791
0.0455693936413
0.0667584407533
0.0476689611729
0.0802142752594
0.0442273671601
0.0452775273795
0.0864845538614
0.0570416465783
0.0357375748037
0.085498415612
0.150673883584
0.0518208088095
0.0827676954166
0.0398222676664
0.0503477782002
0.0655306704157
0.0584070764398
0.0374383966411
0.2
0.0798861250937
0.0511781930066
0.0391676447102
0.0563501800255
0.0515040887114
0.0618536839547
0.0379791643048
0.075
0.0896716664057
0.0908585926484
0.0646328718577
0.054574378269
0.0537914190378
0.0414844538318
0.100894827065
0.0396036662149
0.0486452233856
0.0428566149999
0.0340443973056
0.106614997258
0.02846397012
0.0353923487947
0.0515264731064
0.0860403067975
0.0418923894957
0.0501118538407
0.0368677091481
0.0368255519614
0.0341951234577
0.0547979325065
0.0865330353072
0.0404666191294
0.0305669279968
0.0475454632466
0.0634525301975
0.0530607812816
0.0720632912524
0.0389730387498
0.0875022025869
0.0727041717005
0.0456691971475
0.0897785603007
0.0716268290267
0.0511492203604
0.0791064436324
0.0649696178189
0.0578184050183
0.0512813225478
0.04966004055
0.0463456408322
0.0459930986344
0.0555509288636
0.0375705067573
0.0467140856624
0.0438787922633
0.041763324009
0.0426357966028
0.0381543037293
0.0856814043776
0.0472183398521
0.0371651853474
0.0340693194562
0.0722893226833
0.0719833247611
0.0481740182149
0.0619082312523
0.0505817392819
0.0726516557057
0.0734123544205
0.0944585389291
0.0489322406956
0.0891103921614
0.0636007488489
0.0835056555951
0.0796094789948
0.0356290482755
0.0239856766044
0.0618759391617
0.0295732572608
0.0663265306122
0.0703999769965
0.0460167274445
0.0694704512562
0.0497057589909
0.0785997896089
0.0475941897332
0.0448191658285
0.0840208518047
0.0605969539935
0.0344448846449
0.0900226427605
0.1164061362
0.0554225891218
0.0885544317324
0.0434488151886
0.0514824664911
0.0625432226904
0.0579860742597
0.0310305967592
0.2
0.0884055774799
0.0558492844704
0.0391654984314
0.0668547468893
0.0555191697969
0.0754113411417
0.0400822149324
0.0797445024976
0.0738656942053
0.089810886576
0.0625886870641
0.0655244309297
0.0398439998595
0.05437223708
0.127442368773
0.0351215102495
0.0476319902027
0.0494966268716
0.0392505932219
0.0791025159724
0.0283520822552
0.0416513189345
0.0509537498112
0.0460735455443
0.0415265281797
0.0553051029422
0.0390899159178
0.0373460816637
0.0336945304992
0.0544551066843
0.066397875116
0.0425107586051
0.0259732917418
0.0518403840229
0.067497648925
0.0506986706103
0.0705537499269
0.0374582082138
0.0758852400301
0.0692113723168
0.0555555555556
0.10366744919
0.0716268290267
0.045857616367
0.0846565585404
0.0621391589451
0.0616978311052
0.0516766701155
0.0483110989813
0.043916417176
0.060373492376
0.0439086011428
0.0334506078406
0.084690689355
0.0519558875443
0.0514665703468
0.0421497374064
0.0310542440397
0.0809721293549
0.0552571037281
0.0402379093562
0.034484438638
0.0616366927174
0.0719370953167
0.0558707085493
0.0708757638046
0.0469215588616
0.0783005615594
0.080699705901
0.0910711133025
0.0465999779686
0.0990113901675
0.062253425474
0.0761870261582
0.0838534631523
0.0382051040182
0.0305446261019
0.0545334320921
0.0347723223477
0.0685389236908
0.0677169708885
0.0461524953245
0.0918548025322
0.040592425433
0.076006666156
0.0500821382206
0.0409104846019
0.079831895872
0.0596399282905
0.0315215613698
0.0841091783943
0.1164061362
0.0411472879968
0.0792280567238
0.0417224936765
0.053557612847
0.0630153299961
0.0580528879975
0.036345665093
0.16
0.103175609334
0.0518503465129
0.0360665156238
0.0701575004709
0.0533863177583
0.0716003660531
0.0372853851396
0.075
0.0821990275386
0.077310886576
0.0788061436609
0.0705396841393
0.0469491517227
0.0457857606425
0.07292029394
0.0408400218338
0.0587961945124
0.0391713158906
0.0361520653861
0.117058684943
0.025829000721
0.0360358398943
0.0410372257334
0.0722606401323
0.050341450209
0.0425289915438
0.0409300667437
0.0341416883617
0.0340871114613
0.055799079064
0.080057450732
0.0421433205109
0.0291940404384
0.0462904939298
0.0552512723359
0.0555043109343
0.073961682679
0.0361707855688
0.067360671217
0.0677819740933
0.0488098594093
0.0865121112663
0.103083097735
0.0394279786046
0.0483628464877
0.0545861590551
0.0581094232764
0.05226843441
0.0627243358245
0.0438363508467
0.0531359440682
0.0464916925072
0.0282037788473
0.0716986382669
0.0743826099469
0.0568346215068
0.0451525911797
0.0320029065143
0.0613438349266
0.0443481570911
0.0431883804257
0.0397457664552
0.0523306447028
0.0719370953167
0.067124159474
0.0597425136839
0.0489875027024
0.0784153519457
0.070987868026
0.0828795447754
0.0468211505517
0.1
0.0491239004853
0.0823468536709
0.0712691381993
0.0372223360878
0.0224814398659
0.0626132240312
0.0262022693641
0.0619047619048
0.0676459129957
0.0485223009952
0.082112327182
0.0461018507785
0.0483114211425
0.0480021482801
0.0436559612446
0.0772503329899
0.0684085717617
0.0339099616517
0.071963291234
0.118587449655
0.0458969879818
0.0932488352153
0.0376518636466
0.0461229446003
0.0633803407798
0.0591823728886
0.0324554728039
0.16
0.0826092655997
0.0438956099481
0.0379436895369
0.0558979537557
0.0592183651431
0.0743498813346
0.0373972044568
0.0641846931063
0.0738656942053
0.0948456974103
0.0732505881053
0.0485542676875
0.0455159595179
0.0412892233393
0.094717613898
0.0390147151052
0.0455186095512
0.0472704841248
0.0400394147128
0.074088999075
0.0275862210605
0.0353923487947
0.0468264488588
0.0659969483442
0.0415399001086
0.0493956390321
0.036157116796
0.0336683484887
0.0331789521347
0.0554039699667
0.0848318952077
0.0407120565977
0.0295773701103
0.044166473885
0.0668350951426
0.0447091160962
0.0547189661024
0.034584195312
0.0582174688524
0.0564821389599
0.0388908419525
0.10366744919
0.051596127645
0.0509642130819
0.0488939116777
0.0518087865785
0.058070109526
0.0467550824855
0.0331030502291
0.0400218231919
0.061538454566
0.050032925904
0.0334769161841
0.0636229606104
0.0663837347498
0.0453709654631
0.0432702262599
0.0303343610824
0.0647409465646
0.0549450549451
0.0340821550483
0.0336831109549
0.0645327068874
0.0621515931396
0.0553282788772
0.0598915869819
0.048992747095
0.0816859005577
0.0760781740715
0.0869968784806
0.0437264739191
0.0897307628146
0.0524222423935
0.0764352487729
0.0691551760868
0.0377080668153
0.025875252941
0.0455564731722
0.0383508254249
0.0597265677441
0.0703999769965
0.0459419280275
0.0741313819054
0.0493434816991
0.0805143372642
0.0419918272114
0.0409190206881
0.0754226016145
0.0640748480297
0.0271716956289
0.0932692773215
0.124956203327
0.0490394363116
0.0843959745151
0.0395451714946
0.0526024587614
0.0677307125293
0.0594384483926
0.0337933043847
0.2
0.0772916256213
0.0518130192147
0.0403617447468
0.0682637757076
0.0589891179092
0.0717014712937
0.0435546680778
0.075
0.0738656942053
0.0908585926484
0.0646328718577
0.0701868182799
0.0513860339123
0.0426915819619
0.0931336865218
0.0409997821503
0.0431193720566
0.0452585355674
0.0447379529969
0.0759108731342
0.0307103164488
0.032421736493
0.0526797549662
0.0518327387373
0.0399050495551
0.0517777653547
0.0380053432475
0.0360305982489
0.030840168669
0.0606694226442
0.0634785677648
0.0470220472999
0.0282733293536
0.0551621067186
0.066744515059
0.0492923952391
0.0647437416813
0.037649791851
0.0804029476911
0.064829036713
0.0493327170425
0.10366744919
0.0944578121414
0.0512396713075
0.0721134366394
0.0584988080717
0.0591152776933
0.0534954752463
0.0502870549154
0.0475306278151
0.0425529513749
0.0445437764529
0.0367344587802
0.0448378269276
0.0538258490061
0.0514665703468
0.0418186973457
0.0364642968473
0.0780739717248
0.0467687166401
0.0531808836175
0.0342999706446
0.0756466793802
0.0719370953167
0.0556130453184
0.0678076042354
0.0505817392819
0.0669314157405
0.0837519456282
0.0910711133025
0.0464007224841
0.0972714521538
0.0577945769517
0.0844637671471
0.0870165488611
0.035100497286
0.0265255802374
0.0592070461901
0.0341352827216
0.0666666666667
0.0676459129957
0.043728397925
0.0848622479361
0.045321174607
0.0843593176477
0.0499607362813
0.0374415613534
0.0777268927561
0.0595817961491
0.0339744458477
0.0841091783943
0.0683740293233
0.0465881326769
0.0671042968759
0.035685945451
0.0468649893192
0.0657967737448
0.0535315485997
0.0366418916228
0.148139169317
0.0564438036793
0.0497393191295
0.036866889876
0.0577953791806
0.0336686014603
0.0717014712937
0.0359947883473
0.0545454545455
0.0655323608719
0.095314270373
0.05204689872
0.0472619990657
0.0418349045978
0.0533275219906
0.09558177658
0.0392605287327
0.0419267624722
0.0333581983597
0.038712186894
0.0987853321
0.0281132385872
0.0400948592467
0.0499575780481
0.0444444444444
0.0502656033628
0.0439153685856
0.0398134730881
0.0358309605022
0.0279806142465
0.043816059201
0.072605687205
0.0511920332908
0.0245214841866
0.0469530003837
0.0617803629786
0.0435264272911
0.0604296708052
0.0321910564852
0.0834737640331
0.0486323544424
0.0499020200644
0.0987654320988
0.0936761048117
0.0300584880206
0.0677032767254
0.0424232430548
0.0565489529405
0.0590504089279
0.0426978242361
0.0421359714439
0.0532092839415
0.0450608727233
0.0342144923928
0.0674964501843
0.0589633576948
0.0495225921629
0.04642553087
0.0324680343718
0.0681296820022
0.0461237396783
0.0513222849896
0.0280682643625
0.0604427753457
0.048524941555
0.0598072027729
0.0649470781211
0.0367457119927
0.0472176625626
0.066771482482
0.0824412894323
0.0408551246965
0.105110482742
0.0586186563777
0.0722632064878
0.0796439905309
0.0453288935067
0.0298160236503
0.0439467887575
0.0350427660402
0.0714285714286
0.0703999769965
0.04908545487
0.0549281265366
0.0503046581889
0.0523930412296
0.0500753203764
0.0422453177187
0.080570278826
0.0577502641905
0.0260875238442
0.0731102869047
