0.666666666667
0.687502669607
0.668181818182
0.769778084694
0.6575318976
0.767513236851
0.661144842586
0.599505694467
1.0
0.596040437187
0.694628896347
0.688052723722
0.759238359029
0.727941176471
0.774429164605
0.488616585402
0.825
0.72313335327
0.633333333333
0.726018541264
0.655851324517
0.42428765436
0.49243158219
0.875
0.719075236381
0.573610401892
0.643115950359
0.702712608968
0.48492307473
0.725868954234
0.516082846062
0.60693582296
0.457900323947
0.58165261116
0.645534741621
0.607420511532
0.689538529951
0.528278184949
0.547228500694
0.603579156678
0.698620905872
0.610536979637
0.70803424769
0.674779423114
0.901234233456
1.0
0.692970822281
0.476118512954
0.917796025275
0.825396825397
0.708333333333
0.549818057015
0.727719684643
0.418253721743
0.536802617321
0.758303744339
0.730223439444
0.700317734443
0.741717314384
0.503391298787
0.727032146869
0.723053876426
0.758254724988
0.483090553956
0.526385341821
0.495181401864
0.552347322588
0.814154409404
0.692307692308
0.383716894892
0.634125189114
0.560719551209
0.696428571429
0.539591594358
0.907945648149
0.860367091085
0.923076923077
0.736552233443
0.556966940155
0.71317864404
0.669642857143
0.700194296331
0.599889186186
0.736607142857
0.525250268816
0.580562209692
0.639350641089
0.593371703607
0.9375
0.861538461538
0.784688995215
0.504599236127
0.738643385843
0.656764583994
0.821090568515
0.625284088117
0.667796782358
0.681828156865
0.448908317184
0.707692307692
0.61536626391
0.698076923077
0.606060606061
0.754714344841
0.698344542831
0.836583091094
0.605037078138
0.641778101925
0.854292963242
0.596040437187
0.626007418381
0.728541423728
0.759620815356
0.705882352941
0.786816477811
0.535286936122
0.820366723445
0.72313335327
0.8
0.768665712636
0.668922916893
0.333328288916
0.426912767423
0.796623274547
0.683333333333
0.579555902975
0.751838629881
0.772727272727
0.617004740342
0.716202304198
0.606005716647
0.505114249313
0.429190730929
0.584477431608
0.633060140112
0.6745169223
0.809710551402
0.481247608217
0.46686119444
0.490967379025
0.6875
0.60220240188
0.691489315205
0.737508559098
0.667438518686
0.791536414788
0.598902492931
0.503558490286
0.748675042204
0.825396825397
0.708333333333
0.667873612571
0.452956555856
0.663485473991
0.564705882353
0.778996926975
0.603178185862
0.680872951334
0.608879192263
0.510416666667
0.626375829121
0.795077639487
0.618108596615
0.616082283423
0.712793779637
0.374463918466
0.524332995438
0.768510269214
0.627403846154
0.378187447763
0.642277791425
0.704346004139
0.568181818182
0.591471287039
0.947663291635
0.711711047223
0.65811965812
0.757559189064
0.555555555556
0.611092824424
0.73849609069
0.68023020054
0.690476190476
0.75357369387
0.463253284134
0.533142815444
0.695986491178
0.489345154026
0.869226293052
0.89010989011
0.737058112568
0.77757734599
0.792068661317
0.749928541085
0.755852394606
0.54185911574
0.787581843048
0.605770071939
0.538728772642
0.671328671329
0.789235482173
0.66357324081
0.719818018058
0.754714344841
0.785774216425
0.807439445176
0.64635013235
0.688645149985
1.0
0.56555845282
0.700175025718
0.718741122224
0.703874287605
0.625161850878
0.579215882336
0.453922074925
0.6
0.631466686603
0.589013904009
0.452033858752
0.510118654392
0.501466067
0.51373586285
0.806740828
0.585434173669
0.405597654414
0.624332108852
0.725272316361
0.771874325171
0.600446705285
0.619411513748
0.46091923758
0.554924259399
0.815682064208
0.690259693275
0.702132553043
0.581798542179
0.453904527385
0.374197882894
0.621674909669
0.664289075384
0.492572074836
0.85604307669
0.694554005659
0.660192763259
0.699488691581
0.559716820099
0.708870469799
0.390756302521
0.719183521656
0.708333333333
0.644269360843
0.332997102506
0.424218953773
0.709524323248
0.819473117451
0.716111325949
0.425424168414
0.653049285353
0.541666666667
0.511928315962
0.784576501216
0.57319308431
0.798517117966
0.831739269242
0.411712852706
0.60426326404
0.623853837924
0.792066840503
0.495716948853
0.51348029508
0.536976921962
0.457510859731
0.357894736842
0.813435499746
0.625275028954
0.310581831886
0.70580041805
0.535940109552
0.607829960992
0.787108615818
0.886958172289
0.935638474321
0.736807207319
0.449657067836
0.698150118172
0.704994611123
0.583620707607
0.730677649234
0.721153846154
0.815414211963
0.664302357383
0.857843137255
0.51406989857
0.70236019427
0.647511306116
0.661226265919
0.643509981773
0.571359697009
0.356546244604
0.538445480921
0.73125
0.958333333333
0.851839152744
0.735988577286
0.905703467383
0.698457606548
0.706925999768
1.0
0.643227923116
0.741179712493
0.607508053087
0.77649277889
0.727941176471
0.709893400888
0.520399075385
0.825
0.72313335327
0.759373785308
0.919791261769
0.712753511065
0.470861743042
0.443647023318
0.806682164362
0.704192181937
0.693097654414
0.655273956555
0.803050624598
0.510445341821
0.670302793388
0.62049847027
0.59143552559
0.314288734684
0.537331737252
0.798940592753
0.637050399139
0.693112655138
0.598272145223
0.496063376935
0.505050505051
0.606617647059
0.633481412932
0.787728363863
0.737508559098
0.817255270774
0.810625498683
0.696488294314
0.708870469799
0.79231410511
0.761904761905
0.634920634921
0.505380471954
0.455160159039
0.559418894391
0.571895424837
0.724014236443
0.577625902287
0.523998057683
0.548023769879
0.525
0.628731458692
0.725585143569
0.820855849363
0.75650700209
0.674158477192
0.449647952877
0.554860217007
0.69966477222
0.721153846154
0.411323971422
0.653266600579
0.667229022802
0.667582417582
0.568565649129
0.961359235688
0.725178372532
0.844070902088
0.897263127481
0.556966940155
0.692749108424
0.74916131961
0.773551968592
0.738062803964
0.772674243671
0.525096370298
0.675609880849
0.792671816198
0.728187322042
0.800446147525
0.846153846154
0.800316459874
0.557746915934
0.810541626297
0.859706159726
0.798900321492
0.593174905214
0.796001807124
0.723959470521
0.535111048101
0.587412587413
0.666666666667
0.707352941176
0.727272727273
0.762272864748
0.770533662261
0.879764641842
0.733182099621
0.741564856478
0.9
0.621651206558
0.733301708137
0.62635645062
0.743692286692
0.788602941176
0.81960049772
0.545806127886
0.825
0.7
0.590810781566
0.747720974576
0.718895748407
0.58919688127
0.43065686522
0.844602383637
0.67803513613
0.589628084764
0.674274324336
0.767731671851
0.859374325171
0.741883795702
0.488704992009
0.593693605847
0.574877168158
0.666617446405
0.755567139893
0.657991116249
0.776840117252
0.657841780315
0.496063376935
0.40404040404
0.686126166103
0.646860828713
0.735499363369
0.686531283998
0.727844332329
0.872377997072
0.779540783521
0.587229624065
0.772071137273
0.825396825397
0.606060606061
0.505380471954
0.428865503374
0.755244755245
0.690196078431
0.752806450784
0.671554304761
0.649332634679
0.671838202874
0.525
0.64614896055
0.698596256014
0.825984054491
0.799014587814
0.649753975125
0.578894066247
0.556369240126
0.759612677364
0.538461538462
0.442342881261
0.630176249461
0.786519565268
0.568181818182
0.452083333333
0.977674653496
0.814241804542
0.88141025641
0.897263127481
0.472222222222
0.663961148794
0.675
0.651102173317
0.878347780467
0.887502265299
0.54046728496
0.659195003393
0.657958497032
0.641893577865
0.966666666667
0.815934065934
0.766371149762
0.844019843809
0.796519643718
0.743652157625
0.706048806844
0.504830948172
0.773446514221
0.698614118634
0.610493407191
0.619230769231
0.61536626391
0.73125
0.808080808081
0.811315926949
0.831396838155
0.912198361357
0.736549111988
0.679859643658
1.0
0.67642526168
0.736581661439
0.620958913809
0.759238359029
0.716386554622
0.689011491949
0.603958840108
0.775975351227
0.72313335327
0.738888888889
0.747720974576
0.57073245369
0.648693147542
0.479803538914
0.912237719917
0.668903208611
0.543097654414
0.675924162358
0.763636363636
0.623464066568
0.655091193087
0.586336979587
0.53618950239
0.387431322903
0.61652286584
0.851008075401
0.623770125532
0.669301561178
0.573929592454
0.520393357455
0.462317290549
0.647064633441
0.595666619805
0.809018319643
0.710041033474
0.751845975945
0.718731522958
0.713286713287
0.708870469799
0.785068055738
0.761904761905
0.708333333333
0.464416808293
0.400828289657
0.539806664337
0.588235294118
0.809216707195
0.664896052019
0.702724797708
0.613401458299
0.522622068017
0.542020273312
0.71832168977
0.820855849363
0.730569619161
0.669443489522
0.492519474022
0.460427901542
0.726097073489
0.665764718237
0.469086897628
0.626350548748
0.778100734733
0.696428571429
0.571075725417
0.977674653496
0.802666072997
0.807841244158
0.897263127481
0.430576006202
0.655958549469
0.75
0.72232231739
0.824145884978
0.75
0.560702304959
0.606453580899
0.703909010077
0.581770156382
0.855101913628
0.846153846154
0.800316459874
0.537192730605
0.811222526526
0.891852963084
0.690713186989
0.593174905214
0.796001807124
0.718203818241
0.610493407191
0.721075613474
0.904043301502
0.8
0.647727272727
0.761020217368
0.751230393936
0.86142517553
0.759505862823
0.762850747011
1.0
0.62547453285
0.689160922501
0.658928423522
0.672664293617
0.686274509804
0.546752207753
0.562613896825
0.825
0.754136652233
0.8
0.79932562313
0.621889274299
0.644756804994
0.486910651876
0.798783760429
0.636368469464
0.501815530097
0.673680572615
0.66830338109
0.844444444444
0.659784974687
0.589866059203
0.624158375593
0.62268815288
0.61652286584
0.808349990672
0.610903291799
0.729526195382
0.587476742768
0.466504857535
0.606060606061
0.589945516643
0.604959831789
0.772391320199
0.735029665163
0.799052291523
0.810625498683
0.88141025641
0.598808251053
0.807498571616
0.759432570888
0.708333333333
0.464416808293
0.522014115966
0.839160839161
0.705882352941
0.665306450784
0.648698515447
0.609537081452
0.646460833138
0.400641025641
0.743553330365
0.804098881184
0.493617741418
0.591998455285
0.559026898244
0.479900625105
0.609436271465
0.759612677364
0.614611516731
0.415930970117
0.567318858381
0.655674400953
0.649350649351
0.41292689601
0.923399812325
0.872368421053
0.855544316394
0.78432091563
0.556966940155
0.730032796039
0.722163761491
0.788983675509
0.802872902779
0.78379347409
0.446891468371
0.601661027523
0.813389454871
0.593641681519
0.928571428571
0.89010989011
0.798268056294
0.74647425215
0.844290254089
0.861882724701
0.767288839556
0.58423685497
0.811386525948
0.723959470521
0.57133033446
0.671328671329
0.61536626391
0.85
0.818181818182
0.789882333582
0.773578255041
0.845041702677
0.639023502795
0.655854268825
1.0
0.75144740858
0.688967027858
0.592215043268
0.785844656365
0.823529411765
0.835044785835
0.599417282808
0.837317276225
0.631466686603
0.774364877158
0.694791261769
0.744062081135
0.514705882353
0.573896047664
0.849139120381
0.586454543859
0.582394463715
0.645668470484
0.7396120371
0.552123399625
0.697023149765
0.541694122444
0.554970448361
0.414661909899
0.665474878985
0.892857142857
0.662619076133
0.769920204055
0.579893022118
0.47522647938
0.411510956906
0.590277777778
0.599438473448
0.743464052288
0.739201558919
0.860352118255
0.872377997072
0.863076923077
0.678344947176
0.748675042204
0.888888888889
0.826388888889
0.464416808293
0.423906193415
0.763636363636
0.674135637436
0.72738321768
0.652594410058
0.590509105268
0.626685312599
0.522622068017
0.61689599478
0.699032616743
0.947778926286
0.636798371271
0.669443489522
0.499352428606
0.503916404428
0.723249041001
0.646153846154
0.40481543538
0.659010429461
0.613639074293
0.696428571429
0.483333333333
0.953129376943
0.814931908541
0.923076923077
0.802774959783
0.556966940155
0.631815296394
0.654013436211
0.700194296331
0.664062066182
0.819049884346
0.529594650766
0.730335192865
0.695176367448
0.608450295864
0.966666666667
0.789743589744
0.769678686478
0.89577429569
0.725871284491
0.846225767569
0.867760550121
0.491276802133
0.762146947055
0.746076466075
0.53623835132
0.671328671329
0.61536626391
0.63007709559
0.668181818182
0.765417349075
0.764020643673
0.879764641842
0.713648665644
0.734079651357
0.8
0.789502046868
0.639046894097
0.535460622437
0.743825189499
0.752941176471
0.79261946054
0.478899008605
0.825
0.72313335327
0.661864877158
0.919791261769
0.709025858008
0.645170554034
0.49933487449
0.556479405604
0.597458984241
0.645405273687
0.572422065171
0.636928806464
0.871590926065
0.50004671834
0.621830537379
0.45880338026
0.590187686005
0.738888888889
0.63705256486
0.648629065024
0.660549092173
0.584178335176
0.374197882894
0.624570656963
0.633223684211
0.633481412932
0.721668196952
0.613484661433
0.832380952381
0.933333333333
0.8273428127
0.555796088047
0.690196078431
0.717066512462
0.68056851654
0.721581684144
0.459656503861
0.503496503497
0.632178085632
0.763776446077
0.65699324766
0.738104976036
0.536187421064
0.506378595238
0.587784541052
0.613792349521
0.781530234463
0.892591319363
0.731943489522
0.483431562792
0.511754510158
0.645326963079
0.480769230769
0.444198303408
0.626350548748
0.548826972105
0.696428571429
0.589173379831
0.776608152209
0.753663753379
0.88141025641
0.699018333105
0.527777777778
0.673945692187
0.9
0.630301341496
0.828571428571
0.714081935628
0.480054262943
0.613347470571
0.74131167364
0.500836144386
0.897619047619
0.815934065934
0.852130325815
0.811858211774
0.728638948405
0.561898995893
0.752048413248
0.459435274587
0.467357776635
0.779921484079
0.539477813466
0.608398856349
0.830112147588
0.633333333333
0.909090909091
0.728608411344
0.700458601059
0.858465478041
0.721260559334
0.688004618914
0.8
0.643899196993
0.645197406218
0.607508053087
0.67093260924
0.863030505691
0.857069880608
0.65720565076
0.733836849041
0.631466686603
0.729686892654
0.844791261769
0.611213760042
0.549777850439
0.51879781067
0.743157483203
0.631751505824
0.483717875683
0.752983114628
0.759986629834
0.713540991838
0.682806785319
0.589866059203
0.586444285476
0.524144197643
0.56795499442
0.823011344286
0.634938820618
0.68931533992
0.549356752356
0.434809773921
0.641187768183
0.569631449791
0.62129320003
0.733515269814
0.76088348129
0.63626906574
0.628990304788
0.696488294314
0.523957219672
0.53088377728
0.62908496732
0.826388888889
0.411235640306
0.546654349432
0.463977893717
0.571895424837
0.745480872094
0.625443510903
0.535573509225
0.584809610066
0.525
0.670439257184
0.721403542755
0.727448864616
0.828834796551
0.675833331463
0.513653922769
0.5179239702
0.579143946569
0.741758241758
0.347644852287
0.530523821221
0.725857800562
0.641297821467
0.466040806534
0.893664475642
0.789473684211
1.0
0.78432091563
0.608726591169
0.683911281636
0.660371829878
0.716004614449
0.736607142857
0.75
0.399545135986
0.602914059494
0.611715815195
0.629761772679
0.918085974209
0.89010989011
0.782550746931
0.677590380378
0.866269180476
0.876197202821
0.65327969421
0.535478279985
0.762146947055
0.721812047164
0.395289208755
0.768655266605
0.666666666667
0.761764705882
0.763636363636
0.746281915348
0.79317811977
0.926008508864
0.722866287826
0.673418980804
0.9
0.596040437187
0.68433584392
0.637215043268
0.732168521989
0.849264705882
0.786816477811
0.660185212853
0.825
0.631466686603
0.8
0.79932562313
0.753103601307
0.62908496732
0.498348791906
0.772450229865
0.631751505824
0.484764321081
0.699869538606
0.822603973947
0.691105094402
0.713484386052
0.5770202094
0.623875625757
0.440578279267
0.630979188845
0.825463530936
0.582323134399
0.738347300771
0.516900244046
0.524493704372
0.456349206349
0.644456854254
0.588775394262
0.809018319643
0.78327864249
0.731683870471
0.684625483944
0.761217948718
0.635068330783
0.690697886435
0.761904761905
0.826388888889
0.644269360843
0.369996780562
0.755244755245
0.647058823529
0.747705879236
0.751257009712
0.642063033002
0.652776282411
0.386904761905
0.592265371352
0.813691476216
0.52389377004
0.671205033531
0.669443489522
0.494115920421
0.555767697789
0.723249041001
0.557692307692
0.459300348765
0.642277791425
0.762574853442
0.696428571429
0.553229608998
0.977674653496
0.872368421053
0.761148585773
0.830818734279
0.556966940155
0.668442800165
0.690534587235
0.750551214398
0.828571428571
0.836538461538
0.411668406322
0.65149864354
0.753338807726
0.555636432639
0.966666666667
0.815934065934
0.750213136386
0.838116032758
0.815781142926
0.918446409384
0.83765390965
0.504830948172
0.698446514221
0.736648943576
0.597722727129
0.671328671329
0.512805219925
0.646895647384
0.69696969697
0.65254688275
0.662579899911
0.867181048817
0.665593604093
0.738574495669
0.834542052658
0.440196603399
0.630759242032
0.618915350596
0.703870962647
0.380937139248
0.786816477811
0.576482157767
0.572727272727
0.539800019937
0.790624447867
0.512363922261
0.540943990812
0.495894504978
0.570447331718
0.742996730333
0.639471502192
0.3875
0.5211911867
0.715909090909
0.81076321406
0.585592816171
0.505152369428
0.506032001064
0.422222222222
0.717295485968
0.680736968225
0.663410153781
0.638954165028
0.504785187714
0.329060011259
0.46414890778
0.724826051475
0.417596842414
0.740987516811
0.704339763122
0.537134729441
0.640092001925
0.655518394649
0.708870469799
0.439215686275
0.794444444444
0.888888888889
0.644269360843
0.251748251748
0.62338851486
0.423053626442
0.719908629414
0.609079367011
0.435628897834
0.575284105048
0.503391298787
0.478876915254
0.694677796024
0.758254724988
0.524257705586
0.748355263158
0.546376520814
0.57129215006
0.604274155775
0.645958154063
0.448132111711
0.511506247312
0.606027535053
0.428571428571
0.483333333333
0.892467880092
0.602903980227
0.363301671319
0.716990561918
0.555555555556
0.580021248349
0.808167319528
0.747054844104
0.70790658438
0.923569366112
0.528957990087
0.705977081631
0.523438399536
0.59194978267
1.0
0.89010989011
0.815414211963
0.622794931612
0.857843137255
0.415204442931
0.798900321492
0.573614181795
0.843882427868
0.669909864213
0.446282317911
0.551651139708
