0.183964892537
0.0935171999668
0.145296276091
0.0804918128164
0.0795562127799
0.117766381438
0.123493377794
0.0756868501401
0.2
0.11666358716
0.107084270254
0.0972356342675
0.151665220262
0.0932550973773
0.108735763818
0.0918895014704
0.117372042901
0.13967520191
0.104865040442
0.132135841095
0.129172990178
0.087601341611
0.102636580688
0.165313664526
0.0973188769394
0.0989727943144
0.111153878074
0.0814529556159
0.157818280559
0.0780108439476
0.079056502806
0.104096463073
0.152122654099
0.0988588238061
0.0877342195952
0.0767680403242
0.0855599201216
0.0789747214373
0.133788178391
0.133323034725
0.115681723132
0.0886027105022
0.119931201744
0.121781955546
0.0957317801969
0.114918916668
0.0745655931221
0.118565633122
0.158815566835
0.116849985852
0.158524993349
0.153162910186
0.127180590804
0.110637119007
0.102776639988
0.126852438867
0.0921300024747
0.0996901080758
0.118863653551
0.0916410386808
0.14101228261
0.0883093083153
0.107557288567
0.0857338447315
0.0751150781921
0.0980704242453
0.0964295824545
0.131967456882
0.124620650635
0.100561888615
0.0831328246508
0.122142453489
0.149214014446
0.10699797626
0.100416283933
0.0766730909097
0.155589803057
0.133309579808
0.15734248701
0.106113969565
0.173838890067
0.106408358489
0.104018314826
0.157595484246
0.114592524843
0.0576780953601
0.116838278632
0.0919471918128
0.111587710985
0.120415229211
0.0965063873338
0.140554930724
0.0908750604022
0.128471386803
0.0939708427712
0.10472018029
0.166532199296
0.105051910883
0.0997274311776
0.215307472776
0.174261276096
0.0999920238567
0.143346585212
0.0763561739071
0.0861378886189
0.116596070892
0.11731353415
0.0708785946264
0.191103127813
0.11666358716
0.103863744622
0.0957929902011
0.145594183487
0.0921508487921
0.101266071536
0.099398031256
0.13323642113
0.134033146025
0.117495069326
0.142512810138
0.136199015913
0.0737853108211
0.102242778224
0.178422921756
0.0936852126359
0.0964163831539
0.10736465967
0.0863466728
0.172729965515
0.078328896013
0.0804123062345
0.104742122482
0.142094852454
0.0983482838164
0.0898051246307
0.0841620632661
0.0855526959498
0.0733045846665
0.144282159652
0.135419562117
0.109478101077
0.077548992033
0.105715735485
0.117256974786
0.0942015052693
0.10981642174
0.0634503965971
0.133762686924
0.154484165672
0.122095303375
0.157619645826
0.162565681874
0.111084298712
0.139909276916
0.0886324983143
0.114930500583
0.104755737757
0.107464158043
0.104873938054
0.0861170249455
0.1436248179
0.0922493629098
0.0978827684571
0.0953389255034
0.0794670836074
0.0819115911839
0.101614175477
0.131375561187
0.121663647193
0.122352671578
0.0913849299463
0.116315059528
0.139577648232
0.106076046061
0.113026405869
0.0778248134274
0.14609114938
0.125688146124
0.148244152094
0.0994188120834
0.178862582748
0.0976151941212
0.130586238754
0.149055508749
0.102802008859
0.0550325991817
0.107730999359
0.0891378167265
0.105717865894
0.123741330058
0.0927131328645
0.149654778704
0.0956682220052
0.125047460831
0.0982149698435
0.100269581609
0.185935510784
0.101153643089
0.098863859443
0.208568778089
0.164789838747
0.0982604379564
0.140482241786
0.0853165869968
0.0929016336136
0.125378682046
0.114920673126
0.0762987159011
0.2
0.117878731539
0.111265865897
0.0976276442938
0.148075320626
0.0878471196087
0.0864627827353
0.0844824965546
0.0996932649856
0.127405857479
0.0898428783673
0.147189674893
0.119863902031
0.0882649018906
0.0980529556535
0.179171996916
0.0933721294994
0.0902389269783
0.0983050394913
0.0878107958563
0.174582060938
0.0725984465835
0.0864726274207
0.0952858366488
0.148035135501
0.10889406753
0.0889935531701
0.0888167317545
0.0913966196641
0.0655291917657
0.131254418436
0.128274914365
0.111397109972
0.080900309958
0.121224311409
0.118256482123
0.0950998879534
0.101687284213
0.0679031164889
0.145372134823
0.143171260295
0.118671979649
0.148179261333
0.167963709013
0.0872994720295
0.115270813289
0.105533109537
0.126759439788
0.121608317305
0.0929527227863
0.117423695327
0.0951254465459
0.13356221288
0.0946108086835
0.0908336471004
0.103678002152
0.0887613312067
0.103144121431
0.114648191786
0.109975651564
0.131860814759
0.126716260079
0.0864858230751
0.115513857472
0.142548150653
0.0914259642284
0.0980967084097
0.0663950093065
0.114946814267
0.107956801923
0.157203716857
0.101413863674
0.17892436118
0.123218529946
0.128766147457
0.164569566208
0.109124617816
0.0673060110075
0.115953547008
0.0916330258247
0.110211305401
0.11764735702
0.0965843721871
0.120266656243
0.101894247389
0.118515252038
0.0930885068481
0.103059680263
0.151815230172
0.104840116336
0.093993339696
0.158043299047
0.155216044136
0.0981667570185
0.161598347193
0.0868227941915
0.0912026282629
0.130815205519
0.136085346534
0.0727600209478
0.2
0.124085179363
0.118810176075
0.0948486687311
0.145102574211
0.092965226802
0.0964948094178
0.0997018984234
0.117372042901
0.134033146025
0.111145073153
0.16287732206
0.143667122505
0.0852695581158
0.0945335980794
0.177334223916
0.100613580068
0.105115611454
0.0910990220773
0.0881076731453
0.161268553566
0.0748977308966
0.0810438937919
0.110635856422
0.111845235364
0.0971592339896
0.0901455912716
0.076245318889
0.0815480611652
0.0755492670483
0.137000237842
0.131416886921
0.107964550189
0.0832110590443
0.126357144243
0.12313125902
0.0955149307877
0.110115755554
0.0723785838085
0.143783618878
0.154186179773
0.109913840401
0.159047822285
0.155426680096
0.116565167726
0.118708529347
0.103408646719
0.120448424099
0.0949088268258
0.108484250546
0.105397546344
0.093589657768
0.131895233501
0.0914426247525
0.112533795901
0.0978605125666
0.0781212940195
0.0971417196964
0.0996895537067
0.116740115475
0.126931140111
0.105891195758
0.083795816403
0.112634583048
0.140741833541
0.10389404298
0.111143271167
0.075136978134
0.151249725052
0.141803745759
0.149876360047
0.103901807423
0.175129932403
0.105144838018
0.134496108212
0.169751420316
0.107901214015
0.0657197781256
0.119134440392
0.0931926457404
0.103935912879
0.124660303832
0.102054489989
0.144892706658
0.094960457666
0.131916134345
0.0972762951877
0.0996609094278
0.19038507752
0.109950768063
0.0930305239501
0.201454295146
0.183964892537
0.0968503058508
0.15063400359
0.079664562478
0.0932556695401
0.120312654085
0.130546137985
0.070751192514
0.2
0.127371587631
0.117222926576
0.0950590259146
0.145981600585
0.0905960068339
0.107129821936
0.107242904891
0.117372042901
0.123148793886
0.0974632840948
0.141961771533
0.13514589557
0.095185026561
0.0940115999138
0.168478703707
0.0941159245958
0.103435228407
0.107596854591
0.0887171138345
0.189988569495
0.0739411674635
0.0777473202815
0.11033284355
0.156115905643
0.0989050835786
0.0945638501231
0.0779821238892
0.0967803889842
0.085668816167
0.14014678068
0.134450149202
0.115781765944
0.0819658813162
0.12223634805
0.118581927133
0.100633105386
0.113503422967
0.0702667316519
0.133984026405
0.162182962995
0.116796211764
0.140115972066
0.155426680096
0.121180464582
0.135629730781
0.108381424435
0.125850041281
0.0967671674274
0.106647210909
0.113657636137
0.0869214428531
0.137592646216
0.0926786275251
0.105286288476
0.106221258544
0.0789301269317
0.0971309404197
0.101497578134
0.12187580467
0.123879350805
0.104249158605
0.0872044396634
0.124481545982
0.128435200227
0.096403734512
0.111133576783
0.0770649246299
0.155156684373
0.141803745759
0.133613352869
0.103054506
0.154859356574
0.107435828766
0.127430742179
0.160786480589
0.110853075286
0.0636195083025
0.111072234851
0.0896360638191
0.112083687201
0.122162598051
0.0978750158474
0.165648659021
0.093417136554
0.133496644637
0.0993910234285
0.093907747691
0.173654531122
0.109388025711
0.097481301331
0.207807320832
0.174261276096
0.100391858627
0.150450818395
0.0816290392511
0.0954286901543
0.124995242072
0.126446266126
0.0735257755634
0.2
0.130505393861
0.117286391531
0.0940433215255
0.151080970299
0.0941703106368
0.0991458953927
0.100381743661
0.122514364758
0.134033146025
0.119438965918
0.140377997514
0.135362787961
0.100947065081
0.102065356462
0.185257699276
0.091382513315
0.0952254995982
0.103725581948
0.0860806566
0.162217969681
0.0778904520095
0.0909411748158
0.101553775375
0.13215911663
0.0976435761897
0.0976851675373
0.0799636832185
0.0793729623756
0.0766559115717
0.143584671318
0.126405325554
0.112741904435
0.0765381474408
0.126513210522
0.120220462715
0.0985213295657
0.104576080806
0.0750161289861
0.143783618878
0.157083600965
0.116021864554
0.161442865811
0.148949307889
0.120394024247
0.120214474273
0.105237683839
0.122268224539
0.0934065978642
0.11708620183
0.105997699867
0.091371797949
0.130712188629
0.0920624571231
0.112533795901
0.0896959374879
0.0824322739092
0.0951681973582
0.0926626385305
0.117414313793
0.130622650378
0.10144031123
0.0865703725534
0.128806782979
0.149214014446
0.10067281478
0.111133576783
0.0819119723841
0.145889162401
0.141803745759
0.138985282947
0.103561382539
0.176569923639
0.0968516325
0.132681113252
0.164672563973
0.113372418996
0.0594244653116
0.12214892511
0.0901087454093
0.112058932581
0.123330018916
0.102054489989
0.149229976665
0.0968120021493
0.131884326348
0.0961928248847
0.100293720467
0.19038507752
0.109564340923
0.096670140074
0.196720652309
0.185679950824
0.104457231897
0.155914610907
0.0756438844284
0.0981940234253
0.125886012229
0.129104748318
0.0775791359138
0.2
0.1247429832
0.116706869954
0.0909913545143
0.140628083502
0.0909527415239
0.0903755387155
0.100822540782
0.117372042901
0.13494427826
0.117495069326
0.155429855378
0.126070184507
0.11606498571
0.102384299303
0.158735186344
0.090607987512
0.0902220076446
0.0985839038798
0.0844641222264
0.182898448051
0.0743901524274
0.0797894851117
0.105397312844
0.167235831815
0.0934243607031
0.0943692548422
0.0795962627908
0.0906513010573
0.0799865986297
0.138310416556
0.143335967115
0.105929716752
0.08284941836
0.121150426225
0.119823367285
0.102017537013
0.10386937154
0.0760698177438
0.152148053341
0.158324911405
0.111255223987
0.161442865811
0.148949307889
0.125505880352
0.144941507203
0.108727628485
0.110154131561
0.0900050956398
0.108883593253
0.109189551491
0.0804756825761
0.144955255657
0.0934235085844
0.087609079747
0.0878412348873
0.0724056369054
0.0922978540758
0.104022465139
0.129934265813
0.108531814711
0.110621601764
0.0844830993851
0.131186074856
0.146890878007
0.101856224404
0.104093472087
0.0777393611563
0.151288771153
0.119157603851
0.150585356991
0.105004163655
0.152701081592
0.107454190168
0.127612199618
0.170017650262
0.108178209641
0.0573134312637
0.113235680845
0.0873023911132
0.110782476277
0.124788541121
0.0960558787383
0.152152555474
0.10118120724
0.13328441476
0.0975896738743
0.098697125777
0.174449233309
0.109622906779
0.0961767494648
0.208568778089
0.174261276096
0.105282431264
0.15468985976
0.0832388583187
0.0897796874813
0.12375410632
0.127455374582
0.0729961938854
0.2
0.135498625025
0.11594182516
0.0932054402658
0.14943733809
0.0902841171309
0.102778309762
0.100113260416
0.130460028407
0.127192059822
0.112951006197
0.139775381281
0.145086084005
0.0911617292445
0.109453940053
0.193496209072
0.0822806922263
0.0965563240577
0.115150563566
0.0898171784002
0.179447205061
0.0690988047451
0.0822030251104
0.102065096796
0.11690450973
0.0937312401335
0.095996619781
0.0791962277636
0.0931496407491
0.081707103099
0.135288516837
0.135154617563
0.109375749552
0.0774797320143
0.12527079116
0.122839764563
0.0963371055776
0.110924316
0.072162598782
0.134384171693
0.15829082263
0.121436076778
0.172879585897
0.148949307889
0.119448907369
0.159901220095
0.106478127843
0.115435438541
0.103468866421
0.104944168047
0.109661692085
0.09723173231
0.13185523356
0.0920747114038
0.115615452827
0.092511390209
0.0815768872803
0.0998535583172
0.0941236419999
0.12170290954
0.116949265552
0.106098563822
0.0879157283044
0.121057991497
0.149214014446
0.106110631483
0.115727284691
0.079333550345
0.155589803057
0.132612123077
0.153499744243
0.101679608727
0.160256905498
0.103643754097
0.115276351123
0.173697371511
0.109643181627
0.0653855676661
0.12683397383
0.0867776781911
0.113517827259
0.118102618628
0.0955143760921
0.169628419874
0.0912993672576
0.124063746707
0.101256374822
0.0942478113571
0.182001602895
0.107634110486
0.101719007401
0.198111364529
0.174261276096
0.091223069535
0.144042028027
0.0785482517352
0.0909544232354
0.120312654085
0.121892588078
0.078281011233
0.174569722322
0.146315600918
0.113762775246
0.0939976651466
0.153532909435
0.0920276400135
0.101693522456
0.0997373819512
0.117372042901
0.132757733078
0.110406969665
0.16287732206
0.135197455027
0.0901791413003
0.102009708037
0.140157918998
0.0920134094026
0.0979074931682
0.0985202499256
0.0810385770353
0.204052094485
0.0717023961292
0.080799433552
0.0895726971638
0.155788566622
0.0966623147628
0.0904014547631
0.0791177401439
0.0859657293179
0.0774383740615
0.145038189075
0.144656653715
0.1065467999
0.0828131500773
0.11992663213
0.11403686587
0.104989840124
0.111810912631
0.0703995648668
0.118980936756
0.153169172806
0.115563005996
0.154793379959
0.173276667175
0.110570797596
0.126860116843
0.101684017366
0.113985091584
0.0947186775221
0.119493351955
0.108220083401
0.0888245172071
0.131534063712
0.089250690343
0.104289350938
0.116278524858
0.0877227228423
0.0988705030725
0.0940162596764
0.0947940387915
0.109915854288
0.105731931357
0.0938858909158
0.110842957666
0.149214014446
0.113127786793
0.0986354349826
0.0774711434323
0.159028516988
0.119355472052
0.137874732098
0.102454402864
0.176790518873
0.101230721513
0.126091248724
0.15267087254
0.107894745981
0.0578105118058
0.121055644543
0.0743810651735
0.109793143415
0.121633765451
0.0995953474343
0.153668122698
0.094301700749
0.111472028415
0.0939319132928
0.100610346278
0.161526483665
0.123679716638
0.0931410339479
0.174985552221
0.168780403465
0.0952990800459
0.158225445481
0.0755246868603
0.0891037725117
0.126708998344
0.129815557557
0.0683913819965
0.174569722322
0.12502386074
0.103051472763
0.0891164143082
0.130506625919
0.0987193157503
0.105229183359
0.0971063581149
0.10606640053
0.127192059822
0.112153015573
0.156232542762
0.114666211563
0.0932867902566
0.0972417228297
0.150436982926
0.0900430192362
0.0874278475595
0.100523534528
0.0853841178722
0.139901101432
0.0759221802482
0.077881459428
0.100651571478
0.142465076068
0.0886423932383
0.0934084646826
0.0776941445293
0.0800510345065
0.0767618803288
0.140990336337
0.143178321941
0.103235086607
0.0843870400172
0.122482104534
0.11685552544
0.102741451223
0.092696583335
0.0727772964161
0.120658190474
0.149684856868
0.0998736616989
0.172879585897
0.111195065396
0.123696370291
0.112882572408
0.0975103362435
0.108906794478
0.0914148307478
0.0820195428824
0.104322169018
0.0929878727637
0.141590213253
0.0921155064971
0.101301642352
0.0975512502976
0.0768588327334
0.0893256607229
0.097179328384
0.101251615564
0.122414094445
0.0950960087686
0.0900894253269
0.120964382301
0.137160868732
0.105538180924
0.0992239012598
0.080564625742
0.157854637927
0.123345139632
0.152586239566
0.101028148352
0.151413942031
0.0988937648096
0.117427428229
0.158968074736
0.107742370681
0.0640095698659
0.0993036461105
0.0959297795485
0.105216988967
0.124788541121
0.0989019004687
0.163483265419
0.0996630541105
0.135768941538
0.0947966136786
0.10324452417
0.166917003686
0.117519540981
0.0881969894864
0.208818292593
0.183964892537
0.0972326151179
0.149793106491
0.0777950246268
0.0919170623408
0.126536261105
0.123554806088
0.0762067111805
0.2
0.117662797917
0.111670526292
0.0956648536986
0.155145071419
0.0942336541057
0.103035105456
0.100440490012
0.117372042901
0.124210602089
0.117495069326
0.150983202704
0.140322438763
0.0968824627799
0.0985564487651
0.154344936312
0.0930645440198
0.0896329612624
0.106733141993
0.0935790114344
0.15296053051
0.0744048589167
0.074561131109
0.106131105895
0.121670323499
0.0920458684693
0.0950066931774
0.0794104256759
0.0853326393315
0.073689984343
0.142824170813
0.118604612492
0.109699148503
0.077762076716
0.127303004279
0.117853594877
0.101767757165
0.105370407137
0.0744573937845
0.132679830493
0.152258815046
0.115968090467
0.172879585897
0.167963709013
0.127642336131
0.132513964611
0.102914377578
0.11345779919
0.09450306142
0.102880104327
0.111718384406
0.0793535802088
0.134433914406
0.0957553004895
0.0911453321563
0.0919718140032
0.0815768872803
0.0935584578661
0.107045809347
0.108454265461
0.110089291094
0.117753377264
0.0843154599161
0.132170902469
0.149214014446
0.0996612254303
0.111133576783
0.0777393611563
0.142953383706
0.130326259131
0.153499744243
0.104624727353
0.1605340405
0.104378130045
0.124303523099
0.18127977825
0.102818523232
0.0613307612035
0.113622620245
0.0912006186569
0.112083687201
0.119795718804
0.0980795446071
0.165561642059
0.0962900837852
0.133514505035
0.0986067528115
0.090876859571
0.157483597064
0.106304838637
0.093024845399
0.198111364529
0.119017218194
0.0994142560896
0.127809214996
0.0758724531501
0.0860276204035
0.129471682829
0.122807915074
0.0743510915448
0.174165917446
0.0987601272276
0.112337698102
0.0941131060162
0.136950069996
0.0740678948885
0.102450999729
0.0829390112325
0.111029626347
0.12253925524
0.120041641953
0.149359631825
0.110092049672
0.0876207254359
0.109729726044
0.156278729611
0.0969895276078
0.0969150196818
0.0853334148408
0.0895116206905
0.17793875432
0.0787581058706
0.0839296647323
0.108070573737
0.125845157827
0.0966924014402
0.0957922318649
0.0882278895379
0.0948022575336
0.0726467998389
0.122394652125
0.134238103472
0.118606989192
0.0786211545804
0.117133376212
0.113732495703
0.0928457055711
0.106607375622
0.0713912984255
0.135796303046
0.138876932215
0.11234026998
0.156658286503
0.170005601054
0.0868716745424
0.120079642404
0.0854659205583
0.119536342861
0.117091264163
0.103945871791
0.111997270323
0.0896560530545
0.140208002479
0.0902731487908
0.105878144711
0.0998363907946
0.0821104069624
0.115159449559
0.0915212546114
0.100470384663
0.11671034553
0.117678532554
0.0843493773458
0.124158824267
0.133115115419
0.108732153264
0.103809344141
0.0728055863811
0.124278989394
0.111958947178
0.147058990456
0.103198196994
0.177797966017
0.103620142505
0.114393597878
0.155953730264
0.119835553876
0.0644680278864
0.113611909035
0.0875616850989
0.118610864851
0.124788541121
0.0989087822516
0.149006416917
0.110979611205
0.126068572959
0.0981754467286
0.0978266785509
0.166513007021
0.110002538777
0.0851865656679
0.165834297544
