0.124956203327
0.047952888858
0.0954626856451
0.0451136774381
0.0440298993122
0.0644753240481
0.0613349229354
0.0342372185759
0.2
0.0816026342548
0.0575790908369
0.0442392817436
0.080393365394
0.0638951615124
0.080292249697
0.0396010485928
0.075
0.0942930654278
0.0787317696093
0.0733980725355
0.0659338062652
0.0464802765141
0.0563418568293
0.114897375213
0.0461336865326
0.0514147924094
0.0538005390647
0.0415389402584
0.103554321113
0.034867158534
0.0429638379789
0.0554214023287
0.0623193828636
0.0495591737019
0.047189250449
0.0416600023948
0.0399694236222
0.0379115485065
0.0609811842156
0.0832108692185
0.0565974455445
0.0381301433399
0.0598032346468
0.074239424817
0.0531552498686
0.0847386243346
0.0355490769641
0.0715205935221
0.0860725083691
0.0615907855359
0.0946099306681
0.0868529277319
0.0752705314381
0.0579707303165
0.0619805920047
0.0698046881665
0.0622552898762
0.0574271167525
0.0640871687601
0.0603332178636
0.0628214087519
0.0395959678015
0.0723407656455
0.0441479553425
0.043484366781
0.0484987954439
0.0342932576949
0.0954740247502
0.0552763258386
0.0452501810923
0.0380345176097
0.0678248544298
0.0932390270596
0.0705091608932
0.0640194927718
0.0527812396139
0.0825009149134
0.079271377088
0.0998668837555
0.0539019023526
0.11462816953
0.0694909447602
0.064448533055
0.0813649274464
0.0533315683155
0.0259960861325
0.060695649544
0.0418036001006
0.0655389566962
0.0738364237631
0.0482677608428
0.0793827192619
0.0509374303651
0.0697366271907
0.0536263960441
0.052931774845
0.0920277612064
0.0688003007884
0.0347352767835
0.110022185793
0.1164061362
0.0578213538744
0.10423146043
0.0441801909528
0.0501429280542
0.0679580698761
0.0598740899775
0.0337002321858
0.181717185297
0.0816026342548
0.0519514044372
0.0462209234412
0.0748441805666
0.0569627884903
0.0738567556608
0.0394441839675
0.091070248935
0.0942930654278
0.0908585926484
0.0817249520773
0.0718281862846
0.0354432587904
0.0551758365979
0.117112103423
0.0470230817413
0.057722752174
0.0546762027389
0.0452781071113
0.106256157412
0.0349723226185
0.0440060689745
0.0559149727781
0.0602851360124
0.0471619975929
0.0431048221143
0.0481111440735
0.0417512655012
0.0328939783113
0.0700957382079
0.0822305637085
0.0522485607276
0.0336633320445
0.0503405518796
0.073550837736
0.0482978653518
0.076144177195
0.0307139171365
0.0853179528715
0.0792845689082
0.0632502429914
0.0996688620298
0.100741816621
0.0553162603062
0.0729806613734
0.0563089752316
0.0609421184072
0.0662815937614
0.0544614527028
0.0554272479554
0.0570342250803
0.0587316031138
0.0422742347781
0.0634756052356
0.0580653529883
0.0490951894591
0.0375041143235
0.0424250583344
0.0950223523764
0.0568365758861
0.0524131879386
0.0452047504009
0.0661105236158
0.0862972927634
0.0670430537903
0.0739422417879
0.0429490199171
0.0733993569397
0.0782802887695
0.0871524691507
0.0437403575622
0.111966115137
0.057933730581
0.0822051908639
0.075118977018
0.0447100787574
0.024402954292
0.0630781463549
0.0392098653858
0.0622396548992
0.0763700125382
0.047168064699
0.0888912853791
0.0502480636169
0.0781748365902
0.0546415895663
0.0451614548228
0.107022704846
0.0616983337773
0.0403179659157
0.10527167874
0.129871554326
0.050875161935
0.0994585885824
0.0467733780939
0.0566696161785
0.071148797697
0.0599778181499
0.0392293693267
0.2
0.0773197570899
0.060523836567
0.0445855983323
0.0755784726298
0.0539658162495
0.0607807160684
0.032602256352
0.06
0.0889411898279
0.0798365258844
0.0702653954484
0.0581241130869
0.047111796397
0.0474409501686
0.135524749642
0.0461278479895
0.0377794766876
0.041320482593
0.046089299954
0.0968073100584
0.0344788288213
0.0493994700564
0.047477452802
0.0655082644892
0.0643247023483
0.047797304596
0.0427077958037
0.0418294422169
0.0274521733553
0.0584386145164
0.0969459268832
0.0533960864894
0.0317231428569
0.0648465906171
0.0675990896937
0.0505984805109
0.0719433510919
0.0322752579671
0.0995640756688
0.057644343961
0.0632587539239
0.0881647037008
0.101203053957
0.0394050375446
0.0610530354659
0.0723516544533
0.0655730274101
0.0759437673871
0.0387347225099
0.0597768760161
0.0629939454491
0.056633682674
0.0441581633089
0.0582173763214
0.0725924652696
0.0594260069628
0.0479803033264
0.0480727848146
0.0690460619111
0.0626848393674
0.0647287314936
0.0367304907914
0.0681095409124
0.0781631957925
0.0487766092632
0.0653891260976
0.0366487927002
0.0491023410494
0.0710976074277
0.0689833712529
0.0524122830065
0.114899937851
0.0820980288308
0.086595253172
0.0828814681202
0.0493247623967
0.0314381207416
0.0687132453766
0.0428665438623
0.0604368746028
0.0681046870191
0.0515871282944
0.0703620814725
0.0574312685354
0.0616431756535
0.0529628171763
0.0556108889027
0.0891825095053
0.0672363901238
0.0370412228916
0.0726239076226
0.0947278824175
0.0544470947089
0.114419067267
0.0490809519928
0.0538922342606
0.0743161335445
0.066896650293
0.0363742401257
0.2
0.0798540864158
0.0629133426718
0.0414429793604
0.0751887916505
0.0651417288323
0.0701676672084
0.0398226388525
0.075
0.0942930654278
0.0894164010861
0.0949819619826
0.0723533582925
0.0496203506465
0.0490911184106
0.122790762294
0.0503476238047
0.057858438546
0.045724955469
0.048525564811
0.110611541766
0.0329175955274
0.0429105303987
0.0604789744024
0.0403620485934
0.04564991892
0.0490090080759
0.0414499210892
0.0374787434589
0.0376628365404
0.0653692366149
0.0944086535314
0.0501527785402
0.0348571722536
0.0649278929496
0.0735974939583
0.0509749766857
0.0793700188038
0.0382779224243
0.103668014829
0.0804216986897
0.0562334771976
0.0979725242104
0.0826845354384
0.0499723653643
0.0656462747648
0.0617939896905
0.0613374002769
0.0561965743268
0.0495021700209
0.0535025598468
0.0607647816781
0.0557284084844
0.0403163712826
0.0839961622707
0.0656250567315
0.0506940313973
0.0485988487388
0.0387285768459
0.0823321437456
0.0598826863252
0.0508834467594
0.0400628436388
0.0747846020186
0.0860667942088
0.068504311459
0.0737741339103
0.0436220805079
0.0806251999799
0.098315067693
0.0953301212259
0.0495738798161
0.127935545244
0.068403895202
0.0908154199809
0.0852450067926
0.0463134590562
0.032405469828
0.0714099403306
0.0440835230321
0.0593757746714
0.0741721847569
0.0508063378415
0.0788089388036
0.0518614006718
0.083723732254
0.0575439089074
0.04792971212
0.102514252122
0.0714945791577
0.0419362381026
0.101701261297
0.124956203327
0.0515794597694
0.0977538203634
0.0438003274294
0.0547872033749
0.0674430633865
0.0716826439684
0.0374198931395
0.2
0.091373264023
0.0622055759613
0.0435464354591
0.0747653348671
0.0643046071809
0.0800114852992
0.0446709567466
0.075
0.0930847643694
0.0790163032425
0.0805969251338
0.0637553281441
0.0550339861015
0.0449476856806
0.118893738597
0.0472443670764
0.0513243335976
0.051932213592
0.0445174287478
0.121009137573
0.0359385208096
0.0405220887762
0.0594876824078
0.0778359030995
0.0460665702249
0.0504700305596
0.0442479256234
0.0482538503879
0.044473766385
0.0633399016464
0.0929465082239
0.0579769786891
0.0349448384221
0.0644506116538
0.0733152284597
0.0508401179901
0.0795268115852
0.03707115885
0.088426204935
0.0806769606796
0.0615370114485
0.0826582138872
0.0826845354384
0.0514227428078
0.074733279102
0.0699812230155
0.0648150734822
0.0574116755807
0.0556553102337
0.0558065939486
0.0566102679343
0.0558237843697
0.0391482627976
0.0735736493091
0.0739808039837
0.0510073259678
0.0516020962305
0.041882897689
0.0856814043776
0.057750210621
0.0523721906004
0.0401925021637
0.0769179053527
0.0776539625239
0.0536312995729
0.0729973222644
0.050415840304
0.0829657347459
0.098315067693
0.0841813216267
0.052567815414
0.0927397186709
0.0633557762877
0.0875584734714
0.0877944283003
0.0480082968728
0.0308180697943
0.0617843577536
0.0410325981542
0.0699082204759
0.0742102290961
0.0500883645156
0.0917116236144
0.0506256104997
0.0779204660553
0.0585263748994
0.0402750679778
0.0994040793265
0.0744609726488
0.0429912580768
0.108106538921
0.1164061362
0.0570053728967
0.118018836162
0.045301901145
0.0581611312311
0.0722136961695
0.0674509785678
0.0362169466963
0.2
0.0900212529999
0.0611376741441
0.0412300880148
0.0805596560581
0.0619964796768
0.0679395958975
0.0435158100962
0.0740029291732
0.0942930654278
0.0898428807204
0.0805969251338
0.0597635891236
0.05746126821
0.0608717241307
0.133901873405
0.0439377437637
0.049302516548
0.0519400853776
0.0474248366698
0.08659314758
0.034874466854
0.0568091497256
0.0540498175448
0.0490697903402
0.0466922016476
0.0551273713887
0.0422604032233
0.0379321465665
0.0391098939475
0.0699035390135
0.0794473329658
0.0521170551232
0.0326728574972
0.0648289672747
0.0683405301041
0.050289918523
0.0734064712631
0.0372642583312
0.103668014829
0.081895947409
0.0593803897547
0.0946099306681
0.0833874729634
0.0525550709212
0.0678884222017
0.0622808151952
0.0656299736693
0.0626286983904
0.0594692892652
0.0513411511814
0.0600480458039
0.0498993310798
0.0409733532086
0.0839961622707
0.0609375526792
0.052836460925
0.0472457148413
0.0363680423932
0.0823321437456
0.0572784417937
0.0500121015642
0.0421306372396
0.0815745847281
0.0932390270596
0.0625735168709
0.0729973222644
0.0478241835678
0.0712378327261
0.098315067693
0.08397295619
0.0510589105887
0.117476607189
0.0590086471051
0.0876978032175
0.077174165795
0.0521802658211
0.0296110818169
0.0646600117277
0.0424948066457
0.0659368260559
0.0741721847569
0.0508063378415
0.0828623152645
0.0532828553778
0.0835227979585
0.0506107422841
0.049101290851
0.102514252122
0.0686871886473
0.0419410278269
0.0957471571171
0.150673883584
0.0571366574867
0.102883989262
0.0417471283787
0.0545664557056
0.0728347612444
0.066787026821
0.0399840320167
0.2
0.0846761346865
0.0568614453604
0.0416859063183
0.0690512174374
0.0584514037731
0.0659239427986
0.0449533756808
0.075
0.0962929094588
0.0908585926484
0.086198968601
0.0594934125429
0.0667524461294
0.0485415975281
0.10763868573
0.0436442943547
0.0486452233856
0.0477892231688
0.0401822422355
0.118638764576
0.0327436946112
0.0410539793089
0.0583497837549
0.0903960373112
0.0479063451744
0.0514395022286
0.0407798115277
0.0436864580411
0.038459522433
0.0645616290947
0.104509663632
0.0465392093783
0.0350269130943
0.0568598082771
0.0747283924365
0.0552979495277
0.0775498656837
0.0418085022543
0.104651920003
0.0838636396956
0.0563341010498
0.0946099306681
0.0833874729634
0.0590794690408
0.081726286095
0.0710680106795
0.0578184050183
0.0593324511067
0.0522941999229
0.0557467801835
0.0504426432969
0.062076255255
0.0449492837072
0.0531225252787
0.0485888603887
0.045259355958
0.0461336305632
0.0424956565588
0.0887487187378
0.0490958072517
0.043799624909
0.0409942417952
0.0847191855389
0.0927907992569
0.0549739920241
0.0667926717502
0.0533966924328
0.0806611347766
0.0778750007126
0.0944585389291
0.0520151232296
0.102355344091
0.0685168543374
0.0835056555951
0.0831773554308
0.0429030465343
0.027145315427
0.0712840499086
0.0368946270012
0.0697996239793
0.0743686770545
0.0501712490354
0.0822499210458
0.0553196531957
0.0840187505802
0.0566859631991
0.0486429293001
0.0988174963525
0.0721697037807
0.039078676112
0.10527167874
0.1164061362
0.0597967440241
0.106018283173
0.046466641041
0.0550366566047
0.0678348900568
0.0659200613215
0.0334701568273
0.2
0.0931955870728
0.0597640154439
0.0420677020075
0.0788875450491
0.0641738943017
0.0775666255088
0.0459299217027
0.0797445024976
0.0889411898279
0.0941392653372
0.0766892859454
0.069842763126
0.05037900375
0.062255643311
0.136434180327
0.0378123802454
0.0505988362386
0.0556185911237
0.0459966571565
0.099106070638
0.0317564265697
0.0474821401777
0.0577958692977
0.050429276058
0.0465115879357
0.0560204694192
0.0431428851748
0.0425781969507
0.04023974058
0.0637647874434
0.079559861664
0.048811890176
0.0302794842497
0.0610722836831
0.0767453469697
0.0525036229605
0.0773385683675
0.0401722015771
0.0942436498448
0.0816883319474
0.0655052654167
0.108498819557
0.0833874729634
0.0545087967456
0.0880623537416
0.0676757953398
0.0631586363388
0.0610276429922
0.050790307803
0.0540876036055
0.0627781472433
0.0517230427159
0.0394884087456
0.084690689355
0.0575490934433
0.052836460925
0.0474913701285
0.0371226397988
0.0837605969551
0.0608431238037
0.0447352965992
0.0412369281062
0.0723361080572
0.0932390270596
0.0611347557818
0.0760654818336
0.0495791252719
0.0825009149134
0.0827561394341
0.0949197802469
0.0509736413392
0.111649039255
0.0666232970193
0.0779978927828
0.0857568005934
0.0453630869959
0.0335417923147
0.0674888785926
0.041169503345
0.0717804775001
0.0733470742705
0.0509245800605
0.104430471469
0.0467009485871
0.0800585026703
0.058753797957
0.044244021807
0.0983642807157
0.0707675723166
0.0420288251991
0.0968530884418
0.1164061362
0.0467419184252
0.0953210918004
0.0447701033201
0.0565180446428
0.0674430633865
0.0651866945604
0.0396420092702
0.174569722322
0.107965618927
0.0585812237908
0.0393690893236
0.0793910717071
0.0646700123656
0.0736700227013
0.0408450974744
0.075
0.0942930654278
0.0816392653372
0.0949819619826
0.0724418055624
0.0518509960657
0.053497465703
0.0840825586214
0.0458313860065
0.0605974881616
0.0450935270598
0.0402209758564
0.124806193378
0.0309308990006
0.0409834813717
0.0464325610746
0.0761807975946
0.0532867271896
0.0441669904454
0.0447020029028
0.0408114157083
0.0393659689258
0.0666593787469
0.0979573275325
0.0469741362315
0.0339971013126
0.0582549699226
0.0607685858979
0.057528415538
0.0802941798902
0.0384461603215
0.0791704516844
0.079157691421
0.0588325903087
0.0913434816337
0.111177387913
0.0508767795987
0.0635959026051
0.0595239792905
0.0612082599106
0.0607763884016
0.0640856567069
0.0555342206429
0.0567511991065
0.0525734703006
0.0339987277551
0.0737682949151
0.0793121913138
0.058204512085
0.0515162693706
0.0363778964487
0.0613438349266
0.0489519692179
0.0467650506358
0.048253671245
0.0629871844734
0.0932390270596
0.0719545607094
0.0639124725352
0.0514627277525
0.0829657347459
0.073202488754
0.0828795447754
0.0509241335449
0.11324495193
0.0581639557138
0.0823468536709
0.076571894744
0.0438998421656
0.0255119596842
0.0725810597803
0.0330404229722
0.065146315714
0.0716485839632
0.052166686293
0.092260465874
0.053228461125
0.0535661838386
0.0556721948373
0.0469348140113
0.0843428176653
0.0827916369044
0.0427817105948
0.0813579709471
0.126010729923
0.0507571600954
0.11361932963
0.0402371171308
0.0508548335378
0.0704432313021
0.0677299348453
0.0335118682924
0.174569722322
0.0869202742333
0.0492153490496
0.0412524407344
0.0669299470853
0.06776150456
0.0762177944527
0.0409400525652
0.0641846931063
0.0889411898279
0.0948456974103
0.0894264064271
0.0526534629157
0.0524643021293
0.0477141037611
0.0978301640511
0.0425848043775
0.0474127353176
0.0500549149018
0.044285234334
0.0838960035584
0.0335164230209
0.0410539793089
0.0510348668446
0.0732399506639
0.045866653611
0.0505291335352
0.0397148567948
0.038061450456
0.0375687339823
0.0643587897883
0.104556705025
0.0454738159438
0.0342025398409
0.0570380256275
0.075422243327
0.0482538666754
0.0631955977055
0.0369728848999
0.0764401619295
0.0705603922753
0.0471653959507
0.108498819557
0.0556432727344
0.0582844426329
0.0576795355074
0.0587537582996
0.058070109526
0.0540082421004
0.0341893870657
0.0507577210262
0.061538454566
0.0573792370009
0.0398735233178
0.0655546401487
0.0684964124785
0.0492566006861
0.0467680602204
0.0363660921792
0.0696750671128
0.0587225439791
0.0383499371384
0.0398666389797
0.075214448303
0.0813797332267
0.0580390582089
0.0650453322685
0.0509468721346
0.0858862539117
0.0805790858493
0.0869968784806
0.0478210545711
0.10444737607
0.0566025305751
0.0764352487729
0.0719992205857
0.0464949347768
0.0299882594115
0.0551112428612
0.0454764769903
0.0622856891725
0.0743686770545
0.0515331284225
0.0891253404713
0.054957375904
0.0836022917834
0.0496618737687
0.0451909064355
0.0902192461624
0.0781610933551
0.03504180094
0.107380570136
0.124956203327
0.0541855009025
0.103668101795
0.0414700322069
0.0561566488749
0.0750348033581
0.0663204694597
0.0356370332203
0.2
0.0816026342548
0.0561215505307
0.0425789575099
0.0821512275142
0.0681847626956
0.0738567556608
0.0494049701614
0.075
0.0859597320944
0.0908585926484
0.0843807642995
0.0732715747167
0.0571048523125
0.0505703402747
0.0993587868281
0.0445802006635
0.0431193720566
0.0497110703808
0.0499550237372
0.0852061007428
0.0353336184767
0.0371662642468
0.0574142252002
0.0567329355652
0.0441401779244
0.0524606151737
0.0412030581161
0.0414434700007
0.0357269244726
0.0700406427226
0.0776030614489
0.0519432031774
0.0325710267751
0.066180654856
0.0776736127481
0.0521046450935
0.0715285601219
0.0399310330037
0.0937416167925
0.0759183833816
0.0593266156673
0.108498819557
0.101203053957
0.0582709929014
0.074733279102
0.0645972009323
0.0607847693889
0.0602567723324
0.0530277948691
0.0571451986369
0.0488730680487
0.0523398565279
0.0433011923975
0.0511722691248
0.0557976815529
0.052836460925
0.0474167940939
0.0417715782447
0.0780739717248
0.0536483944356
0.0575072304764
0.0419997900864
0.0887630909527
0.0932390270596
0.0586626720665
0.0729973222644
0.0533966924328
0.0708317438549
0.0859665663561
0.0949197802469
0.049903998091
0.111988065409
0.0633591788768
0.0844637671471
0.0887734757299
0.040232453499
0.0296691619569
0.0658561792509
0.0418321433246
0.0699082204759
0.0716146130536
0.0487376488991
0.0947431306721
0.0509350688119
0.0874472721668
0.0572655425263
0.0402750679778
0.0896441041991
0.0711545459363
0.0393140195713
0.0968530884418
0.0815452758278
0.0559796147196
0.0860243200476
0.0386793968536
0.049104443201
0.073240832138
0.0632229101729
0.0393149626306
0.158032606485
0.0645680655662
0.0546675187694
0.0394151402906
0.0693565511258
0.040138038371
0.0738567556608
0.0370644645704
0.0644665458675
0.0806078564946
0.095314270373
0.0703007819761
0.054855004555
0.0464738128279
0.0596531281407
0.105840856843
0.0428406650242
0.0449834658691
0.0398372337395
0.0469882558983
0.107563677843
0.0347730754806
0.0464901959881
0.0595487860606
0.0562699746706
0.0541960966395
0.045616559376
0.0440854231742
0.0440140468245
0.0324605966112
0.0510847309996
0.094123661551
0.0576019896647
0.0285262293452
0.0593048182953
0.0672946380585
0.045817183846
0.0663663869407
0.0345582738352
0.0995640756688
0.056944450286
0.0605374642979
0.107354534974
0.100421346627
0.0349632710696
0.0709225924797
0.0502987066421
0.0578915982852
0.0674888608786
0.0453131914531
0.0545584540511
0.0554289653574
0.0554302755556
0.0402377839343
0.0697253111901
0.0614281483782
0.0518906621431
0.0597463737581
0.0350607739865
0.0707529418575
0.0478301332284
0.0584557839301
0.0365363554554
0.0705433636802
0.0740110269569
0.0700787872661
0.0695601608136
0.0376078029428
0.0542451338635
0.0707196934757
0.0867175860371
0.0475227764592
0.114885144006
0.0631543183617
0.0759465965172
0.0859808931608
0.0528880289373
0.0325118386982
0.0559906960038
0.0428247526731
0.0749016647956
0.0743686770545
0.0525641862906
0.0680297936093
0.0573795093472
0.0660509844359
0.0575439089074
0.0451550279714
0.0926821984821
0.0698052118855
0.0304969275853
0.0871058060764
