0.124956203327
0.0420988975
0.0793696505685
0.0402084977744
0.0416587128492
0.054919081446
0.045696972544
0.0269798258332
0.2
0.0772916256213
0.0432926645136
0.0386590800642
0.061629608196
0.0473272686014
0.077745095445
0.0324522324361
0.075
0.0789221491568
0.0787317696093
0.0558675847655
0.0563535574773
0.0378722625915
0.0403958464458
0.108153516548
0.0443315303673
0.0493846555318
0.0456641899446
0.0352067682455
0.0748910108426
0.0269565587605
0.0355320751561
0.0461080440879
0.0574191860357
0.0385471597513
0.0418405920176
0.0373625828865
0.0300238571685
0.0277256435572
0.0480652157844
0.0615174901912
0.0472215838655
0.0285138654927
0.0466011927787
0.0601572161093
0.0489150869079
0.0748305580569
0.0321286557485
0.0529020569949
0.0627169022483
0.0515873015873
0.0897785603007
0.0711009003177
0.0638650461548
0.0440430436205
0.044478895596
0.0639350788339
0.0571638463957
0.0513495730135
0.0499373883935
0.0533129056285
0.05304579283
0.0295499856443
0.0654583495415
0.0381818690502
0.0363376083859
0.0365777657139
0.0311065376279
0.0922860513571
0.0532544378698
0.0334697375583
0.028996048809
0.0511771704932
0.064718099833
0.064424918281
0.0567558338734
0.0499662864631
0.0735377379247
0.0766540980459
0.0782303910265
0.046737417587
0.0892857142857
0.062253425474
0.0572607306481
0.0642359175126
0.0385626613831
0.0223492698747
0.0439745141115
0.0287677915605
0.0625
0.0640962069325
0.0420337196181
0.0507430588441
0.0434496109319
0.061501150431
0.0466901234123
0.046483298585
0.0748526894638
0.0530235690046
0.0256522176666
0.0868839911701
0.1164061362
0.0509698576871
0.0745769700454
0.0419285747134
0.0452407762063
0.0650207854919
0.0451591765152
0.0304524425435
0.181717185297
0.0772916256213
0.0410428252204
0.0435221439255
0.0582549769323
0.0430156714289
0.0717014712937
0.0330125852085
0.091070248935
0.0789221491568
0.0908585926484
0.0608049472741
0.0611837946718
0.0282975822756
0.0407501684653
0.109755166698
0.0436314969326
0.057722752174
0.0484817039168
0.0369071448056
0.09257654921
0.0266405850779
0.0378566332735
0.0465374039934
0.0510392764762
0.0386542508662
0.0390931775583
0.0395142686352
0.0324600191191
0.0229398008768
0.0535332948788
0.0667205763387
0.0449836881478
0.0249514292933
0.0430909924427
0.0641495626912
0.0435628995629
0.0647117930284
0.026677084021
0.0592421753278
0.0586841851706
0.0532467590429
0.0897785603007
0.0849897892066
0.0393875265962
0.0695748661721
0.0456901589558
0.0592726267117
0.0550063512051
0.0478208707724
0.0411522436424
0.0491798863852
0.0460515615203
0.0322115932177
0.055240399906
0.049131103957
0.0457686437731
0.0310598839615
0.0321777314251
0.0882739532276
0.0496326772319
0.0394216329577
0.033649568618
0.0518387798556
0.0576145504671
0.0635577660781
0.0652258511099
0.0411521211008
0.0634861342673
0.0712714162953
0.0677066115498
0.0388395004514
0.0972477269182
0.0526782732073
0.0690977814864
0.0597735191292
0.0338087402765
0.0216410622032
0.0521103616025
0.0281922623025
0.0593794603617
0.0659340659341
0.0402965967558
0.0650516822626
0.0428145222333
0.0695947150367
0.0450677883388
0.0392033897791
0.084271065243
0.048159443129
0.0307729080676
0.0789854465183
0.121420843411
0.0417747259477
0.0763519804817
0.0434277559379
0.0539822715204
0.0592736900688
0.0451848458987
0.0343237392621
0.2
0.0725297474971
0.04753620521
0.0403390555576
0.0558642514455
0.043829078866
0.0584458246707
0.0289857992671
0.06
0.0705888158235
0.0654459893344
0.0505385801544
0.0476584278758
0.0395164899947
0.036671116396
0.123213853326
0.0431226721322
0.0346420188487
0.0377402524574
0.0356016872049
0.0843748650343
0.0248470458299
0.0381718495357
0.0388787198439
0.0615881070269
0.0535660373684
0.0433693710328
0.034118150063
0.0290279315989
0.0207797866259
0.0376441929291
0.0747203819715
0.0448960157045
0.0227024226595
0.0543061895362
0.0616220000015
0.0449722145759
0.0619051072051
0.0291913225158
0.0746179441894
0.0392386108002
0.0532713225176
0.0833333333333
0.0944578121414
0.0302724638642
0.046134673878
0.0547413115118
0.0640148351609
0.0630577758943
0.0344578410888
0.0434932000491
0.0562055844402
0.0473413596058
0.033594581187
0.0501988634025
0.0725924652696
0.0565447596985
0.0338947000711
0.039015708158
0.0666414070438
0.0626848393674
0.0518607031649
0.0241645769681
0.0475921675224
0.0548094247928
0.0358163259645
0.0588255731083
0.0357456498001
0.0417488231434
0.0658658685056
0.0535940109552
0.0444536867833
0.103027153954
0.0755772600299
0.0792450540878
0.0611310499481
0.0331316492493
0.0264973230339
0.0456169924154
0.0302479149216
0.052474866308
0.0608894894349
0.04526795296
0.0502064473056
0.0490196078431
0.0515425618707
0.0438291114837
0.0517258423445
0.0683442379215
0.0528043494298
0.0316179966389
0.0469971045901
0.0873046021503
0.0477843415942
0.0930572514899
0.0433063387325
0.0478976777116
0.0648224003812
0.0475997671379
0.0312264609839
0.2
0.0712801079098
0.0479696453179
0.0365738571285
0.0600610245723
0.0473272686014
0.0657843115304
0.032222614954
0.075
0.0789221491568
0.081366674855
0.0699652102949
0.0619249275914
0.0375169727041
0.0380250808798
0.114698131896
0.0452149462754
0.057858438546
0.0411574972868
0.0392212537582
0.0832122342695
0.0245796924415
0.0351990552691
0.0500269345133
0.0370952507081
0.0383968035069
0.044541634402
0.0372946657926
0.0279313554176
0.0289969276753
0.0483308767519
0.0684891166189
0.0405335243518
0.0258261439468
0.051145743758
0.0662962897991
0.0475697079852
0.063904448276
0.0332492211473
0.0746179441894
0.059821314952
0.047619047619
0.0867310530421
0.0759392936229
0.0442194658784
0.0530230457289
0.0445812778146
0.0597792080278
0.0459087736447
0.0404911959121
0.0363643259124
0.0524585454775
0.0480733064881
0.0298356341248
0.0809713514568
0.0633498653314
0.0457262602893
0.0366778190088
0.0307059927026
0.0794465579048
0.0576923076923
0.0417969108635
0.0300034130955
0.055899847703
0.0597397844612
0.063100164719
0.0660832009591
0.0410577444167
0.0731902829756
0.0954360607467
0.0732832875179
0.042452359994
0.10808293855
0.0633161985993
0.0836930861924
0.0666403909002
0.0393877225841
0.0287227512068
0.0552837214348
0.0315717714841
0.0546557661027
0.0650887573964
0.043678715898
0.0481842738397
0.0450300903498
0.0758438832242
0.0500753203764
0.0430470584487
0.0777444277715
0.0570625384637
0.0318608992629
0.0754150290757
0.124956203327
0.0463262451485
0.0802899689225
0.0383425004018
0.0525477494932
0.0630153299961
0.056788213793
0.0343935993428
0.2
0.0865832544301
0.0499937638177
0.038190401004
0.0603291397245
0.0493806214815
0.0776765939015
0.0372213747443
0.075
0.0782913936728
0.0740695846583
0.0551757179848
0.0573145417611
0.0421420153927
0.038746844771
0.111536801871
0.0438884194378
0.049439206497
0.0445040472222
0.0372779354225
0.105468581293
0.0268484539811
0.0345336001784
0.0487085735046
0.0739157456372
0.0406379326532
0.0466224089558
0.0386545600038
0.0375442299229
0.0328852925166
0.0483308767519
0.0629792829309
0.0485375318634
0.0268283449655
0.0499027875071
0.0568075066992
0.0459169844256
0.0689110262876
0.0328776490315
0.0652477360073
0.0585417036785
0.0515873015873
0.0791444899837
0.0759392936229
0.0431102992162
0.0721134366394
0.0535332962107
0.0616986889838
0.0457782072359
0.0477837041284
0.0415488110963
0.0524585454775
0.047628086276
0.0303474721642
0.0710529736308
0.0691043745784
0.0455153479338
0.0403823035434
0.0327254319459
0.0824934309844
0.0492829148726
0.040966757023
0.0290064989303
0.0588892841069
0.0544154915317
0.0491631436052
0.0648257060037
0.0476008871532
0.0732556263415
0.0954360607467
0.0622810491047
0.0469055864747
0.075
0.0547548414606
0.0814253235977
0.068815165691
0.0406232478852
0.0273929414205
0.0463713611341
0.0296098095943
0.0666666666667
0.0658034396944
0.0428756084624
0.0717641714267
0.0430551158767
0.067910324243
0.0495640686622
0.0363826711537
0.0789114933975
0.0591432139806
0.0357394111861
0.0791916834778
0.1164061362
0.0490857177218
0.0894098991727
0.0407348448994
0.0533495783327
0.0675164249958
0.0499331220957
0.0312632333654
0.2
0.0795794425505
0.0508080636465
0.0361596188811
0.0624723593266
0.0480316346343
0.0657843115304
0.0378460649254
0.0711068089805
0.0789221491568
0.0898428807204
0.0551757179848
0.0512912516425
0.0484762107107
0.0488814696432
0.125809243007
0.0397859364109
0.049302516548
0.0436268151727
0.0373443841885
0.0741607025559
0.0264709770448
0.0452869481728
0.0456740633812
0.0417594080259
0.040539745733
0.050820175907
0.0367494805295
0.0291720441381
0.0283560387105
0.0547103141352
0.0575810728258
0.045440428684
0.024375900822
0.0525688681775
0.0615608405277
0.0455905637568
0.0597610538554
0.0340068832651
0.0746179441894
0.0585238347402
0.0493327170425
0.0897785603007
0.0653851559186
0.0425801386113
0.0588861584434
0.0466671524024
0.0638320595356
0.0541302849116
0.0524885266863
0.0392324042571
0.0548583927329
0.0401163951422
0.0307651755743
0.0809713514568
0.0588248749506
0.0483600571797
0.0366492439702
0.0277630621932
0.0794465579048
0.0550880631608
0.0404195630113
0.0316492760829
0.060963939015
0.064718099833
0.0593205816729
0.0648257060037
0.0458716571498
0.0613887555984
0.0954360607467
0.0608015115634
0.0431111241217
0.100920417276
0.0543817242924
0.079539131613
0.0621683691105
0.0412689905342
0.0265495247533
0.0460460294708
0.0314067358631
0.0624637326888
0.0650887573964
0.043678715898
0.0515416333638
0.0464515450559
0.0749426764051
0.0442273671601
0.0442186371798
0.0777444277715
0.0543941549979
0.0357375748037
0.080017637002
0.150673883584
0.0498816977054
0.0827676954166
0.0398222676664
0.0469206108925
0.0655306704157
0.0499839535882
0.0357255751753
0.2
0.0798861250937
0.0441868291977
0.0363727328767
0.0518378146757
0.0449786039485
0.0597422390282
0.0366806502317
0.075
0.0860968899893
0.0908585926484
0.0568320482994
0.0505677953278
0.0499719319865
0.0381501095254
0.100894827065
0.0387059866432
0.046615086508
0.0405876842608
0.0318051406716
0.102083063402
0.0251298396342
0.0330204839242
0.0486350022898
0.0860403067975
0.040539745733
0.0478913394583
0.0344348433409
0.0323276701544
0.029466675841
0.0446357888889
0.0785901267199
0.0378796098806
0.0266491474897
0.0452827375546
0.0600407321102
0.0505796861359
0.063904448276
0.0376831738159
0.0748510313817
0.0603834619172
0.0456691971475
0.0897785603007
0.0653851559186
0.0481102679643
0.0791064436324
0.0554054676775
0.0578184050183
0.0512813225478
0.045313437344
0.0431556446828
0.0434223310617
0.0536845448082
0.032883383676
0.0467140856624
0.0438787922633
0.0391473129208
0.0360948686853
0.0365579080261
0.0824934309844
0.0472183398521
0.0305690069559
0.0298800263965
0.0644726015592
0.0641080569606
0.0418605213814
0.0577280285595
0.0505817392819
0.0682290337593
0.0734123544205
0.0679028926786
0.0449162326767
0.084010762613
0.0636007488489
0.0769007249618
0.0643714821392
0.0339204158843
0.0231212190061
0.0549924355755
0.0253239816038
0.0663265306122
0.0659340659341
0.0432997810922
0.0625355320238
0.0497057589909
0.0742584729054
0.0466351670183
0.0437602756288
0.077969583649
0.0577376630867
0.0323276307225
0.0789854465183
0.1164061362
0.0544665415323
0.0885544317324
0.0423247344993
0.0514824664911
0.0596177763446
0.0496561445618
0.0293997388976
0.2
0.0884055774799
0.0471937795067
0.0359272617459
0.0608404191818
0.0514292667333
0.0754113411417
0.0387837008593
0.0797445024976
0.0705888158235
0.089810886576
0.0559323392859
0.06241068772
0.0360545918513
0.0495349174512
0.127442368773
0.0330752988337
0.0442916992863
0.0436673350923
0.0360146823984
0.0745695119293
0.025233962068
0.0383900047376
0.0471128599434
0.0460735455443
0.0393386769997
0.0521728478154
0.0365597354783
0.0333534879549
0.0277120595489
0.0449417253022
0.0627573753468
0.0397800266203
0.0226413596824
0.0505555017515
0.0655471231144
0.0479858922308
0.0667227830699
0.0368390730455
0.0678344947176
0.0569232543048
0.0555555555556
0.10366744919
0.0653851559186
0.0425423955712
0.0846565585404
0.0543804594043
0.0583895787561
0.0501983791162
0.0442201783169
0.0392692264808
0.0548583927329
0.0439086011428
0.0293360104156
0.0800371342567
0.0498423816651
0.0483600571797
0.0350391325356
0.0279610682818
0.0749940281676
0.0552571037281
0.0342407690111
0.0299863718395
0.0543176196085
0.064718099833
0.0539982066168
0.0678938655729
0.0459460188386
0.0735377379247
0.0782947479039
0.0732832875179
0.0418223648544
0.0917262050983
0.062253425474
0.0659020217299
0.0673456332253
0.0351002416397
0.0305446261019
0.0457728093933
0.0319735230212
0.0666666666667
0.0636064603498
0.0418182979342
0.0808562097926
0.0394909537081
0.0731690855342
0.0491667074472
0.0396647314257
0.0717640871737
0.0568906101108
0.0303581714587
0.0758720584898
0.1164061362
0.0391391373457
0.0792280567238
0.0417224936765
0.0525001733703
0.0630153299961
0.0516907483622
0.0321516584098
0.16
0.103175609334
0.044448563556
0.0331858347194
0.0632936980352
0.0487510942861
0.0716003660531
0.0333981107854
0.075
0.0789221491568
0.077310886576
0.0699652102949
0.0664678660959
0.0447767774038
0.0405742115779
0.0690196461583
0.0397311235393
0.0567660576348
0.0349661194681
0.0317069290257
0.108115614873
0.0212723577803
0.035269500675
0.0385490511156
0.0722606401323
0.0492142470734
0.0388660579122
0.03744027232
0.0290433033
0.0287273004778
0.0480018360189
0.0760859964383
0.0395563112622
0.026550730079
0.0448342940222
0.0531512014503
0.0525331727092
0.0703861136125
0.0355204760675
0.0585048513734
0.0553552703414
0.0488098594093
0.0865121112663
0.103083097735
0.0367725203089
0.0483628464877
0.046359923839
0.0581094232764
0.05226843441
0.0550220115988
0.0377948655722
0.0489991464269
0.0435306521053
0.0253894360664
0.0673774799613
0.0743826099469
0.0522663071797
0.038020697924
0.0306242011343
0.0589238792746
0.0443481570911
0.0392425774041
0.0349867569595
0.0435688395164
0.064718099833
0.0617336022615
0.0550370498337
0.0475751441218
0.0732556263415
0.0683979132599
0.0609359503948
0.0442919974945
0.1
0.0468687905526
0.0766489866401
0.0617592110116
0.0339421041067
0.0220836229716
0.0516979523825
0.0247843148706
0.0619047619048
0.0631800019332
0.0465415909784
0.0738632027996
0.0448168004327
0.0463449970355
0.0469951744293
0.0401563261136
0.0693836843875
0.0650046540155
0.031429073932
0.0669392441749
0.118587449655
0.0437174666066
0.0932488352153
0.0376518636466
0.0440411900986
0.0595106051954
0.0506980994212
0.0318729928408
0.16
0.0826092655997
0.0380596380089
0.035735597206
0.0524351702539
0.0537528604937
0.0723976853776
0.0354572757563
0.0641846931063
0.0705888158235
0.0867959711792
0.0644096547394
0.0452154485698
0.043973899103
0.0389668584183
0.094717613898
0.0390147151052
0.0414721958784
0.0441461259787
0.0369337113329
0.0703123875286
0.0242907466495
0.0330204839242
0.0439349780422
0.0619378546458
0.0380435232231
0.0455757204311
0.0323462231573
0.0291779386403
0.0278920725945
0.047319897652
0.0775508956693
0.0367525441966
0.025505994064
0.0428276450522
0.0630738267819
0.0407650216546
0.0508879992454
0.0332492211473
0.0582174688524
0.0500839349146
0.0388908419525
0.10366744919
0.051596127645
0.0481590262546
0.0488939116777
0.0427175911931
0.0547618571769
0.0454175811052
0.0319466561848
0.036452647742
0.0550114958981
0.0491056609828
0.0284470234118
0.0595898795252
0.0663837347498
0.0424471883646
0.0354663349989
0.0265164158643
0.0592610204763
0.0549450549451
0.029329484299
0.0286550271051
0.0586381199616
0.0621515931396
0.0523289230538
0.056338414693
0.048992747095
0.0769230769231
0.0760781740715
0.069845618229
0.0405207567957
0.0840645077608
0.0508927886041
0.0692964111189
0.0583200735044
0.0359631457562
0.025059430533
0.0382925211798
0.0331034559328
0.0597265677441
0.0659340659341
0.0425033671338
0.0599851334816
0.048126065582
0.0755941783335
0.0409848533607
0.038000238842
0.0693713334589
0.0586120869282
0.0249664621003
0.0856784936194
0.124956203327
0.0479146744416
0.0843959745151
0.0395451714946
0.0526024587614
0.0677307125293
0.0517520934695
0.0307479096518
0.2
0.0772916256213
0.0439103021147
0.0379675998251
0.0624939580687
0.0546435959041
0.0717014712937
0.0422561540047
0.075
0.0705888158235
0.0908585926484
0.0568320482994
0.0651785896035
0.0475966259041
0.0402401967675
0.0931336865218
0.0380343376588
0.041359920096
0.0419380007835
0.0406786320959
0.0689378439812
0.0269109039345
0.0316531110663
0.0494268502975
0.0518327387373
0.0387115403527
0.0495572509724
0.0356625835812
0.0319160783123
0.0259428479231
0.0511602517137
0.0572377110177
0.0452665767382
0.0249477565247
0.0539871739667
0.066744515059
0.0469353548507
0.0571676732032
0.035068965138
0.0705631478648
0.055261762619
0.0493327170425
0.10366744919
0.0944578121414
0.0471877347793
0.0721134366394
0.0488684443822
0.0591152776933
0.0534954752463
0.0473861333485
0.0429860617347
0.0378373745305
0.0425673755343
0.0335467335759
0.0448378269276
0.0538258490061
0.0483600571797
0.0344050006477
0.0329537339848
0.0749940281676
0.0448500606417
0.0475191562498
0.029464049804
0.0665950764926
0.064718099833
0.0556130453184
0.0648257060037
0.0505817392819
0.0602791612181
0.0811619908621
0.0732832875179
0.0433856410788
0.0916051970999
0.0577945769517
0.0768490069829
0.0717785520055
0.033275567745
0.0265255802374
0.0507639970654
0.0295105108822
0.0666666666667
0.0631800019332
0.0410114515727
0.0762204964978
0.045321174607
0.0794391587169
0.0490017135663
0.0363826711537
0.0733559378419
0.0567225052423
0.0330114278047
0.0758720584898
0.0683740293233
0.0445248643737
0.0671042968759
0.035685945451
0.042024653322
0.0624812678863
0.045419978993
0.0354664454406
0.148139169317
0.0564438036793
0.0410690861412
0.0341210181533
0.0513080745169
0.0307711997886
0.0717014712937
0.0347859266077
0.0545454545455
0.0622554824902
0.0879963374357
0.0498623131321
0.0422537703893
0.0393004678924
0.048733307166
0.09558177658
0.0382604510979
0.037003127412
0.03230144542
0.0360524047407
0.0937498500381
0.0238057588628
0.0380982610698
0.0458252353274
0.0444444444444
0.0480777521828
0.0395061412175
0.0384781468053
0.0304827482375
0.0234199479622
0.0356360977105
0.0646627786177
0.0470447375425
0.0196453061678
0.0469530003837
0.0617803629786
0.0393627181112
0.0538006108868
0.0308560823204
0.0746179441894
0.0440665422671
0.0499020200644
0.0987654320988
0.0936761048117
0.0272533011934
0.0677032767254
0.0362551420861
0.0549949576216
0.0571779069955
0.0368841953821
0.0390840718459
0.0506385163688
0.0425961416569
0.0306837859121
0.062842895086
0.0562312800196
0.0482535487028
0.0351707201173
0.0291243094865
0.0681296820022
0.0461237396783
0.0442624514006
0.0242822783987
0.0535777031815
0.048524941555
0.0560531068214
0.0609991089112
0.0367457119927
0.0472176625626
0.066771482482
0.0677066115498
0.0375505768699
0.0994442276878
0.0577921773822
0.066130056614
0.069057873295
0.0445096739112
0.0288553591306
0.0384566740669
0.0305661197222
0.0714285714286
0.0659340659341
0.04526795296
0.0489178632019
0.0490196078431
0.0491881365697
0.0500753203764
0.0411306964559
0.0768252749612
0.0547718361625
0.0231514400815
0.0670814304337
