0.218447914174
0.145408118152
0.190916446432
0.126007816991
0.129335702302
0.168233188653
0.164483931461
0.134105745235
0.259963530361
0.174320783121
0.156476630607
0.152714398869
0.188426991159
0.148268691267
0.156235676563
0.140962828153
0.173645569193
0.182748612483
0.155643487265
0.181075322623
0.175372927598
0.132166284281
0.151046766045
0.197878240193
0.140036398204
0.13942438966
0.16016912737
0.129558106395
0.196361879637
0.129468407426
0.12479293814
0.153499387624
0.201003260174
0.143457285564
0.141323565781
0.125479030915
0.136488335183
0.130077045884
0.183633616318
0.186153338321
0.165492666517
0.138957923727
0.168906325265
0.166359682349
0.15343889033
0.158807971935
0.12883639645
0.178197698962
0.203448544209
0.169119570519
0.201828753716
0.190297169372
0.168229670293
0.154404831677
0.152809370673
0.17380534907
0.139183204758
0.147865910119
0.164267936717
0.137056749587
0.186854030284
0.136467250284
0.151998013128
0.133294628318
0.122897218533
0.145668359125
0.144765225094
0.182933179692
0.171906485534
0.15197723717
0.133723122058
0.169307217887
0.181918322028
0.152171858767
0.137387685661
0.127164740745
0.202558982427
0.172453317838
0.201261869245
0.158771870212
0.206473040605
0.142224750776
0.152668863271
0.192102984337
0.164351842753
0.106938002328
0.167281087852
0.142792829847
0.160999231325
0.165776005342
0.143858820175
0.183570181862
0.152326192932
0.172001288881
0.141327912304
0.152815063328
0.215344478683
0.143042816892
0.150728620854
0.248401666609
0.209145833409
0.15360157011
0.192994613935
0.123874238815
0.134984132135
0.169329571193
0.159103879708
0.12981039723
0.25022879195
0.174320783121
0.152044440457
0.15392356645
0.182769034039
0.148032835544
0.152916573115
0.150990370897
0.189890831135
0.177705370524
0.169025186833
0.18853498671
0.176220537061
0.115512474556
0.150057666957
0.205619093452
0.138464865172
0.138741012232
0.160547548819
0.13331449246
0.208869060214
0.13024465723
0.127866019284
0.153358230112
0.191120074282
0.139936495339
0.140999232264
0.131447927752
0.135745723826
0.125200842518
0.191139112732
0.185506200981
0.158949583287
0.129791565221
0.158212334523
0.166984918643
0.147778594225
0.155926528902
0.115191405878
0.189351878488
0.200117548092
0.172955383636
0.200892529379
0.200421074431
0.153319608605
0.183244314447
0.140778252708
0.161266818622
0.148709223643
0.157377194077
0.15160633163
0.133585895266
0.189200039447
0.140924370236
0.138886723451
0.147233176421
0.129187822096
0.130129528664
0.154139220568
0.18366989224
0.169252491592
0.170004315036
0.140253055921
0.169524805033
0.172936073218
0.158547770044
0.14925523354
0.12629016748
0.19184571164
0.164586816407
0.199825028781
0.155124724752
0.216190810237
0.141612405529
0.175344088203
0.185007419228
0.15582377425
0.103353493344
0.156514490943
0.141381957943
0.153331392441
0.168585998363
0.138588398021
0.198079807217
0.152826850124
0.172457734553
0.145540083905
0.149814393518
0.227955012517
0.137920376792
0.15154754156
0.241340223178
0.203642635959
0.150787489717
0.184337805854
0.13273011259
0.141920560489
0.177626171091
0.155094953825
0.130707642029
0.259963530361
0.177827911589
0.159263995798
0.153325776208
0.182868558989
0.142492876323
0.137417518287
0.140234262961
0.15228114478
0.175479383434
0.149165409157
0.188135699279
0.165949709066
0.130748554358
0.149469849484
0.209480129645
0.1400627103
0.132783485339
0.150297599318
0.13675633182
0.206116356702
0.125053783826
0.130466437676
0.142629658364
0.197533898083
0.151318609552
0.142083193129
0.137219140985
0.139908045279
0.116037546275
0.182244118328
0.182955384965
0.160023308773
0.132264902762
0.172588676102
0.167450338846
0.151976370087
0.145185381918
0.120867878869
0.202614069582
0.184752105192
0.169090220295
0.190989056134
0.207486663724
0.130284545649
0.16248639875
0.15787459569
0.174529429078
0.167359834733
0.141306810904
0.164320050131
0.141646917792
0.180121340423
0.142270178334
0.133904948899
0.156607673471
0.139945663831
0.146813381336
0.161178104531
0.160320236193
0.176711906573
0.175096158488
0.132818577448
0.167736421532
0.174985137325
0.140629932599
0.135410068359
0.118885236386
0.161266511059
0.14843887768
0.200890039128
0.155649132001
0.216208935435
0.160516659338
0.176030673033
0.198275259694
0.162375446658
0.116757255809
0.163678456355
0.143363826111
0.157791524746
0.161041547853
0.143020467376
0.175256301019
0.160385446589
0.165918535528
0.141170717005
0.148578263433
0.196348849109
0.142847723656
0.143586764489
0.198882235822
0.189633914262
0.152210339387
0.20315101093
0.131891212186
0.14044514832
0.181951782798
0.17526760072
0.130344727005
0.259963530361
0.176208263975
0.163717804394
0.147476428437
0.182405588359
0.147031588192
0.143023379744
0.147572313994
0.173645569193
0.177705370524
0.162857242705
0.20890375493
0.186478404192
0.129440977868
0.14641343931
0.204466397006
0.146830768745
0.146005135544
0.145364244925
0.137401022707
0.199706620089
0.128009151815
0.124691006339
0.159700798965
0.164935976277
0.137154220406
0.144248903049
0.124832208984
0.132538394102
0.127339335725
0.184459472065
0.18647595756
0.154467161672
0.135981115078
0.178086581322
0.172899217033
0.151682293902
0.153594408735
0.125379849285
0.202895434446
0.199186991767
0.161773064142
0.204020825352
0.193988123644
0.162134276808
0.162341823721
0.151601299763
0.171494323392
0.139279669136
0.156485408839
0.152351964924
0.138736203473
0.179470480579
0.141285285248
0.154897331971
0.149024606781
0.127638570017
0.143363096952
0.1514018353
0.168430125355
0.175095896358
0.157544996439
0.131407854484
0.167458958162
0.176024314204
0.150625260742
0.145980857903
0.123962031872
0.19753573719
0.184372448263
0.196130793078
0.158755618686
0.213776260585
0.144939946735
0.181671729844
0.202672934681
0.158178772608
0.116501011771
0.167431834989
0.145248727901
0.150882502245
0.17034754603
0.147632648135
0.187309803031
0.155078102167
0.176508648299
0.145249909021
0.151132976271
0.231477241634
0.147444968603
0.149728971966
0.234750451245
0.218447914174
0.151587123419
0.190804216833
0.125028567016
0.145088380605
0.174322668449
0.170784490422
0.129089287771
0.249615636629
0.182018916342
0.162962710861
0.149859278185
0.185843366074
0.146501715179
0.155347993533
0.155701422259
0.173645569193
0.170859428646
0.158031088678
0.18755142195
0.178611801066
0.138093369207
0.14508096488
0.198873144184
0.139298156292
0.143716693341
0.159554920373
0.135451771061
0.220845280621
0.126618851266
0.125124246294
0.160082897
0.198341425181
0.139460602676
0.148136789561
0.12469065481
0.146322363194
0.13413232706
0.187778280741
0.186392861416
0.163112192313
0.134675247382
0.171840215991
0.16516621741
0.154507297513
0.155762140832
0.124216414784
0.189132268105
0.205274135647
0.168343937879
0.182969629799
0.193988123644
0.167910601768
0.17657906302
0.159351247984
0.174167108333
0.141105173633
0.157729667784
0.158897236753
0.13296583298
0.184891913231
0.138832233558
0.149091171773
0.156643088341
0.13055420491
0.147059250633
0.150988735287
0.175342287827
0.172719245258
0.155680121959
0.136446637867
0.175295412176
0.16647047243
0.146745982968
0.147570838944
0.129018987321
0.201634967346
0.184372448263
0.183426063193
0.15960070213
0.187562127819
0.150533198009
0.176514125946
0.198562837477
0.161412058364
0.116079808697
0.159662210478
0.142012005574
0.160909849179
0.166902158942
0.142305932576
0.212888863512
0.151856745638
0.175257380764
0.147981100882
0.143783542549
0.218606732828
0.1470975049
0.156166016161
0.241163832485
0.209145833409
0.154136282355
0.196115812741
0.127999084037
0.144612710747
0.179742936649
0.166714424165
0.129841048129
0.259963530361
0.187328920681
0.161767777209
0.147758426175
0.189093181365
0.149970570968
0.145631946311
0.149242281212
0.179005928974
0.177705370524
0.17127408606
0.1876469649
0.175036191864
0.142682359105
0.151236948282
0.210864590827
0.136994200542
0.139131815867
0.156052979767
0.134865644616
0.199192960769
0.130502876384
0.134963980133
0.152664315201
0.177455461012
0.138031371286
0.152993317237
0.126647532481
0.131316232144
0.127691187904
0.19103761559
0.179583449875
0.161298201543
0.129383183788
0.178320700116
0.170283427946
0.152326946083
0.148690143712
0.126653272221
0.202895434446
0.201073108701
0.166794925539
0.204913572301
0.183644157432
0.162410831621
0.167899567944
0.155875877929
0.169539815266
0.141145632635
0.165413756774
0.152392208261
0.13658972817
0.178216924969
0.14244634201
0.154897331971
0.139006901711
0.133736445631
0.141814459541
0.144459122837
0.170422341911
0.177032511196
0.155325874986
0.135214617356
0.179860484531
0.181918322028
0.153972431835
0.147570838944
0.132054127224
0.191169742242
0.184372448263
0.183862139139
0.158458193071
0.210131605179
0.140374868123
0.177479428053
0.197617410288
0.163073513657
0.110018667236
0.168777619684
0.142315166196
0.159747977371
0.168304854418
0.147632648135
0.190197676479
0.156553275273
0.172811306888
0.14299843325
0.150075659295
0.231477241634
0.145508959519
0.150627496461
0.234729660615
0.225243493014
0.157009588277
0.197979298448
0.123637887801
0.148565655061
0.177229210739
0.169836089397
0.132867891914
0.259963530361
0.180525356555
0.161473181222
0.145428770492
0.177246409136
0.146407203619
0.13605049777
0.150531461823
0.173645569193
0.180238230757
0.169025186833
0.198232001271
0.167957511482
0.152154397062
0.150377711942
0.191715295172
0.136853737698
0.133668163859
0.148729919499
0.129166246786
0.216388446217
0.126718095024
0.126550852003
0.155459247704
0.213431891303
0.13680070346
0.146855320768
0.126104460793
0.141751119808
0.129882569005
0.185141607088
0.196259248948
0.156565754198
0.136983887627
0.172743260754
0.16864773947
0.155487538613
0.148767946687
0.129410762145
0.206048473557
0.202948841897
0.160795360405
0.204913572301
0.183644157432
0.169870727054
0.186741265631
0.157088053621
0.159198633114
0.137344144197
0.15760917041
0.155523368289
0.123304080064
0.191478941626
0.142126304151
0.132982603206
0.139391437614
0.120515405753
0.141050766133
0.155292931464
0.180657667668
0.154840604811
0.157018719568
0.133196609436
0.176973959007
0.179684256267
0.152989928756
0.141364875657
0.129125350813
0.197335811424
0.161687236409
0.199867174464
0.159605169288
0.192658480065
0.150151282486
0.173588152153
0.201475845536
0.15815748952
0.107259659203
0.160343544883
0.137034977616
0.161177577781
0.170046615898
0.142365097831
0.195772347041
0.16081553734
0.173867010442
0.147628182986
0.148034496006
0.219320140656
0.146770998829
0.148593552467
0.241340223178
0.209145833409
0.156794817183
0.195076146148
0.128463940537
0.138261200254
0.175453380261
0.168840494124
0.130606702768
0.259963530361
0.188629375523
0.161370024192
0.14798686861
0.185113303208
0.148704668119
0.152297145566
0.152661068357
0.185587108858
0.172442096058
0.164603654589
0.186913546738
0.185798385436
0.136727728849
0.15883065128
0.214322452578
0.126823548
0.13799861827
0.163736481179
0.137067874975
0.209466873644
0.122585864602
0.126915344486
0.152337321737
0.166141166831
0.134080928978
0.150353831302
0.125633900757
0.144153845734
0.132125858226
0.182325688075
0.181456342369
0.159956866189
0.13123715263
0.177522853964
0.170418707775
0.154674383031
0.153623476119
0.12572758163
0.192861839323
0.203161662764
0.173538302611
0.215208754292
0.183644157432
0.163543392606
0.199021371286
0.156965641252
0.160255456337
0.148053110571
0.152858482498
0.154939649092
0.143899709461
0.179472043782
0.140353438271
0.15754480512
0.140506115388
0.13339471769
0.145896486941
0.14382656499
0.175625661814
0.166409768844
0.157226990353
0.137569468981
0.170089053757
0.181918322028
0.153637435627
0.150688535481
0.130825596687
0.202558982427
0.171336387478
0.198725306288
0.15987080309
0.204190534316
0.143915556067
0.167508301676
0.20503660341
0.160037696949
0.117448573857
0.172234795859
0.139622126114
0.163404072662
0.161435218991
0.141314220133
0.219204519072
0.15120549111
0.171787232208
0.149148385434
0.145466685724
0.225062924394
0.145040904066
0.157031169028
0.231897700324
0.209145833409
0.143246482324
0.187012434541
0.124402470904
0.139094081055
0.174322668449
0.16366936728
0.13484407183
0.219479982324
0.195990734906
0.158900708312
0.14587316321
0.189957881523
0.147126029294
0.149770794449
0.153932804693
0.173645569193
0.177989526112
0.164246826257
0.20890375493
0.181634736987
0.135930744567
0.151094017812
0.172046470882
0.140368232581
0.138219564371
0.147155276966
0.127090777888
0.233410896479
0.122834668375
0.125002416366
0.136382760821
0.205625153145
0.139041371627
0.142243203262
0.127309088378
0.137464804464
0.128377771897
0.191533574455
0.196976241639
0.153792908144
0.133770102667
0.170622766621
0.160470781319
0.161816325991
0.155445178853
0.124321365992
0.175282366857
0.198210605018
0.17021230285
0.19905289134
0.213439197461
0.154746705783
0.169154509499
0.152332566812
0.164296430846
0.144845454319
0.166982409484
0.154688862091
0.133779163177
0.178644498545
0.137417688415
0.146721174875
0.167629118095
0.137960408846
0.147371484449
0.14350651751
0.148771802985
0.155177542975
0.152322087422
0.143772224869
0.163417417293
0.181918322028
0.159999366155
0.134725972903
0.127722729332
0.205326348722
0.162737372246
0.186891957796
0.156601071456
0.214048235259
0.137208192054
0.171831416792
0.18657564825
0.158063340075
0.107566780289
0.167808972584
0.125040226171
0.159536227237
0.163968876895
0.145923089768
0.201794375397
0.155824827668
0.159520849155
0.14459811501
0.144453292704
0.207884246538
0.158070640374
0.148358382588
0.213791068532
0.206915288094
0.147711058117
0.199926359591
0.123766312518
0.139384598906
0.176851183745
0.170365546849
0.125975080368
0.226460170566
0.182254940642
0.151452293446
0.145148634977
0.168434450631
0.155592007489
0.153334582506
0.150758693865
0.163216427842
0.172442096058
0.170482463759
0.201311963697
0.156702175628
0.137943843323
0.148477234043
0.182807752733
0.136619198784
0.12996567561
0.154848860418
0.134580464402
0.179654682871
0.128034625574
0.124887951187
0.151566029559
0.192065192001
0.12896269556
0.14772521072
0.123828541498
0.129995711156
0.126721525201
0.18727214154
0.195073160266
0.153920058058
0.135899623242
0.170875008977
0.166458997727
0.155050904176
0.139503568414
0.125567182723
0.177995430512
0.194820408877
0.149247121219
0.215208754292
0.152868792974
0.167111281773
0.159777191054
0.149773116259
0.15741793592
0.136704244638
0.131995904785
0.152578208219
0.140447353809
0.190003616909
0.141835980718
0.144189762309
0.148524391312
0.129925913046
0.139804460807
0.146218008809
0.157021597002
0.169051317447
0.148283800998
0.140656806124
0.174195546151
0.173069757546
0.150659114721
0.136956256714
0.130603062945
0.204497094466
0.165770863196
0.198661295602
0.156135826461
0.191855371646
0.136552472576
0.165550089792
0.193245878056
0.156712576472
0.114357164651
0.148567033834
0.1448883492
0.156413479972
0.170046615898
0.145357211464
0.206290982844
0.157843361318
0.17611845283
0.141578867849
0.149094941738
0.21395278309
0.151911246912
0.139826483724
0.24454113522
0.218447914174
0.151909073074
0.192743482932
0.124788950695
0.141453663981
0.179437948008
0.164656942477
0.131690160807
0.258340871933
0.175794871308
0.157899891944
0.150056043314
0.191766668716
0.153022857245
0.152505342222
0.149140057054
0.173645569193
0.169132073451
0.169025186833
0.194308391105
0.182891028831
0.140633343766
0.148908133033
0.186869380472
0.136886798931
0.134198996999
0.157991970357
0.141537324309
0.185527642049
0.126862929434
0.121150720882
0.156727998919
0.167129493792
0.132226471949
0.149603886835
0.125999592624
0.134959319351
0.124420137384
0.190229865271
0.173050631341
0.157236581944
0.130796363643
0.178698326461
0.169398833616
0.154667325744
0.147597691207
0.125991477802
0.192637897964
0.195599675045
0.166019292899
0.215208754292
0.207486663724
0.171689800003
0.177497930774
0.154517474148
0.16120778813
0.141394837938
0.152727325065
0.157802150525
0.125164893495
0.182478285171
0.142281934796
0.133039365577
0.140198849725
0.13339471769
0.143697030068
0.155678698171
0.165358029058
0.158254361937
0.168156614914
0.13396956005
0.177030826258
0.181918322028
0.151609968296
0.147570838944
0.129125350813
0.188026086237
0.172543439536
0.198725306288
0.161232082191
0.198852474317
0.146621251137
0.171800171449
0.21098126283
0.154249417858
0.113436494664
0.161979612362
0.142384785828
0.160909849179
0.16531422932
0.144206767104
0.213885439988
0.155803914989
0.177169257305
0.146067863159
0.142173027913
0.208397113117
0.144304422072
0.147631064758
0.231897700324
0.161532277801
0.148090215985
0.173469968922
0.121973852232
0.135674961088
0.178985361769
0.165337483198
0.129520429817
0.227647981252
0.155207669269
0.160377189249
0.148076250313
0.174648000511
0.132776633983
0.154371375036
0.138606471918
0.156389810348
0.16980080772
0.175495743679
0.191435418364
0.1572085191
0.130043283416
0.156393775113
0.188469634467
0.140153850185
0.142223158644
0.136576318071
0.137022386319
0.21316325426
0.128295990216
0.128458287326
0.154264118501
0.170637097697
0.139452042823
0.146429538989
0.134701766014
0.142693586057
0.122112739298
0.175278717335
0.183728899094
0.166050584324
0.128524908376
0.166002834708
0.163888382586
0.147722813157
0.146292121969
0.124757385669
0.195589871029
0.180810330053
0.165010430665
0.204874433535
0.208186035299
0.132343018708
0.162231589524
0.135352296938
0.166828687656
0.161211530731
0.147298132727
0.158338147974
0.133827783282
0.183860003516
0.138301003086
0.148592478665
0.146475666424
0.135858695011
0.157264141418
0.142689191693
0.159027600049
0.162388757928
0.166105231435
0.133846755004
0.174380238076
0.169257758358
0.159625930208
0.143778674191
0.121181724127
0.169028317225
0.152395205516
0.194128704374
0.156714911478
0.208014825399
0.144573656765
0.161583873837
0.194834773425
0.169633636804
0.115843913698
0.159239060447
0.138237243643
0.166781195319
0.170046615898
0.144799139828
0.19312586593
0.164854196993
0.170624535629
0.146082125798
0.143331651068
0.213537240854
0.146792110165
0.136869880265
0.210599633595
