0.780173160436
0.760731164607
0.784797935332
0.0999250555352
0.717124520806
0.191039684945
0.729096113455
0.690142096012
1.0
0.189939326679
0.707151123786
0.827142382884
0.83836197918
0.827705115697
0.858490239947
0.170443619327
0.188598821634
0.23651021183
0.666666666667
0.199637828646
0.253060027941
0.586792906618
0.601035666553
0.239383210791
0.801592941698
0.681022137695
0.827470651988
0.776905376896
0.10737674362
0.0999303060579
0.66104868627
0.723338291238
0.569504070018
0.729576887681
0.743406311904
0.171675840529
0.144139286931
0.649624665299
0.1685875761
0.149505297206
0.789512390307
0.763770404299
0.0933422041959
0.780450432051
0.906548771477
1.0
0.11934608123
0.563658302298
0.118549791622
0.950138926758
0.830163773712
0.680531275387
0.077320257273
0.0899391607593
0.701719112188
0.828715229245
0.130500318941
0.773008134314
0.163656994176
0.18991518035
0.859688918405
0.770543084231
0.77595459957
0.141638741205
0.159176184973
0.599234327582
0.700333273924
0.893404617149
0.748511890417
0.524740218557
0.0739520525008
0.666602505656
0.839850059479
0.0746547789546
0.0337316764481
0.109492750388
0.955990593021
0.812729804955
0.196395123653
0.796492575624
0.765654477039
0.798750350007
0.156622854356
0.861368725702
0.671206372809
0.101143801988
0.131757236062
0.148095221591
0.172393820641
0.253792101998
0.135205691619
0.703945237413
0.78634320557
0.22294560857
0.224005912942
0.725265486896
0.816259619227
0.758070281932
0.592825050277
0.863174543555
0.728872757679
0.906337335242
0.813864995921
0.847527186434
0.0982007405794
0.869717353317
0.736868103682
0.722630549293
0.846929712583
0.19465909677
0.680190764221
0.881635114631
0.794684182669
0.779902198907
0.804440397571
0.133540491982
0.91070248935
0.214671091765
0.8
0.257715146197
0.101202038835
0.0634962949989
0.583822635254
0.229930619257
0.773996957596
0.762288211223
0.945214313235
0.806735448712
0.672626743353
0.816286966276
0.750322750636
0.761396334511
0.550237001219
0.671145051462
0.704139432629
0.739654008888
0.0848781129662
0.107914635332
0.172217578807
0.269676724431
0.749820431888
0.135254319547
0.759303187434
0.815150017502
0.833683876636
0.843670736454
0.702737890384
0.65264315299
0.826090036925
0.958441662771
0.807635194674
0.767788153561
0.215330119783
0.762815118996
0.711169723438
0.812494250816
0.104245124282
0.726961301376
0.732366352246
0.141141875633
0.711099612886
0.867495931717
0.100225888853
0.198041648121
0.183818565737
0.140998084616
0.680034147137
0.885935632088
0.183691264875
0.560244128631
0.130465150856
0.760614520185
0.750970730141
0.68129741483
0.980812891024
0.224654087854
0.850270497558
0.118510843124
0.728311205775
0.681674832839
0.168985975689
0.769666078638
0.283795537714
0.849679238325
0.699016825654
0.12553853497
0.772148130366
0.639763595457
0.199210158501
0.0618457062831
0.129692031128
0.849956592987
0.0988380586437
0.81078517755
0.118434519222
0.140012108608
0.893349401496
0.724841807546
0.636301742837
0.819545460116
0.222837935601
0.738684219774
0.817596783557
0.858109404698
0.864280496939
0.83108727213
0.713531139353
0.784359992395
1.0
0.0996438984905
0.75392930617
0.79816260963
0.809592969958
0.687694939509
0.64962013768
0.0842886734501
0.665595422565
0.270286468752
0.673555035796
0.298787452545
0.208940699704
0.614936684501
0.260790693723
0.145390707521
0.75820374291
0.0628571325309
0.77852143485
0.820040399426
0.250171893219
0.75235703028
0.737412846053
0.668330506514
0.142627814003
0.867469160244
0.7784402941
0.159666419891
0.671173556372
0.581412367846
0.165523606428
0.729079263014
0.221368560322
0.6570388619
0.0826644849448
0.784143514756
0.837383036742
0.738045981051
0.696939967656
0.0752475391143
0.6036216808
0.909405650893
0.823848916269
0.818889370853
0.44403069443
0.572736305138
0.798012940826
0.861468112765
0.755587574603
0.612837170608
0.781165851163
0.226318914048
0.687038250066
0.81846377489
0.674686049685
0.899747873139
0.1708039858
0.193180950305
0.748741492093
0.658432931873
0.817572123114
0.616390513863
0.148722178339
0.727246676602
0.654839964851
0.219297482347
0.894075586285
0.105375740163
0.565638428799
0.238464438316
0.189032656528
0.723337084908
0.778831583816
0.982516482123
0.149481708044
0.857042294602
0.612596134022
0.145199734043
0.759763681945
0.667152832299
0.192111667339
0.825938730832
0.10688182141
0.363768076382
0.15842260953
0.621297931464
0.741486778661
0.772603688661
0.91238710431
0.757997317442
0.678574019897
0.553529428355
0.544250102521
0.873260080249
0.132779996858
0.0990278035388
0.805383948355
0.123361071341
0.750962644195
0.743092548663
1.0
0.142516267333
0.778183678947
0.728239938529
0.829063636004
0.8299288233
0.753718494904
0.211177198566
0.188598821634
0.214671091765
0.759373785308
0.149815829798
0.748859503006
0.587924727798
0.0812131397229
0.389134007219
0.829467330926
0.806588306079
0.878349009269
0.887874327192
0.643917115662
0.746704898782
0.696882105779
0.720645272019
0.23688327857
0.677019619375
0.0913086076248
0.730582544331
0.728522159821
0.115060595956
0.145044168735
0.372542922454
0.0973207724708
0.755866781477
0.133222463443
0.802530957268
0.877307585855
0.88915159781
0.815167911604
0.0752475391143
0.861464200907
0.897542868386
0.808365525424
0.702546866621
0.509561073296
0.134521487604
0.139572534298
0.778542985264
0.201144977302
0.674693037783
0.679518327686
0.0756333379323
0.722319596465
0.799683213389
0.911888423745
0.148189142378
0.140986606708
0.55299212338
0.662196173978
0.775338619709
0.806429949048
0.558638785274
0.120234080036
0.828597447823
0.799325871119
0.146281196505
0.961359235688
0.114936533761
0.906973273844
0.978832502707
0.348513612052
0.053252347604
0.864663508397
0.856183451954
0.842177242486
0.879939520967
0.667361747755
0.106368444466
0.820412657295
0.761390826226
0.0787593353854
0.846153846154
0.128742597668
0.693614423761
0.202571356914
0.944387646092
0.836406111255
0.14270157074
0.906564364667
0.803594816179
0.644456453932
0.773130033362
0.780173160436
0.848946783785
0.807850194256
0.134683741065
0.812329454766
0.921516118322
0.841385235716
0.778838311706
1.0
0.174254581735
0.162596682792
0.777852006159
0.821700321074
0.859160281221
0.867793350104
0.189651982926
0.183955611184
0.749242454628
0.703753774179
0.21351866154
0.157488324916
0.0686760612178
0.550516534096
0.221737469737
0.822485364849
0.668187799714
0.875060148066
0.0846790313699
0.917475741748
0.809587037881
0.685694805037
0.814966038156
0.167315219658
0.765726605564
0.837064352408
0.717755409879
0.843521104069
0.784278612875
0.187794861911
0.336513719796
0.776600509815
0.780372577045
0.798089062915
0.728363276147
0.821415429153
0.902459996971
0.109752027547
0.6747332397
0.844466982594
0.950138926758
0.0703199092942
0.702546866621
0.163577357835
0.263975849504
0.816857132618
0.781338196141
0.215444239429
0.716257498928
0.785235795495
0.0274444481536
0.77268050698
0.800777894397
0.867147621257
0.146296437055
0.1786994007
0.218680642205
0.665387931458
0.850188387401
0.653094902594
0.599840436421
0.138074494891
0.853857222171
0.762839665868
0.140625789414
0.982012085335
0.152307247993
0.95232314244
0.978832502707
0.694563250987
0.754606952335
0.0175125767139
0.799077688997
0.857142857143
0.96315968111
0.699478611101
0.0487248470459
0.775921831816
0.763718715508
0.146805384502
0.225664525806
0.156609173545
0.862077909829
0.131368347891
0.832255125189
0.806350410184
0.121177563628
0.906564364667
0.832273363836
0.709716797414
0.803543156693
0.728872757679
0.872317037616
0.929717215315
0.137446813624
0.862730946797
0.973011585448
0.829505154739
0.771637872907
1.0
0.150832999965
0.750079278654
0.753983778158
0.827294111078
0.843446606435
0.723234357704
0.226782485171
0.226321002515
0.214671091765
0.792397109553
0.202759906268
0.237937953414
0.160588936828
0.627213098007
0.25199034918
0.78407294187
0.701988242047
0.917866981358
0.86079444528
0.130135749556
0.795580515326
0.788262475566
0.721041236835
0.248818636681
0.762673182793
0.924224586951
0.684674093313
0.720503774602
0.667882521347
0.600056828181
0.22184465216
0.759599044116
0.728778362591
0.850662891811
0.761084872623
0.82998145667
0.810974814376
0.832875838534
0.0752475391143
0.244678241078
0.909556404952
0.830571933959
0.658643096705
0.556012521255
0.649050566731
0.702292437828
0.874993808571
0.0389010155446
0.77404272051
0.735695268559
0.616628780199
0.725472544189
0.772949740112
0.911888423745
0.23443021691
0.740449349516
0.17126312095
0.581723958035
0.804149112665
0.756498093595
0.6087174136
0.126132384499
0.889689797654
0.839850059479
0.635877587175
0.982012085335
0.173846965121
0.256892528507
0.978832502707
0.218704544306
0.170750746867
0.823433161419
0.814107915194
0.874545325165
0.833732635647
0.728624685333
0.11705511197
0.237631818029
0.704703322897
0.845569296393
0.864258185034
0.128742597668
0.678050121293
0.202455009595
0.893506682118
0.747100351108
0.186585516453
0.906564364667
0.786128828072
0.7178999179
0.822989463893
0.904043301502
0.85989445898
0.824903742744
0.155701450989
0.183523018407
0.920679077267
0.79220486098
0.819082755636
1.0
0.12657572163
0.131999574612
0.760937492164
0.75587605289
0.094111234425
0.111725690199
0.170650202874
0.188598821634
0.229921373719
0.8
0.132166609521
0.17489488275
0.143260404311
0.105407166403
0.162006809807
0.694764653087
0.637292788686
0.873829761423
0.118317935062
0.230156619558
0.800082003709
0.686909144122
0.756134095972
0.745412254232
0.763389725307
0.853801992748
0.0876160634769
0.0877235835351
0.683947557187
0.158877304206
0.364313700043
0.194302088647
0.718623307749
0.169137584323
0.752628974659
0.923549517098
0.889265409204
0.934948938668
0.784117044621
0.836121179066
0.835368395901
0.830571933959
0.658643096705
0.128504170228
0.253960264122
0.801013612767
0.141966397516
0.235093206715
0.705794512918
0.781010613015
0.0293624244968
0.862637613842
0.842481931409
0.110777793393
0.245223244076
0.130358447003
0.172752080494
0.761722047863
0.833904545834
0.183266319358
0.172106088107
0.682039006578
0.831156049738
0.825290973977
0.183600636929
0.888776213211
0.0754731036089
0.162988705504
0.150374763002
0.319760424027
0.0518317445267
0.118694799556
0.886396258698
0.864894965563
0.906196250363
0.630087122802
0.0743777349464
0.0805937588505
0.671235793479
0.939326575804
0.177797313667
0.142872190323
0.821391785443
0.183625606931
0.161859797868
0.155068606914
0.126844768608
0.913751721231
0.816477308804
0.644179855929
0.819545460116
0.728872757679
0.879436887809
0.870148794414
0.833684262985
0.824102899294
0.0876108922031
0.740743101258
0.736909715038
1.0
0.334129298735
0.76358987271
0.745373060194
0.841905473976
0.85320767105
0.851566203364
0.0998030441595
0.260035901084
0.199593229584
0.856948987845
0.13064549866
0.222253951593
0.0696958596499
0.668034618262
0.879872019029
0.668494693764
0.116297153456
0.829356680548
0.791428623407
0.0844798484352
0.786190461973
0.734924860166
0.709662106449
0.501355055936
0.753172814697
0.961571407772
0.696400662027
0.156374631355
0.210732902583
0.186872857503
0.194365580634
0.0997384531693
0.693518363493
0.834764214364
0.798311496641
0.900334769706
0.92015080973
0.905472914591
0.120674506246
0.806520980444
1.0
0.917418524523
0.658643096705
0.54142591543
0.842442712941
0.796112011199
0.194794823683
0.126234798115
0.668240507451
0.730106304965
0.62292474512
0.75627468144
0.764076620245
0.932221864419
0.0728266481145
0.738016498093
0.171836547918
0.645577666654
0.795054364353
0.179090646055
0.550505901248
0.10956258876
0.709186380878
0.839850059479
0.604394946068
0.982012085335
0.144406320098
0.955990593021
0.161886868504
0.202621107198
0.737111807631
0.758102934238
0.804239920659
0.741402204066
0.943470379086
0.680516522513
0.0689123488236
0.180908884844
0.71593174762
0.107581571586
0.131055214001
0.129609932203
0.970422153664
0.0922717523312
0.170847912332
0.145498458665
0.631148694397
0.851316723865
0.82353587385
0.682320833646
0.7955999258
0.728872757679
0.739264838007
0.775789241284
0.816315958833
0.230133127691
0.921516118322
0.808804432467
0.176900167267
0.872848611608
0.10923554812
0.696230410862
0.698323670072
0.822600036845
0.849770966635
0.258694822134
0.0432326959181
0.188598821634
0.262179459852
0.733034146112
0.149815829798
0.795220364851
0.0770636120552
0.232521100106
0.360990991876
0.738442382709
0.733048281484
0.734452837244
0.102822012245
0.218137272382
0.680924596761
0.700885665462
0.679390358543
0.252305789158
0.831596416347
0.10158422293
0.119865049496
0.087742694243
0.698302058246
0.180891948759
0.244969114387
0.189402444571
0.744973816085
0.832605481516
0.713885061672
0.938066070783
0.933333333333
0.884507302323
0.208178655059
0.799288330793
0.883404941178
0.801173892649
0.927747879613
0.182176729894
0.0371605094977
0.735520372198
0.796666470435
0.0533574042908
0.806276357873
0.679454725359
0.135219269543
0.750555389525
0.117492778329
0.1448470909
0.913718910129
0.795944480153
0.15024397348
0.649625781119
0.174600479478
0.629788509955
0.57700787093
0.101284858229
0.655409257784
0.839850059479
0.640911359406
0.129249244144
0.864794665201
0.95232314244
0.114986006237
0.383494399956
0.175892232192
0.265765834093
0.757518955195
0.322005354604
0.835661121815
0.114661641908
0.160378773735
0.819690875573
0.648170926922
0.109903055524
0.160684288335
0.105521160839
0.879513062755
0.139300541081
0.666341547642
0.134297291045
0.60505166108
0.68126113958
0.926858609729
0.698674396036
0.701301274204
0.0
0.783394209658
0.936734046017
0.22348466281
0.104134406387
0.12616478841
0.817051534742
0.758896798004
0.826088753494
0.17212104789
0.150508294766
0.718843286741
0.0863674560862
0.883270234222
0.211909057984
0.198626279818
0.215936564521
0.199593229584
0.756073150349
0.149726830393
0.0783417967747
0.688138360114
0.0701402256923
0.438090627123
0.723103104434
0.629417501001
0.921641143029
0.0636280864473
0.204835182808
0.145930310955
0.688532483268
0.714228049554
0.21024798229
0.700532296711
0.180416052398
0.0877053565215
0.122303534131
0.131167653942
0.257465428025
0.216132724853
0.163098393732
0.732594560961
0.802986758795
0.821422970671
0.753538431084
0.676942975763
0.811520397476
0.586121888124
0.142655031946
0.75067959438
0.917418524523
0.113565650322
0.135094890183
0.107377222914
0.190456716448
0.159871594195
0.185498182329
0.089863334961
0.227795461936
0.167707469814
0.815214484034
0.0987536509009
0.275797223511
0.194737811589
0.155261098979
0.127369303146
0.145876464177
0.652348640555
0.0734994963961
0.488166817276
0.247117211112
0.843702246268
0.785154221276
0.127719133008
0.0905625141534
0.848010814219
1.0
0.116455115285
0.214154117043
0.131981814641
0.118631548899
0.0944782079191
0.158071656585
0.805113505558
0.607480258454
0.104452200809
0.157549051613
0.0931881042146
0.113440774253
0.177797313667
0.230101673103
0.763101975292
0.140780636285
0.88294999924
0.0687757914062
0.133519995424
0.852512459625
0.81820051894
0.550111714643
0.855928657697
0.780173160436
0.880715369646
0.86172623747
0.125764915838
0.834982357117
0.955879751085
0.812998877681
0.128083975188
1.0
0.197501216684
0.112646945744
0.779085199863
0.830664930569
0.901601555772
0.816661534875
0.0976405585974
0.188598821634
0.184678256658
0.8
0.122842605653
0.276747158829
0.0806610160459
0.584272723428
0.287927453097
0.740571960678
0.587644691235
0.830995624897
0.862244794073
0.225426956222
0.817075151854
0.658617124039
0.774921804174
0.541918775224
0.738653568503
0.881315353464
0.132912833039
0.105617118556
0.632624517947
0.17494310369
0.12185437694
0.758643995267
0.684114961907
0.852898822334
0.877386456518
0.855149167456
0.780610950567
0.857284680667
0.736570976875
0.749492157486
0.909556404952
0.917418524523
0.818889370853
0.576368096402
0.194030803201
0.741426252767
0.784754992372
0.184833921645
0.73389918682
0.769506875644
0.148691812283
0.768975200587
0.108018339738
0.1520400218
0.290207063225
0.738016498093
0.198574599866
0.642850039254
0.778245538264
0.123932486777
0.60660421758
0.124950084731
0.891120307225
0.839850059479
0.237944777568
0.982012085335
0.133928447563
0.207213899193
0.040730809055
0.255710122891
0.740700186717
0.108611320724
0.832237105498
0.0900502772462
0.947818811464
0.62966442119
0.0249893880236
0.799684689626
0.166254892366
0.146805384502
0.0861624531733
0.0608979303465
0.198835531945
0.0926624064117
0.922292901835
0.13966866117
0.110646364972
0.84022183126
0.816477308804
0.646764894995
0.7955999258
0.221545165383
0.775701755437
0.162558273007
0.752331430686
0.734542254927
0.908083945624
0.116562594067
0.804087957273
0.2
0.216924190628
0.0961704508346
0.733921935076
0.125798206628
0.531559525686
0.812015609279
0.177197033593
0.130717720349
0.178976922197
0.074185885931
0.143847054345
0.137335442944
0.122138935038
0.0933746396554
0.132980241035
0.76466301023
0.0955763808893
0.710055103729
0.829613216158
0.832070150071
0.721062162096
0.722024378023
0.633309897648
0.10122694324
0.799492639677
0.0822744955234
0.716910528371
0.712392859459
0.134379177461
0.209330001785
0.177241145362
0.0979931352154
0.599505128624
0.823624926467
0.774552830816
0.686439725011
0.212652462233
0.77059462448
0.356869196976
0.637064869766
0.905480194693
0.903540371704
0.817775170249
0.151865817968
0.704781315922
0.171567158776
0.146895610106
0.140422279207
0.592537179086
0.720746407302
0.139275177606
0.662591670996
0.761007449936
0.761806813774
0.674451255462
0.209161333989
0.259010496125
0.175527141846
0.65660749272
0.110204690584
0.183959802722
0.0455906813061
0.717930063049
0.661351465546
0.618925259191
0.144010457285
0.117721615241
0.612487253607
0.21064667481
0.724397257753
0.134359653866
0.208967367017
0.78895580504
0.733868424495
0.967043002772
0.698716794227
0.140788626833
0.154399874856
0.136211702776
1.0
0.177797313667
0.0796583153533
0.270304690262
0.129150501244
0.510973599457
0.839007557583
0.675719909229
0.881702876795
0.784311569658
0.55168370114
0.733148650708
