0.780173160436
0.761465076603
0.784797935332
0.0739902600768
0.717124520806
0.187607457861
0.729096113455
0.690142096012
1.0
0.200075455311
0.707927202965
0.827142382884
0.83836197918
0.827705115697
0.858490239947
0.194303188989
0.196830427365
0.23651021183
0.686588592028
0.214875062771
0.204091713595
0.586792906618
0.601035666553
0.239383210791
0.801592941698
0.681022137695
0.827470651988
0.776905376896
0.117781167273
0.108685408755
0.66104868627
0.723338291238
0.569504070018
0.729576887681
0.744424016631
0.214728810372
0.162301529956
0.649789383422
0.178839574582
0.149505297206
0.796150384831
0.763770404299
0.11386230471
0.780450432051
0.906548771477
1.0
0.133975642211
0.570899712489
0.135051978672
0.950138926758
0.830163773712
0.680531275387
0.101464974543
0.123004283454
0.701719112188
0.828715229245
0.144065927064
0.773008134314
0.174596404714
0.197783942302
0.859688918405
0.770543084231
0.77595459957
0.181970427702
0.170253722546
0.599234327582
0.700333273924
0.893404617149
0.748511890417
0.524740218557
0.085399133557
0.666602505656
0.839850059479
0.0869111203788
0.0492111602569
0.124989183973
0.955990593021
0.812729804955
0.196395123653
0.796492575624
0.765654477039
0.798750350007
0.156622854356
0.861368725702
0.671206372809
0.118857622976
0.141496835103
0.161452724415
0.185223704591
0.27413129995
0.135205691619
0.703945237413
0.78634320557
0.178823212499
0.233993181292
0.725265486896
0.816259619227
0.765881410874
0.592825050277
0.863174543555
0.728872757679
0.906337335242
0.813864995921
0.847527186434
0.103518268978
0.869717353317
0.736868103682
0.722630549293
0.846929712583
0.285758761141
0.680283903617
0.881635114631
0.794684182669
0.779902198907
0.804440397571
0.159195665637
0.91070248935
0.214671091765
0.809595695373
0.280085980642
0.125941672332
0.0766026924674
0.589480879038
0.229930619257
0.773996957596
0.762288211223
0.945214313235
0.810865363432
0.672626743353
0.816286966276
0.750322750636
0.761396334511
0.550237001219
0.671145051462
0.704139432629
0.740160354621
0.0910579643069
0.117415837066
0.178251659724
0.269676724431
0.756066915456
0.145983710118
0.759303187434
0.815150017502
0.833683876636
0.850603567807
0.702737890384
0.65264315299
0.826090036925
0.958441662771
0.807635194674
0.767788153561
0.233712434611
0.762815118996
0.711169723438
0.81893515673
0.120092114984
0.726961301376
0.732366352246
0.155823105417
0.711099612886
0.867495931717
0.106754637841
0.308511047175
0.183818565737
0.153537223825
0.680034147137
0.885935632088
0.197842925895
0.560244128631
0.133845332558
0.760614520185
0.750970730141
0.68129741483
0.980812891024
0.240621608081
0.850270497558
0.125978588895
0.728311205775
0.681674832839
0.179049979821
0.769666078638
0.312125783659
0.849679238325
0.699016825654
0.144365260913
0.773548084106
0.639763595457
0.199210158501
0.0700507327693
0.142540055363
0.849956592987
0.103694771462
0.81078517755
0.147198480839
0.155115339422
0.893349401496
0.724841807546
0.637484929987
0.819545460116
0.222837935601
0.74329544571
0.817596783557
0.858109404698
0.864280496939
0.83108727213
0.716974033922
0.784359992395
1.0
0.0701551121411
0.75392930617
0.802176023443
0.809592969958
0.691255486094
0.658329421177
0.0958297818961
0.67455932838
0.282833813959
0.684255814548
0.298787452545
0.220637626186
0.620869702812
0.276366366833
0.145390707521
0.75820374291
0.0750439299678
0.77852143485
0.820040399426
0.250171893219
0.75235703028
0.737412846053
0.668330506514
0.165168051042
0.867469160244
0.7784402941
0.159666419891
0.672961389205
0.581412367846
0.175523491886
0.729079263014
0.228047352476
0.6570388619
0.0989697208312
0.784143514756
0.837383036742
0.738045981051
0.696939967656
0.0977317917829
0.6036216808
0.909405650893
0.823848916269
0.818889370853
0.446830670061
0.572736305138
0.804565629625
0.861468112765
0.755587574603
0.612837170608
0.781165851163
0.254226162777
0.687038250066
0.81846377489
0.674686049685
0.899747873139
0.195378604154
0.216577720408
0.748741492093
0.658432931873
0.817572123114
0.621178612202
0.165107435411
0.727246676602
0.654839964851
0.219297482347
0.894075586285
0.121549852779
0.566566203946
0.247532062414
0.200681656481
0.723337084908
0.778831583816
0.982516482123
0.149481708044
0.857042294602
0.612596134022
0.152147606698
0.759763681945
0.669769223032
0.192111667339
0.825938730832
0.116620265265
0.379914892811
0.169386142837
0.621624227687
0.741486778661
0.778529994663
0.91238710431
0.757997317442
0.679082001802
0.553529428355
0.544250102521
0.873260080249
0.266338922575
0.133060962565
0.805383948355
0.129024031799
0.751467917965
0.743092548663
1.0
0.154112957053
0.778183678947
0.728239938529
0.829063636004
0.8299288233
0.753718494904
0.231983159678
0.196830427365
0.214671091765
0.768969480682
0.164649151509
0.748859503006
0.593222200671
0.0987829715237
0.409499709918
0.829467330926
0.806588306079
0.878349009269
0.887874327192
0.643917115662
0.746704898782
0.696882105779
0.720645272019
0.23688327857
0.677019619375
0.106518455747
0.730582544331
0.733392296214
0.135746778365
0.150951797355
0.372542922454
0.11627588026
0.755866781477
0.150278415053
0.802530957268
0.877307585855
0.88915159781
0.815167911604
0.107626143036
0.861464200907
0.897542868386
0.808365525424
0.702546866621
0.517701763877
0.134521487604
0.119004639037
0.778542985264
0.20751427094
0.674693037783
0.679518327686
0.0756333379323
0.722319596465
0.799683213389
0.911888423745
0.150348913391
0.146195928995
0.559181484199
0.664976360838
0.775338619709
0.806871235497
0.564004381057
0.132012385976
0.828597447823
0.799325871119
0.164065918749
0.961359235688
0.117963073539
0.906973273844
0.978832502707
0.348513612052
0.0770216667876
0.864663508397
0.856183451954
0.842177242486
0.879939520967
0.667361747755
0.117065972093
0.821007712567
0.762242661012
0.0993467794415
0.853817288222
0.134477150284
0.693614423761
0.21394244959
0.944387646092
0.836406111255
0.14270157074
0.906564364667
0.805612882165
0.644456453932
0.773130033362
0.780173160436
0.848946783785
0.807850194256
0.156408813411
0.81842730448
0.921516118322
0.841385235716
0.779972461471
1.0
0.174254581735
0.171437931702
0.777852006159
0.821700321074
0.859160281221
0.867793350104
0.189651982926
0.201261803882
0.749242454628
0.703753774179
0.220908005267
0.175612891948
0.0735110470786
0.550651064742
0.264451814315
0.822485364849
0.668187799714
0.875060148066
0.101817755646
0.917475741748
0.809587037881
0.685694805037
0.814966038156
0.167315219658
0.765726605564
0.837064352408
0.725398347366
0.844511038593
0.784278612875
0.193702490531
0.383717933386
0.783238504339
0.780372577045
0.798089062915
0.728363276147
0.821415429153
0.902459996971
0.128176909931
0.676704141742
0.844466982594
0.950138926758
0.0703199092942
0.702546866621
0.171744817498
0.263975849504
0.816857132618
0.781338196141
0.242912667031
0.719792074369
0.785235795495
0.0353132101058
0.77268050698
0.800777894397
0.867147621257
0.154598499296
0.190161782805
0.224514987028
0.667356846231
0.850188387401
0.653962706881
0.599840436421
0.153117940443
0.853857222171
0.762839665868
0.15171547008
0.982012085335
0.172950655745
0.95232314244
0.978832502707
0.694563250987
0.754606952335
0.0308770154064
0.799077688997
0.857142857143
0.96315968111
0.699478611101
0.0623490265067
0.775921831816
0.763718715508
0.160114930228
0.225664525806
0.16692667127
0.862077909829
0.141483132575
0.832255125189
0.806350410184
0.129952044497
0.906564364667
0.832273363836
0.712467878254
0.803543156693
0.728872757679
0.872317037616
0.929717215315
0.152815227956
0.862730946797
0.973011585448
0.829505154739
0.771637872907
1.0
0.183970297151
0.750079278654
0.753983778158
0.827294111078
0.843446606435
0.723234357704
0.237380487113
0.243627195214
0.214671091765
0.792397109553
0.218834021732
0.243498593565
0.22324819723
0.627213098007
0.262989447488
0.78407294187
0.701988242047
0.917866981358
0.86079444528
0.130563624628
0.795580515326
0.788262475566
0.721041236835
0.279055914456
0.762673182793
0.924224586951
0.692079259862
0.722876505342
0.673769290137
0.600056828181
0.231421294606
0.765838140753
0.728778362591
0.850662891811
0.761084872623
0.82998145667
0.810974814376
0.832875838534
0.107626143036
0.244678241078
0.909556404952
0.830571933959
0.658643096705
0.564996726884
0.649050566731
0.702292437828
0.874993808571
0.066397730089
0.77404272051
0.735695268559
0.616628780199
0.725472544189
0.772949740112
0.911888423745
0.242022146597
0.743846722576
0.183886529106
0.585937941982
0.804149112665
0.756498093595
0.6087174136
0.148170122763
0.889689797654
0.839850059479
0.64284555083
0.982012085335
0.183622318909
0.270607381261
0.978832502707
0.217714747612
0.185972771966
0.823433161419
0.816386202407
0.874545325165
0.833732635647
0.728624685333
0.120357331938
0.237631818029
0.704703322897
0.845569296393
0.864258185034
0.134477150284
0.678050121293
0.207250594181
0.893506682118
0.747100351108
0.186585516453
0.906564364667
0.786615480625
0.722325556287
0.822989463893
0.904043301502
0.864744289034
0.824903742744
0.170227089897
0.189330606894
0.920679077267
0.79220486098
0.819082755636
1.0
0.151463377397
0.141134333232
0.760937492164
0.75587605289
0.104590895318
0.046382999696
0.176242941453
0.196830427365
0.229921373719
0.809595695373
0.139316304137
0.18659153464
0.155556211432
0.110918986365
0.173718872438
0.698532864878
0.637292788686
0.873829761423
0.124793319826
0.230156619558
0.800082003709
0.690640985417
0.756134095972
0.745412254232
0.763389725307
0.853801992748
0.0952707384487
0.100550825595
0.683947557187
0.180985744492
0.364313700043
0.206148941623
0.718623307749
0.169137584323
0.752628974659
0.923549517098
0.889265409204
0.934948938668
0.784117044621
0.836121179066
0.835368395901
0.830571933959
0.658643096705
0.136671629891
0.253960264122
0.801013612767
0.160611176463
0.248683576336
0.705794512918
0.781010613015
0.0529032468924
0.862637613842
0.842481931409
0.117929673697
0.253012927963
0.146170752965
0.185097222462
0.761722047863
0.836532392609
0.191319107358
0.181012728447
0.682039006578
0.831156049738
0.825290973977
0.209100801498
0.888776213211
0.0949158285047
0.178586979338
0.165086160284
0.329914237073
0.0668245198391
0.130688614636
0.886396258698
0.864894965563
0.906196250363
0.630087122802
0.0781513286427
0.0955005310009
0.672018319996
0.939326575804
0.193467935248
0.147425809151
0.821391785443
0.188421191517
0.172230499107
0.171039364212
0.126844768608
0.913751721231
0.820176579761
0.644179855929
0.819545460116
0.728872757679
0.881852895882
0.870148794414
0.833684262985
0.824102899294
0.092885965239
0.740743101258
0.740713867839
1.0
0.201765862948
0.76358987271
0.745373060194
0.841905473976
0.85320767105
0.851566203364
0.116974770911
0.278827074248
0.221078100267
0.856948987845
0.160291050044
0.243094372461
0.0650196621916
0.668034618262
0.879872019029
0.668494693764
0.123370944278
0.829356680548
0.795490070664
0.0844798484352
0.786190461973
0.734924860166
0.709662106449
0.501355055936
0.753172814697
0.961571407772
0.706306484432
0.175397305132
0.22886660042
0.196732527142
0.194365580634
0.111042543265
0.693518363493
0.834764214364
0.798311496641
0.900334769706
0.92015080973
0.905472914591
0.131888267526
0.80758973487
1.0
0.917418524523
0.658643096705
0.55815303198
0.85310689932
0.796112011199
0.201420946456
0.126234798115
0.668882928606
0.730106304965
0.62292474512
0.75627468144
0.764076620245
0.932221864419
0.0808245434845
0.743095224086
0.188064516839
0.646026421558
0.797205932096
0.193346850504
0.550505901248
0.133574298632
0.709186380878
0.839850059479
0.607670199929
0.982012085335
0.181360012219
0.955990593021
0.176374171525
0.224776134206
0.737111807631
0.758102934238
0.804239920659
0.746419625841
0.943470379086
0.680516522513
0.0767452956358
0.191637821692
0.71593174762
0.114063041036
0.138473222978
0.135015395721
0.970422153664
0.0984393178673
0.183266145363
0.150720713135
0.631148694397
0.851316723865
0.827092865154
0.682320833646
0.7955999258
0.728872757679
0.739553178343
0.775789241284
0.816315958833
0.202891349588
0.921516118322
0.808804432467
0.183904867087
0.872848611608
0.10923554812
0.696230410862
0.698323670072
0.822600036845
0.849770966635
0.266295819165
0.0659489417374
0.196830427365
0.283358438147
0.745028765329
0.164649151509
0.795220364851
0.131305789895
0.243438459779
0.360990991876
0.738442382709
0.740443522392
0.734452837244
0.111052486782
0.218137272382
0.680924596761
0.700885665462
0.679390358543
0.252305789158
0.831596416347
0.128905270218
0.145556161657
0.105991031911
0.701964405971
0.201307283312
0.265148286589
0.201327027551
0.744973816085
0.832605481516
0.713885061672
0.938066070783
0.933333333333
0.884507302323
0.219819742365
0.799288330793
0.883404941178
0.801173892649
0.927747879613
0.191150916781
0.0371605094977
0.735520372198
0.796666470435
0.0702090584104
0.806276357873
0.679454725359
0.151156361612
0.750555389525
0.131876358262
0.168061719169
0.913718910129
0.795944480153
0.155735311209
0.649625781119
0.174600479478
0.629788509955
0.580902221651
0.116810030794
0.66121135978
0.839850059479
0.646297543597
0.137755441273
0.864794665201
0.95232314244
0.122453752008
0.383494399956
0.191352011875
0.265765834093
0.757518955195
0.335957337132
0.835661121815
0.131093306825
0.163554047158
0.819690875573
0.648845839534
0.16883824702
0.168606669543
0.115446061746
0.879513062755
0.160737317022
0.666341547642
0.165594010575
0.60505166108
0.68126113958
0.926858609729
0.698674396036
0.701301274204
0.0
0.783394209658
0.936734046017
0.207807152043
0.118683726957
0.136946996717
0.817051534742
0.758896798004
0.826088753494
0.17212104789
0.167607601177
0.718843286741
0.10031896201
0.883270234222
0.243105560797
0.203435612505
0.244325313824
0.221078100267
0.764633773351
0.164560152104
0.0783417967747
0.688138360114
0.0800985398413
0.318934587872
0.723103104434
0.629417501001
0.921641143029
0.084743963059
0.243649163963
0.159374166751
0.688832777304
0.714228049554
0.21024798229
0.701122341927
0.188769254977
0.101936382012
0.131473994581
0.140835782053
0.262690024174
0.225726444808
0.1808639269
0.735300077896
0.802986758795
0.821422970671
0.753538431084
0.676942975763
0.811520397476
0.587758588754
0.159389981552
0.75067959438
0.917418524523
0.113565650322
0.144069077069
0.123306121438
0.212763422282
0.171430319328
0.185498182329
0.123825613384
0.250615552917
0.183423076105
0.815214484034
0.111455674748
0.2823259725
0.209981035503
0.174651709236
0.158306594924
0.149110772859
0.66141126169
0.081013625702
0.488166817276
0.247117211112
0.843702246268
0.785154221276
0.127719133008
0.107901810345
0.848010814219
1.0
0.126514029243
0.234984346216
0.14381995217
0.118631548899
0.12774562256
0.165542383255
0.805113505558
0.607480258454
0.123141014634
0.168713301087
0.109386579901
0.133449256004
0.193467935248
0.241007639694
0.763101975292
0.151075193265
0.88294999924
0.0943245202565
0.143194392387
0.852512459625
0.81820051894
0.555471207871
0.855928657697
0.780173160436
0.880715369646
0.86172623747
0.140290554746
0.841438903872
0.955879751085
0.812998877681
0.134580144592
1.0
0.197501216684
0.116934711591
0.779085199863
0.830664930569
0.901601555772
0.816661534875
0.122428884763
0.196830427365
0.184678256658
0.809595695373
0.138484738896
0.288982057595
0.086053201782
0.589302273458
0.287927453097
0.740571960678
0.588123393141
0.830995624897
0.862244794073
0.225426956222
0.817075151854
0.662932309631
0.774921804174
0.545479672642
0.738653568503
0.881315353464
0.152852827881
0.130092107334
0.636349788908
0.185435136469
0.12185437694
0.764883091904
0.686198408465
0.852898822334
0.877386456518
0.855149167456
0.780610950567
0.857284680667
0.736570976875
0.749492157486
0.909556404952
0.917418524523
0.818889370853
0.587305929194
0.194030803201
0.747458354903
0.786931563777
0.191987857762
0.73389918682
0.769506875644
0.156106536368
0.768975200587
0.113476531433
0.1520400218
0.290207063225
0.743095224086
0.205184668673
0.646005822779
0.787655833724
0.140221001401
0.60660421758
0.135824162122
0.891120307225
0.839850059479
0.189342091763
0.982012085335
0.144241193993
0.22232023546
0.0483197393796
0.200782266201
0.740700186717
0.121912924257
0.832237105498
0.105207081401
0.947818811464
0.62966442119
0.0500837487687
0.799684689626
0.188671775449
0.160114930228
0.0940593638655
0.0665862082759
0.206952875537
0.104096914231
0.922292901835
0.150682891062
0.125690529153
0.84022183126
0.820176579761
0.650202046137
0.7955999258
0.221545165383
0.775701755437
0.17880031547
0.752331430686
0.734542254927
0.908083945624
0.132513322423
0.807401440529
0.216630521087
0.216924190628
0.118414815611
0.73453476593
0.145699479926
0.531559525686
0.812015609279
0.188274842916
0.139792307317
0.19886699601
0.0821995120608
0.152531826082
0.149658623957
0.133290805016
0.107449847124
0.144165754807
0.76466301023
0.0943266961109
0.710055103729
0.829613216158
0.832070150071
0.721062162096
0.722024378023
0.633309897648
0.111781703896
0.799492639677
0.0939872093645
0.716910528371
0.712392859459
0.149567005338
0.225192343863
0.20025193861
0.109770856684
0.599505128624
0.823624926467
0.774552830816
0.686439725011
0.207346742085
0.77059462448
0.356869196976
0.637064869766
0.905480194693
0.903540371704
0.817775170249
0.160602746718
0.704781315922
0.16997934473
0.152455948116
0.146714085433
0.592537179086
0.720746407302
0.148161742035
0.662591670996
0.761007449936
0.761806813774
0.674451255462
0.166598952893
0.265747033483
0.182194545636
0.666236550197
0.117246681335
0.201860758666
0.0578396371725
0.717930063049
0.661351465546
0.619609297261
0.224322086866
0.133468488922
0.612487253607
0.21064667481
0.724397257753
0.142421507927
0.208967367017
0.79144680139
0.733868424495
0.967043002772
0.698716794227
0.144165318326
0.163360991974
0.141929781467
1.0
0.193467935248
0.0992536360167
0.278267379361
0.145967850274
0.516211501018
0.839007557583
0.678091943983
0.887252395631
0.788164976905
0.553373409033
0.733148650708
