0.666666666667
0.687502669607
0.668181818182
0.756204843884
0.626482000322
0.767513236851
0.633823269163
0.56927665746
1.0
0.596040437187
0.670256833478
0.677194131074
0.735396123613
0.727941176471
0.728868636011
0.488616585402
0.825
0.700511285253
0.633333333333
0.710937162586
0.655851324517
0.42428765436
0.49243158219
0.875
0.719075236381
0.555512747478
0.643115950359
0.689946290322
0.48492307473
0.718623205814
0.504280027966
0.60693582296
0.42396722192
0.58165261116
0.62159789416
0.607420511532
0.689538529951
0.509789033807
0.517683478595
0.582697247739
0.698620905872
0.601176123906
0.70803424769
0.674779423114
0.88
1.0
0.692970822281
0.476118512954
0.917796025275
0.825396825397
0.708333333333
0.549818057015
0.727719684643
0.371149113354
0.521008403361
0.7374218354
0.693201115371
0.666674730011
0.720912533299
0.480769230769
0.715589096724
0.714405725085
0.717009695516
0.483090553956
0.514582523725
0.427158712676
0.541906368118
0.814154409404
0.692307692308
0.357962048633
0.634125189114
0.527903987844
0.696428571429
0.539591594358
0.907945648149
0.860367091085
0.923076923077
0.736552233443
0.556966940155
0.71317864404
0.669642857143
0.700194296331
0.599889186186
0.736607142857
0.511677028006
0.554391223661
0.625946006511
0.542429048644
0.9375
0.861538461538
0.784688995215
0.504599236127
0.738643385843
0.640008790771
0.808751258687
0.625284088117
0.667796782358
0.681828156865
0.433826938506
0.707692307692
0.61536626391
0.698076923077
0.606060606061
0.724458204334
0.685417646821
0.836583091094
0.553973127889
0.641778101925
0.8
0.596040437187
0.601635355512
0.728541423728
0.736308407394
0.705882352941
0.745052659933
0.535286936122
0.820366723445
0.700511285253
0.8
0.753584333958
0.635279912461
0.333328288916
0.40994621641
0.771944654891
0.683333333333
0.561458248561
0.751838629881
0.772727272727
0.586841982985
0.716202304198
0.594202898551
0.493311431217
0.399027973572
0.584477431608
0.610233407316
0.651990396542
0.809710551402
0.444458962692
0.437316172342
0.470085470085
0.6875
0.60220240188
0.676407936527
0.699013198258
0.64023215707
0.791536414788
0.588461538462
0.438648990346
0.748675042204
0.825396825397
0.708333333333
0.667873612571
0.406243435356
0.63633899237
0.564705882353
0.778996926975
0.586211634849
0.649332634679
0.559576193545
0.510416666667
0.60312996088
0.795077639487
0.618108596615
0.596691939408
0.699866883627
0.295138888889
0.524332995438
0.768510269214
0.627403846154
0.365260551753
0.633228964218
0.688377485539
0.568181818182
0.591471287039
0.947663291635
0.711711047223
0.65811965812
0.757559189064
0.555555555556
0.611092824424
0.708333333333
0.68023020054
0.690476190476
0.736607142857
0.463253284134
0.514996215318
0.680216332851
0.450723907431
0.853257774452
0.89010989011
0.737058112568
0.77757734599
0.792068661317
0.733172747862
0.742279153796
0.54185911574
0.787581843048
0.59445903793
0.524441150736
0.671328671329
0.705516926819
0.65
0.668181818182
0.724458204334
0.752595183332
0.807439445176
0.610057550401
0.667663374048
1.0
0.56555845282
0.700175025718
0.695511120698
0.679451764978
0.609193332277
0.535711905379
0.423257878178
0.6
0.608844618586
0.589013904009
0.452033858752
0.460502483646
0.501466067
0.51373586285
0.806740828
0.585434173669
0.3875
0.624332108852
0.725272316361
0.771874325171
0.592903821192
0.607608695652
0.449116419484
0.527777777778
0.815682064208
0.666903133025
0.691408845381
0.564316589506
0.425369737136
0.358940482701
0.621674909669
0.664289075384
0.463765529757
0.841821931114
0.654340101924
0.660192763259
0.681391037167
0.559716820099
0.708870469799
0.390756302521
0.719183521656
0.708333333333
0.644269360843
0.332997102506
0.424218953773
0.709524323248
0.819473117451
0.696720981934
0.409455649813
0.618488318485
0.541666666667
0.485403887139
0.758523268979
0.528198506705
0.798517117966
0.831739269242
0.3375
0.581566033326
0.579143946569
0.792066840503
0.495716948853
0.504723365525
0.521008403361
0.432832240075
0.357894736842
0.813435499746
0.625275028954
0.287959763869
0.70580041805
0.48109873254
0.607829960992
0.787108615818
0.886958172289
0.916248130306
0.682293879562
0.449657067836
0.661210158197
0.675206534282
0.5490316987
0.730677649234
0.721153846154
0.815414211963
0.664302357383
0.857843137255
0.51406989857
0.688072572364
0.633223684211
0.661226265919
0.623211535126
0.555391178408
0.335664335664
0.538445480921
0.73125
0.958333333333
0.838912256734
0.704938680008
0.905703467383
0.661418048797
0.706925999768
1.0
0.618549303461
0.716227362413
0.595322021652
0.752650543474
0.727941176471
0.66812958301
0.520399075385
0.825
0.700511285253
0.759373785308
0.919791261769
0.677007818857
0.470861743042
0.429359401412
0.806682164362
0.704192181937
0.675
0.643962922546
0.803050624598
0.510445341821
0.670302793388
0.608695652174
0.59143552559
0.291666666667
0.537331737252
0.798940592753
0.624711089311
0.684355725583
0.5800911466
0.467879080732
0.505050505051
0.606617647059
0.6241205572
0.787728363863
0.699013198258
0.794573248672
0.789743589744
0.696488294314
0.708870469799
0.79231410511
0.761904761905
0.634920634921
0.505380471954
0.455160159039
0.559418894391
0.571895424837
0.724014236443
0.53149854893
0.523998057683
0.498720771162
0.525
0.617288408548
0.725585143569
0.820855849363
0.75650700209
0.674158477192
0.364658712676
0.554860217007
0.69966477222
0.721153846154
0.398397075412
0.643571428571
0.651260504202
0.667582417582
0.568565649129
0.961359235688
0.700356371368
0.801282051282
0.897263127481
0.556966940155
0.692749108424
0.74916131961
0.773551968592
0.696428571429
0.736607142857
0.511523129488
0.634519875989
0.777777777778
0.702134089806
0.783479596512
0.846153846154
0.800316459874
0.515705021381
0.780185758514
0.842950366503
0.783818942814
0.593174905214
0.796001807124
0.723959470521
0.506812375102
0.587412587413
0.666666666667
0.707352941176
0.727272727273
0.735645933014
0.740370904904
0.879764641842
0.721641755351
0.741564856478
0.9
0.558369706124
0.709459472721
0.62635645062
0.707745999362
0.788602941176
0.776096520764
0.545806127886
0.825
0.7
0.563664299945
0.747720974576
0.687618267724
0.58919688127
0.414688346619
0.844602383637
0.67803513613
0.552380952381
0.674274324336
0.755928853755
0.859374325171
0.741883795702
0.476902173913
0.593693605847
0.547730686537
0.666617446405
0.755567139893
0.64668008224
0.776840117252
0.638285947376
0.467879080732
0.40404040404
0.686126166103
0.637499972981
0.735499363369
0.668658437894
0.727844332329
0.872377997072
0.779540783521
0.587229624065
0.772071137273
0.825396825397
0.606060606061
0.505380471954
0.406243435356
0.755244755245
0.690196078431
0.752806450784
0.62787948553
0.649332634679
0.646144988218
0.525
0.634705910405
0.679906253961
0.825984054491
0.778132678875
0.649753975125
0.545955882353
0.556369240126
0.759612677364
0.538461538462
0.416588035002
0.630176249461
0.770551046668
0.568181818182
0.452083333333
0.977674653496
0.814241804542
0.88141025641
0.897263127481
0.472222222222
0.652790619979
0.675
0.651102173317
0.878347780467
0.870535714286
0.526179663054
0.629789344851
0.626308665389
0.613326583722
0.966666666667
0.815934065934
0.766371149762
0.823397329073
0.796519643718
0.726896364402
0.68795115243
0.490543326266
0.773446514221
0.698614118634
0.610493407191
0.619230769231
0.61536626391
0.73125
0.808080808081
0.784688995215
0.800346940876
0.912198361357
0.697424267272
0.679859643658
1.0
0.67642526168
0.699866697326
0.610100321161
0.735396123613
0.716386554622
0.66812958301
0.603958840108
0.775975351227
0.700511285253
0.738888888889
0.747720974576
0.57073245369
0.648693147542
0.460413194899
0.912237719917
0.655976312601
0.525
0.66461312835
0.763636363636
0.623464066568
0.655091193087
0.574534161491
0.524386684294
0.362752703247
0.61652286584
0.827651515152
0.612911532884
0.660544631623
0.555440441311
0.505135957262
0.444444444444
0.647064633441
0.586305764074
0.809018319643
0.673018709401
0.751845975945
0.697849614019
0.713286713287
0.708870469799
0.785068055738
0.761904761905
0.708333333333
0.464416808293
0.349646957631
0.515128044682
0.588235294118
0.809216707195
0.634920634921
0.670198846158
0.588813989743
0.5
0.514608704567
0.709474474131
0.820855849363
0.730569619161
0.669443489522
0.413194444444
0.460427901542
0.726097073489
0.665764718237
0.443332051369
0.616296296296
0.762132216132
0.696428571429
0.571075725417
0.977674653496
0.802666072997
0.789743589744
0.897263127481
0.430576006202
0.655958549469
0.75
0.72232231739
0.785714285714
0.75
0.544733786358
0.586132733753
0.690504375498
0.543756030553
0.835711569613
0.846153846154
0.800316459874
0.537192730605
0.811222526526
0.875097169861
0.675631808311
0.593174905214
0.796001807124
0.718203818241
0.610493407191
0.721075613474
0.904043301502
0.8
0.647727272727
0.733159354652
0.721861393352
0.86142517553
0.732785419445
0.74228798583
1.0
0.62547453285
0.666663633698
0.658928423522
0.649351885655
0.686274509804
0.527361863738
0.562613896825
0.825
0.729458032577
0.8
0.79932562313
0.590611793616
0.644756804994
0.486910651876
0.798783760429
0.636368469464
0.483717875683
0.662369538606
0.645821818266
0.844444444444
0.659784974687
0.578063241107
0.624158375593
0.62268815288
0.61652286584
0.784993430422
0.589738629667
0.729526195382
0.568987591626
0.439936423334
0.606060606061
0.575657894737
0.604959831789
0.75730994152
0.717156819058
0.799052291523
0.789743589744
0.88141025641
0.598808251053
0.807498571616
0.743464052288
0.708333333333
0.464416808293
0.522014115966
0.839160839161
0.705882352941
0.665306450784
0.62030075188
0.609537081452
0.619414617727
0.400641025641
0.732110280221
0.795341951629
0.422137900645
0.577888313624
0.559026898244
0.402960526316
0.584797830229
0.759612677364
0.614611516731
0.390176123858
0.555516040284
0.639705882353
0.649350649351
0.4
0.907431293724
0.872368421053
0.815934065934
0.78432091563
0.556966940155
0.718862267224
0.69501727987
0.788983675509
0.762963165083
0.766826923077
0.446891468371
0.583297002695
0.79927931321
0.558385549309
0.928571428571
0.89010989011
0.798268056294
0.74647425215
0.844290254089
0.845126931478
0.754361943546
0.58423685497
0.811386525948
0.723959470521
0.557042712554
0.671328671329
0.61536626391
0.85
0.818181818182
0.775594711676
0.742528357762
0.845041702677
0.610327057159
0.655854268825
1.0
0.75144740858
0.664014677777
0.58135645062
0.762532248403
0.823529411765
0.793280967957
0.599417282808
0.837317276225
0.608844618586
0.747218395537
0.694791261769
0.744062081135
0.514705882353
0.558814668986
0.849139120381
0.546651187542
0.564296809302
0.645668470484
0.727272727273
0.525192605216
0.697023149765
0.529891304348
0.543167630265
0.354336395185
0.665474878985
0.892857142857
0.641036775822
0.769920204055
0.562270549935
0.447042183177
0.388888888889
0.590277777778
0.590077617717
0.743464052288
0.718579044183
0.860352118255
0.872377997072
0.863076923077
0.678344947176
0.748675042204
0.888888888889
0.826388888889
0.464416808293
0.423906193415
0.763636363636
0.674135637436
0.710416666667
0.605047168522
0.590509105268
0.604146799757
0.5
0.605452944635
0.681428471549
0.947778926286
0.619831820258
0.669443489522
0.486425532596
0.482643987831
0.723249041001
0.646153846154
0.379060589121
0.650527153954
0.580823510928
0.696428571429
0.483333333333
0.953129376943
0.802005012531
0.923076923077
0.783384615769
0.556966940155
0.631815296394
0.615232748181
0.700194296331
0.664062066182
0.802083333333
0.529594650766
0.730335192865
0.68177173287
0.55274498657
0.966666666667
0.789743589744
0.769678686478
0.89577429569
0.725871284491
0.829469974346
0.855421240293
0.476989180227
0.762146947055
0.746076466075
0.53623835132
0.671328671329
0.61536626391
0.615789473684
0.668181818182
0.736842105263
0.722148729865
0.879764641842
0.674527705243
0.705074247205
0.8
0.759339289511
0.602295726748
0.524602029789
0.71876435094
0.752941176471
0.79261946054
0.448234811857
0.825
0.700511285253
0.634718395537
0.919791261769
0.709025858008
0.645170554034
0.49933487449
0.556479405604
0.584532088231
0.627307619273
0.572422065171
0.602261212206
0.844444444444
0.483137651498
0.610027719283
0.447000562164
0.590187686005
0.738888888889
0.615952677098
0.617795901745
0.651792162618
0.565359020621
0.358940482701
0.624570656963
0.633223684211
0.6241205572
0.706586818274
0.574989300594
0.832380952381
0.933333333333
0.8273428127
0.497759358688
0.690196078431
0.694444444444
0.68056851654
0.721581684144
0.459656503861
0.503496503497
0.632178085632
0.763776446077
0.601873269173
0.738104976036
0.512577637003
0.48375652722
0.549280531975
0.613792349521
0.741758241758
0.892591319363
0.731943489522
0.440476190476
0.499446030468
0.645326963079
0.480769230769
0.431271407398
0.616296296296
0.532858453504
0.696428571429
0.571075725417
0.776608152209
0.753663753379
0.88141025641
0.678136424166
0.527777777778
0.673945692187
0.9
0.630301341496
0.828571428571
0.697115384615
0.457881344155
0.595646329193
0.724555880417
0.482258634098
0.897619047619
0.815934065934
0.852130325815
0.811858211774
0.728638948405
0.54514320267
0.738475172438
0.459435274587
0.467357776635
0.779921484079
0.539477813466
0.608398856349
0.830112147588
0.633333333333
0.909090909091
0.701981479611
0.687531705049
0.858465478041
0.710643442606
0.688004618914
0.8
0.643899196993
0.623436635799
0.595322021652
0.648552697597
0.863030505691
0.838972226194
0.630264963617
0.733836849041
0.608844618586
0.729686892654
0.844791261769
0.582170385122
0.549777850439
0.51879781067
0.692112816907
0.618824609814
0.483717875683
0.752983114628
0.748183811738
0.713540991838
0.682806785319
0.578063241107
0.57464146738
0.524144197643
0.55438175361
0.812700086918
0.614854257224
0.672574665303
0.531464025444
0.4072130639
0.641187768183
0.569631449791
0.611932344299
0.718433891135
0.76088348129
0.625410473092
0.591967980715
0.696488294314
0.523957219672
0.53088377728
0.62908496732
0.826388888889
0.384089158685
0.501659771827
0.445880239304
0.571895424837
0.710416666667
0.580600818279
0.490430197719
0.543141305571
0.525
0.64410216862
0.687096856001
0.670855849363
0.828834796551
0.675833331463
0.451001445886
0.5179239702
0.579143946569
0.741758241758
0.308963110018
0.522767683615
0.709889281962
0.619047619048
0.450959427856
0.893664475642
0.789473684211
1.0
0.78432091563
0.608726591169
0.683911281636
0.660371829878
0.680359560938
0.736607142857
0.75
0.38525751408
0.585212918116
0.598949496549
0.605244282875
0.903798352303
0.89010989011
0.782550746931
0.635548485825
0.835913312693
0.859441409598
0.6397064534
0.521190658079
0.762146947055
0.721812047164
0.366990535757
0.768655266605
0.666666666667
0.761764705882
0.763636363636
0.718421052632
0.762128222491
0.926008508864
0.693409841321
0.644579022744
0.9
0.596040437187
0.660493608504
0.62635645062
0.707745999362
0.849264705882
0.745052659933
0.660185212853
0.825
0.608844618586
0.8
0.79932562313
0.71847496198
0.62908496732
0.498348791906
0.772450229865
0.618824609814
0.466666666667
0.699869538606
0.81026466412
0.691105094402
0.713484386052
0.565217391304
0.612072807661
0.376482419884
0.630979188845
0.802106970687
0.572268881947
0.738347300771
0.49808092949
0.49630940817
0.456349206349
0.644456854254
0.588775394262
0.809018319643
0.765180988076
0.731683870471
0.665235139929
0.761217948718
0.635068330783
0.690697886435
0.761904761905
0.826388888889
0.644269360843
0.369996780562
0.755244755245
0.647058823529
0.709949307927
0.737146868051
0.609537081452
0.603385717355
0.386904761905
0.564853802606
0.805262849213
0.488377216884
0.653332187427
0.669443489522
0.45
0.545456440421
0.723249041001
0.557692307692
0.459300348765
0.633228964218
0.746606334842
0.696428571429
0.553229608998
0.977674653496
0.872368421053
0.741758241758
0.80993682534
0.556966940155
0.668442800165
0.660371829878
0.750551214398
0.828571428571
0.836538461538
0.411668406322
0.65149864354
0.738444769306
0.52201002393
0.966666666667
0.815934065934
0.750213136386
0.838116032758
0.815781142926
0.901690616162
0.82472701364
0.490543326266
0.698446514221
0.736648943576
0.597722727129
0.671328671329
0.512805219925
0.646895647384
0.69696969697
0.623971638939
0.647498521233
0.815181308509
0.603653813449
0.717592719732
0.795761364628
0.440196603399
0.606917006616
0.596222583149
0.669510966775
0.363970588235
0.745052659933
0.546601857779
0.572727272727
0.517177951919
0.790624447867
0.512363922261
0.506315351485
0.495894504978
0.556159709813
0.742996730333
0.639471502192
0.3875
0.493124359468
0.715909090909
0.81076321406
0.578049932078
0.493349551332
0.494229182968
0.422222222222
0.717295485968
0.659255182042
0.652686446118
0.613001872188
0.488093592933
0.313802611066
0.46414890778
0.724826051475
0.408235986682
0.725906138132
0.665844402282
0.537134729441
0.623125450912
0.655518394649
0.708870469799
0.439215686275
0.794444444444
0.888888888889
0.644269360843
0.251748251748
0.572727272727
0.407259412483
0.719908629414
0.590981712597
0.435628897834
0.54072313818
0.480769230769
0.467433865109
0.676620312534
0.717009695516
0.524257705586
0.748355263158
0.516938284829
0.550871647735
0.604274155775
0.645958154063
0.435205215701
0.503521988012
0.606027535053
0.428571428571
0.483333333333
0.892467880092
0.602903980227
0.320512820513
0.716990561918
0.555555555556
0.580021248349
0.808167319528
0.747054844104
0.688516240365
0.870535714286
0.515384749277
0.705977081631
0.523438399536
0.559649672959
1.0
0.89010989011
0.815414211963
0.622794931612
0.857843137255
0.398448649708
0.783818942814
0.55932655989
0.843882427868
0.669909864213
0.446282317911
0.530769230769
