0.183964892537
0.112807480902
0.155256991315
0.0993398266334
0.102703245548
0.13867338555
0.137920996082
0.0976168448048
0.236835317659
0.14301861509
0.128152821527
0.121937091377
0.164664710431
0.111187239125
0.123948139494
0.112555036895
0.141083073297
0.153034835102
0.12773852456
0.149796495382
0.148099771559
0.105230563717
0.118859090393
0.17610735871
0.112255012612
0.109586128236
0.130549960366
0.0984152022509
0.17189240244
0.0976375027072
0.0951223112632
0.123238790087
0.182127562555
0.11414997527
0.105822786246
0.0948177719091
0.106189090182
0.0947397542251
0.158326107105
0.164190652326
0.136361128921
0.107618362772
0.139031145101
0.13370365613
0.119549408382
0.129819378106
0.0956380991022
0.151669132635
0.175215008869
0.134510314167
0.167830126182
0.163808054346
0.13793289847
0.125395569635
0.116521323045
0.145940717362
0.107264629319
0.117165020507
0.137445046838
0.107013545339
0.159380717605
0.105542845768
0.123761215692
0.102572444879
0.0921128172646
0.119420175079
0.11461609609
0.148198594227
0.14180166969
0.118537859308
0.10232553541
0.142196450247
0.158996450044
0.124781685428
0.108505637489
0.0961859372602
0.17782464796
0.147075115047
0.176072930922
0.127844826724
0.188848547007
0.119267298222
0.125388649245
0.169413853281
0.134917750998
0.0747311393721
0.139970764784
0.111498097187
0.127591276763
0.133169344681
0.11518785671
0.157849809738
0.115388303679
0.145429124538
0.107900917952
0.120853892674
0.192215948466
0.115966576773
0.122526943412
0.234353398018
0.174261276096
0.119005854674
0.155875448512
0.0957139506129
0.108425361603
0.138102604672
0.13138997042
0.0929697166885
0.232368334062
0.14301861509
0.123559917273
0.121055786952
0.159311898384
0.116257253311
0.116542175161
0.12214002653
0.155663404399
0.147044508921
0.139664951554
0.162762852629
0.149255007346
0.0851156946999
0.119801432793
0.184509992874
0.110228539578
0.10478088614
0.130064304105
0.102357424677
0.183387377443
0.0994840457172
0.0950473290822
0.122065281451
0.17061825762
0.111824367301
0.107006553833
0.102559919965
0.104947219539
0.0893272195936
0.165827740331
0.163322809185
0.127298387056
0.0968629082948
0.128028783772
0.134586048907
0.116006978426
0.123446974788
0.0824245135842
0.163335541479
0.172547851169
0.137664231119
0.16661717406
0.175029469593
0.122711133712
0.152861522536
0.105607460253
0.131547192643
0.123027335379
0.126570869935
0.122714640739
0.101682193148
0.163904317346
0.109472694707
0.108112648852
0.114311143405
0.0987414605431
0.102094517468
0.126098067086
0.147147997561
0.13928706367
0.13933153393
0.109084772532
0.140879655164
0.15127236075
0.13076293369
0.119173277427
0.096205050523
0.165881912263
0.138440113589
0.172353885584
0.122027590701
0.195723003534
0.116537300807
0.149764894708
0.16257120317
0.124495027579
0.0719991897969
0.128225817918
0.110663255098
0.120519735464
0.136587002839
0.110890986089
0.167009298974
0.119438839386
0.143381363818
0.112928721217
0.117972414443
0.208614814665
0.112509029137
0.122903572829
0.226941871567
0.164789838747
0.1192378806
0.149367833719
0.106834920893
0.112736393551
0.14837147362
0.127269286888
0.0964358633251
0.236835317659
0.141415437604
0.129300253868
0.12251016298
0.160724506264
0.108377092379
0.101496659726
0.108099352842
0.122089663411
0.142607158034
0.120486451176
0.167444498738
0.137489127458
0.102364767315
0.116594635464
0.187023344921
0.111138531237
0.10329344482
0.118888557364
0.106449074188
0.179390373251
0.0930972994536
0.0982163167341
0.111254715191
0.172703341572
0.12320076986
0.105126980064
0.108355392922
0.108153676375
0.0802387792727
0.156434151467
0.160034229927
0.13022934364
0.10024338838
0.142581286661
0.136262670142
0.119204634957
0.116072418192
0.0870892019412
0.175136260236
0.159062244811
0.134861173963
0.15367185261
0.18555924109
0.0977785909143
0.1301534106
0.121597437884
0.145115296459
0.141285603687
0.111259170744
0.135713321238
0.110406586329
0.152130192668
0.112326805329
0.103268737061
0.122063486339
0.108797951441
0.121486587777
0.134446480772
0.125472055248
0.14582865851
0.144869065307
0.103557228802
0.140188003379
0.15231106076
0.113256018624
0.107147195671
0.0865290633535
0.136185674291
0.121553671314
0.176387174347
0.122225741399
0.191845079
0.137713378398
0.152018028146
0.17698678422
0.131272420669
0.0864762573415
0.133972747503
0.111653404172
0.126220919805
0.131294752907
0.114087017477
0.144158047931
0.127018120065
0.139398324359
0.108990584269
0.119395558913
0.17613353648
0.117153817606
0.115862265135
0.176484252343
0.158111323458
0.119324795824
0.171769784903
0.105176876057
0.113017044384
0.153054354628
0.150619444675
0.0934506317822
0.236835317659
0.151060813567
0.136655421348
0.116910498997
0.158610138693
0.112565098494
0.110067313356
0.118293609254
0.141083073297
0.147044508921
0.133393382562
0.185032168154
0.161954097749
0.100200567164
0.114695808504
0.184030002145
0.116839622528
0.115010421843
0.111964858432
0.105342729893
0.175227455276
0.095597027451
0.095272029277
0.130066977379
0.140857573344
0.11141589145
0.109336523549
0.0943886173413
0.10200265935
0.0913402963805
0.159199034676
0.163681412183
0.123717758187
0.103200579098
0.14853966085
0.14046137449
0.118625396036
0.127470500253
0.092723234018
0.175282655665
0.172135536263
0.127473712823
0.169357097589
0.170597354093
0.132587857645
0.133133030356
0.116845653634
0.142162714892
0.110036389555
0.129284499652
0.12342912729
0.107852054899
0.153498356636
0.108858749952
0.127015040512
0.11808988657
0.097674298799
0.116214914788
0.123788220481
0.133200884182
0.144784229878
0.124081864505
0.100900562488
0.137378637286
0.151368039732
0.123550010347
0.118477753946
0.0925241344732
0.168972737107
0.156061961053
0.170057041263
0.126753911785
0.192335604166
0.119840096803
0.156709181006
0.181842659207
0.127853357667
0.0868849218981
0.138563642933
0.113322961688
0.119108365907
0.137854807033
0.118540973354
0.162314255909
0.11989290548
0.152323521095
0.112408692395
0.118343800144
0.213554315147
0.122508652875
0.119445275314
0.219144575377
0.183964892537
0.117206746769
0.159682497269
0.0982647864208
0.11640261187
0.143674594293
0.144455683712
0.0924556985033
0.223022073537
0.150772040018
0.134701755144
0.117657481737
0.159939358976
0.111131645907
0.120895694215
0.126488036785
0.141083073297
0.137127185177
0.130186065406
0.16402725719
0.152947401734
0.109587263713
0.113856929544
0.177359506423
0.11004257045
0.113483291738
0.128856394525
0.104681151855
0.195998959887
0.0923034698192
0.0932531555066
0.130097801877
0.179794168378
0.113412321954
0.112517152987
0.0947952979767
0.115861575603
0.100614813624
0.163390593174
0.16126531708
0.133708072601
0.101023981338
0.140449151362
0.132942392218
0.122435239069
0.128999316635
0.0905975675176
0.158971916078
0.179379676427
0.134453994195
0.147900046058
0.170597354093
0.138056470945
0.149921462342
0.123823820092
0.145708282438
0.113925116688
0.127051828297
0.131295744907
0.101012054035
0.160236145209
0.108974136252
0.118264373579
0.123928491138
0.0996388898098
0.11942359022
0.123088167832
0.13801705179
0.145622953907
0.121711087275
0.1048373493
0.145866874698
0.140993443907
0.117609494276
0.117909939021
0.0967815863375
0.177396980185
0.156061961053
0.156933000865
0.126649944734
0.167343617888
0.122892434715
0.152289442017
0.176513758041
0.133045329048
0.0833914830112
0.1305423966
0.110459389622
0.127154484922
0.138053999359
0.113688187433
0.184491479355
0.117211503693
0.151418187195
0.11520114139
0.112251087196
0.196949966346
0.1228429814
0.125719513543
0.225964568661
0.174261276096
0.121504984441
0.16425324085
0.101244865949
0.118117337894
0.147615857785
0.140173393801
0.0931596209873
0.236835317659
0.157727465534
0.134153760614
0.117226787776
0.164486968158
0.117546500224
0.111039387149
0.121581958942
0.147187951268
0.147044508921
0.14237163045
0.1638805609
0.149910927992
0.115262940044
0.120094708358
0.188721505201
0.108433173239
0.106494409308
0.1231943575
0.102993840612
0.170260599369
0.0979905914022
0.104158157298
0.12436862548
0.15703337685
0.111901937448
0.115732103918
0.0966379815272
0.0989141216215
0.0915877501452
0.167905674525
0.156066781003
0.130576709945
0.0958285868339
0.149474257572
0.138845031278
0.11918795456
0.121972579463
0.0942163605901
0.175282655665
0.173753402815
0.13251605788
0.168749652917
0.157163395062
0.135514077791
0.137221202238
0.119929518895
0.140163123681
0.11274104574
0.136871293629
0.124539176735
0.104126737177
0.151994880203
0.11061300313
0.127015040512
0.10757710154
0.103908030134
0.114788067224
0.115860804259
0.133811938676
0.147586462685
0.120666543057
0.102848055676
0.151605227451
0.158996450044
0.126150668677
0.117909939021
0.102033091125
0.167043106592
0.156061961053
0.155983860819
0.126292380457
0.191355831339
0.112999589056
0.151693271364
0.177209793231
0.135238099501
0.0790038735404
0.141561465604
0.110564139335
0.127974018795
0.135632130999
0.118540973354
0.164109754294
0.121708621016
0.146193344261
0.111923248115
0.11784846455
0.213554315147
0.119667612654
0.123005696036
0.217253222706
0.185679950824
0.124283510704
0.165004341466
0.0967319133865
0.120982543372
0.146852078914
0.144259121255
0.0958519464531
0.236835317659
0.148020143861
0.134156594507
0.113070944211
0.154127104847
0.111503270128
0.105789051369
0.121993441105
0.141083073297
0.149450796125
0.139664951554
0.17637555974
0.141646916621
0.129940097368
0.118686474768
0.165762378047
0.107822364561
0.098889052627
0.116913597868
0.0989095284404
0.190790245199
0.0935726155512
0.0934320437396
0.125592163236
0.190040776916
0.108161949024
0.111974477382
0.095986676884
0.111158402958
0.0950536694132
0.160345743936
0.175392434136
0.125976566501
0.104183985842
0.143279210189
0.136125084366
0.122697665698
0.121353191528
0.0955049522421
0.179816093448
0.175446202236
0.126776459601
0.168749652917
0.157163395062
0.142385348005
0.160395529674
0.123687414242
0.128853358185
0.108813286266
0.128899511786
0.128183156857
0.092144039432
0.165268300258
0.110593779556
0.105104743148
0.105960380094
0.0913429276016
0.112726726606
0.127499833342
0.146222273796
0.12353718034
0.128072517507
0.102915306543
0.151065180814
0.157562625933
0.12475297901
0.111857324604
0.0971816810727
0.171878604091
0.133730117798
0.173826799389
0.127918356672
0.168169235512
0.124298071129
0.146567531515
0.182373011296
0.129111491904
0.0749671769085
0.130675597022
0.106250318238
0.126929759549
0.137726446752
0.112756551497
0.169656009808
0.126630897661
0.148592843078
0.114897064294
0.115954810952
0.197324209884
0.121740968796
0.11980557837
0.226941871567
0.174261276096
0.124959235231
0.162707063277
0.101958919527
0.111117927936
0.146932346706
0.143170974874
0.0951851039102
0.236835317659
0.161171434416
0.132668217249
0.117212175341
0.161016832563
0.112203478178
0.119621489294
0.123190603466
0.152467157784
0.141042415546
0.134491871874
0.161116141514
0.162938669452
0.10667281469
0.127890848809
0.195420545697
0.0996065766099
0.107648841433
0.133817133189
0.105867666751
0.185672742532
0.0889985294704
0.0948642740367
0.120637012071
0.143575539468
0.105613207849
0.112137713374
0.0953970039028
0.11325363508
0.0970975658463
0.156418232577
0.15930596456
0.130639725422
0.0970866132879
0.148946189891
0.137318064146
0.121145870157
0.123472242157
0.0919409353858
0.164234970394
0.176391710804
0.138675520103
0.180186373003
0.157163395062
0.13540869853
0.173898065451
0.121903853944
0.131585023397
0.119295814289
0.123269916625
0.127400328949
0.114061777204
0.153240688259
0.109193342998
0.127522712423
0.1081127928
0.102090974678
0.119693597572
0.115561745458
0.140689599868
0.13580753762
0.125223715775
0.105580689208
0.140630523623
0.158996450044
0.126740849211
0.121489976777
0.0978755692533
0.17782464796
0.145955163243
0.172246213382
0.125540958603
0.177319129179
0.116830615142
0.139412555288
0.186455173978
0.131050858569
0.0856022581698
0.144298584566
0.106392540518
0.128686740707
0.132934593183
0.112671197817
0.187857155438
0.114833897092
0.14389227294
0.116199570948
0.113235171067
0.204837642513
0.119286093194
0.127706043508
0.215842502944
0.174261276096
0.109789984326
0.152959143399
0.0976860069647
0.111120999724
0.143674594293
0.13635880817
0.0989943142483
0.19820513185
0.169870689647
0.131677732438
0.115490632173
0.165395600217
0.113372280801
0.116518751693
0.122948010928
0.141083073297
0.14587269509
0.137189768037
0.185032168154
0.153894248116
0.105422069947
0.11936015758
0.150973908846
0.112300467347
0.107221602671
0.116820932003
0.0973157377558
0.208917107012
0.0895313501623
0.0935356229352
0.109025934523
0.1876574151
0.110042205921
0.108031449923
0.0975066995159
0.10488641882
0.0926889764846
0.167480470136
0.175423702628
0.123895361964
0.101822293348
0.141294014108
0.130123744513
0.127957298144
0.128791234042
0.0906056368009
0.148512234211
0.169419236242
0.133603105748
0.16378418987
0.194391305667
0.127605161253
0.144024046016
0.117348327287
0.134018889335
0.117451105409
0.138733456683
0.126252531073
0.102711822939
0.151817727523
0.105912652209
0.115893346748
0.133579408728
0.108100501014
0.119110218325
0.114223470307
0.112312469571
0.127846901572
0.122126699561
0.111976410566
0.134055305128
0.158996450044
0.133298661743
0.105352032378
0.0964389002393
0.181271386806
0.135496136404
0.161103547224
0.124983435592
0.192187704071
0.114506436538
0.149231763508
0.165060678759
0.128735615236
0.0772642856248
0.139473554531
0.0947040058299
0.125614939106
0.133000537818
0.116795054035
0.169771432248
0.12109416043
0.132711253829
0.111640206095
0.1147027246
0.184132891761
0.13605196354
0.119853418043
0.192803398574
0.171675682787
0.116309864915
0.168459728034
0.0940965016091
0.111129313812
0.147563076352
0.144780923019
0.0899999173973
0.210408536699
0.147795855529
0.123188550549
0.11203451265
0.144424230766
0.120011970023
0.118364085795
0.121049289498
0.132441815431
0.141042415546
0.143106462228
0.178387388856
0.128212197644
0.107769572237
0.117450682569
0.160123941876
0.107934589289
0.0979739702705
0.124018789742
0.102055693422
0.151458047291
0.09436040237
0.0925829433419
0.121454476519
0.172661931536
0.102625378875
0.110985500941
0.0945832536892
0.096850764847
0.0915578001453
0.16215636353
0.17256341671
0.123065142672
0.103913320972
0.142717989065
0.133019201317
0.123050190069
0.110700943929
0.0931775975042
0.149050757677
0.168756433527
0.11625858782
0.180186373003
0.129278125498
0.139277417355
0.125154202886
0.114390049654
0.126647630917
0.106912209949
0.102164973324
0.12358006057
0.110253265138
0.163922643571
0.111539762968
0.113877435706
0.116430690019
0.098109463406
0.109450930054
0.119901041138
0.118645301306
0.137020799712
0.113465911575
0.11065417231
0.145206146166
0.149229819882
0.124609183228
0.10899629929
0.0987337658595
0.180802670181
0.137821151873
0.175182713902
0.12481949627
0.170497886362
0.111978761404
0.141456508852
0.173966336646
0.128067843475
0.0829639157471
0.119603548019
0.115516041878
0.122406288086
0.137726446752
0.116123836246
0.178471979374
0.124157100538
0.151867343702
0.11062639793
0.118634665758
0.190739848111
0.128012278906
0.110177119399
0.23080309922
0.183964892537
0.118012992052
0.157264261254
0.0975700080802
0.11273348804
0.148232276668
0.137933136115
0.0979162859381
0.238276329598
0.142055127639
0.12977253048
0.119115898348
0.168467911453
0.116337497772
0.11678696802
0.120319395376
0.141083073297
0.137000771743
0.139664951554
0.171928907066
0.156757078045
0.110204822529
0.117266743797
0.160831574807
0.108311318795
0.101166284262
0.127097138794
0.110110842961
0.159044132912
0.0936467321144
0.0903022143587
0.126587810229
0.145407361155
0.104626775462
0.112702462473
0.0963292728807
0.103973370821
0.0892695667464
0.166326980879
0.148251186072
0.127633643814
0.0983111275247
0.148952275374
0.134892574224
0.121914789023
0.12150373657
0.0936749047123
0.164326785098
0.169694528459
0.132459737908
0.180186373003
0.18555924109
0.143081123316
0.14889539305
0.117572632642
0.130663362815
0.112549924128
0.122333068254
0.130911300554
0.0942338001029
0.155755072977
0.111415766249
0.103252455598
0.109584392924
0.102090974678
0.115038405302
0.128431270046
0.126324076085
0.128499215806
0.136047572238
0.102033961652
0.149544131537
0.158996450044
0.123038917452
0.117909939021
0.0971816810727
0.166423194119
0.144808337014
0.172246213382
0.127682607122
0.17570176556
0.11935631328
0.146577895801
0.193056211296
0.124298827873
0.0806074571903
0.132540630669
0.111704938877
0.127154484922
0.132038559533
0.115308897432
0.185441722627
0.120501114798
0.150258336399
0.113619152077
0.1100670325
0.182626058328
0.117978075671
0.116887980558
0.215842502944
0.126778542408
0.115452205126
0.138214667104
0.0947425861159
0.107653771809
0.147696391194
0.139343330369
0.0929571299795
0.207238541997
0.11810238381
0.132979585356
0.118290145003
0.149265644432
0.0970248614753
0.120344979884
0.105440479144
0.130450692615
0.140150732357
0.145492402713
0.169768787408
0.128064883944
0.100543289854
0.125051147355
0.162623125344
0.11117019533
0.113366361145
0.103419765459
0.106344181547
0.188199622486
0.0973062089708
0.0962902299907
0.123714342843
0.15409269724
0.110870567923
0.111290996821
0.107228539052
0.112668859886
0.0883524149657
0.149558278307
0.156803096381
0.135216795322
0.0978303730674
0.137439049446
0.133102803124
0.115499250325
0.118881247625
0.0911463922629
0.166897270244
0.154935212429
0.129974286217
0.166562764432
0.190255292986
0.0970888141203
0.134160769371
0.102115308121
0.138331456561
0.135206237937
0.122187537711
0.129999569774
0.104212806894
0.158397061389
0.106862837751
0.118631185058
0.116095300044
0.103374498662
0.130655775538
0.113280425269
0.121403290818
0.132034819805
0.134758723382
0.102483925949
0.146083023253
0.140927301083
0.130352594908
0.11352639057
0.0912700567745
0.142050743651
0.122787083013
0.16788840061
0.124177748877
0.185525776195
0.12009754292
0.136495159201
0.171180587726
0.139973530769
0.0847909742161
0.133278489426
0.106702872791
0.132611042095
0.137726446752
0.116178244923
0.167909801277
0.133209084216
0.144793936961
0.114052602716
0.113216379162
0.192507887427
0.122055659521
0.108623057546
0.184355368709
