0.168134749307
0.0738070473965
0.123731604435
0.059988226517
0.0565672886686
0.090392996935
0.0959513576554
0.0525782906568
0.2
0.0996800820688
0.0713512536517
0.0648581489707
0.120669515907
0.0751450662429
0.0886914312183
0.0657913012771
0.0988751054179
0.114130192719
0.0880083180482
0.0978181687259
0.0850560792717
0.0639722235493
0.0740053842352
0.148834486121
0.0706609071911
0.0754691689723
0.0818270241555
0.0558429629442
0.132951882459
0.0523503371406
0.0592263529922
0.0725015596541
0.101345968106
0.0734517576576
0.0621962352862
0.0565112277242
0.0596973305525
0.0542947340014
0.0944645245256
0.110683898433
0.07927503961
0.0568948201124
0.0814241419894
0.0946055667238
0.0717243730155
0.102663011594
0.0503257785393
0.0843539776687
0.120607087721
0.0852465346895
0.137657316932
0.116519656337
0.0858613737607
0.0853059432277
0.0845628504248
0.0867506998347
0.0749646074765
0.070709674441
0.091220660189
0.0640080340571
0.0983264341658
0.0618380313704
0.0834084763479
0.0643379082966
0.0563012968848
0.0697745558665
0.0552546112139
0.108407383206
0.0967556215006
0.0719492733637
0.0607761998215
0.095035516538
0.124381922937
0.0838345986228
0.0754108773877
0.0564009786295
0.106960162109
0.108539102156
0.124748200597
0.0761020999999
0.139899997652
0.0856577204687
0.0796687059655
0.12755290481
0.0848910841298
0.0398627262611
0.0924728700662
0.0643033639415
0.0816931420534
0.0931746102052
0.0654355289449
0.109119774476
0.0607962960179
0.101919200243
0.0685650799107
0.0754383154681
0.136788018449
0.0908831518753
0.0629645810172
0.155840174073
0.15265014951
0.0814866087732
0.129497255857
0.0565618864554
0.06323688854
0.0926975918815
0.0868628210654
0.0492416859938
0.181717185297
0.0996800820688
0.0694616255265
0.0683086634701
0.114756208665
0.0706173077396
0.0857054797678
0.0726621281713
0.117003467924
0.114130192719
0.102324019172
0.111532469349
0.0888756673434
0.04852867027
0.069708486258
0.154725802313
0.0671414168452
0.0774000342963
0.0789780750919
0.0589005033029
0.145992450624
0.0536905647508
0.0596466173774
0.0759593960272
0.0949754340061
0.0706540152145
0.0587757282237
0.0627943431546
0.0616243075455
0.0505928204622
0.102974386985
0.109220976278
0.0737738772601
0.0505203090414
0.0690148268587
0.0963881765119
0.0709056845599
0.0969705509043
0.0406614287067
0.0997555100364
0.114143694484
0.0917630254621
0.139052988468
0.126214865023
0.0677850279431
0.115287810119
0.0695229272887
0.0753970159912
0.0808898394111
0.0720663769913
0.0808113509479
0.0615030804581
0.101157308254
0.0635380450677
0.0720918580406
0.0720556372353
0.0630238928524
0.0570267168226
0.0653715929489
0.108912174122
0.0916774623082
0.0859479378578
0.0660573149321
0.0881293283457
0.114930097132
0.0866742070813
0.0854838548544
0.0520354189876
0.100676237426
0.106949037579
0.118310787439
0.0678441300988
0.1424663295
0.0812447297419
0.0977421141256
0.117230049177
0.0720649423689
0.0374304030901
0.0853045869571
0.0601791685092
0.0810179256213
0.0955131946184
0.0612580291083
0.119680263983
0.0594175154582
0.100071535859
0.0696759455286
0.0680666625397
0.148287484022
0.0849745764694
0.0674686142597
0.149033912348
0.143139044326
0.0747827965111
0.122581918811
0.0636627479329
0.0711385007881
0.0994096669388
0.0878280724811
0.0497364380602
0.2
0.0929747502461
0.0762971716924
0.0670863843692
0.114144464527
0.0660638321874
0.0664677490291
0.0649118781361
0.077647815608
0.108778317119
0.0798365258844
0.112457313975
0.0761676580064
0.0652033901407
0.0709816276035
0.16100269167
0.0682575380599
0.0643245521959
0.0683955161341
0.0615323230579
0.145014804438
0.0503267884753
0.0653688993762
0.0615201161412
0.105289371575
0.0819121372878
0.0639523873948
0.0617941722848
0.0678578986264
0.043632747416
0.0942316942008
0.108623219548
0.0768500876961
0.0500684311956
0.0834126128153
0.0941082710499
0.0693849771448
0.0898742832248
0.0450343543148
0.117925606311
0.0944540664597
0.0853305362337
0.122957246611
0.123242615966
0.0553576842602
0.0947564748373
0.0920670898507
0.0802640410437
0.0959404647308
0.0552811977687
0.0891400868554
0.0683386169813
0.096443086132
0.0654149869544
0.0647603344211
0.087110074094
0.0707834585196
0.071077998746
0.0736356900499
0.0862190242946
0.102787426898
0.0981860040957
0.0591007367053
0.092792589994
0.112414723606
0.0697709694336
0.0744269439815
0.0443680091478
0.066777105943
0.0867550505498
0.108704373064
0.0726441246143
0.142140338276
0.103440343665
0.0973763000664
0.128223440427
0.0789071635863
0.0456364848543
0.100414047706
0.0647087485723
0.0803598628217
0.0861575331192
0.0654222800383
0.0997449125351
0.0628130741618
0.0874148384484
0.0702096248146
0.0767163979194
0.107057427268
0.0907599773819
0.0584355798719
0.113984446509
0.134254316987
0.079170728778
0.137829031217
0.064059972066
0.0666072287753
0.102010482977
0.102424504742
0.0507330896897
0.2
0.103000549656
0.079710343698
0.0628295806762
0.114169140959
0.077722853316
0.0772286422533
0.0699132839957
0.0988751054179
0.114130192719
0.0975816544024
0.128980246285
0.0917359833163
0.0628477578872
0.0642839750079
0.157559209829
0.0724524144255
0.0803839371157
0.0643640989226
0.0627197171005
0.135645144872
0.049574330947
0.0587244012025
0.0780275216036
0.0795064791014
0.0718091251804
0.0650468395141
0.0551627786405
0.055236626207
0.0504867212372
0.0982945880099
0.112275793926
0.0714592109639
0.0538210793525
0.0854497724607
0.0992680816246
0.0715291155573
0.100046194184
0.0496976719153
0.112453077853
0.116139568638
0.0774392202144
0.137828785305
0.110315671052
0.0569557612042
0.0976433769095
0.0800418296216
0.0806436999843
0.0729521327407
0.0747000814312
0.0839518258992
0.0675252459683
0.0890624132117
0.0628207004798
0.089083417723
0.0802787255095
0.061768119596
0.0700164864232
0.0631722936239
0.0917980417498
0.102915916185
0.0816539182954
0.0616712895757
0.089805718654
0.116534058595
0.0818059901361
0.0850207957582
0.0521129753146
0.1050879221
0.120732459186
0.123372607686
0.0705302213397
0.152125923371
0.0863284440085
0.0986877744541
0.13391379701
0.0776326990194
0.0425404546638
0.0966317208762
0.0656957457967
0.0791877141001
0.0910922889897
0.0697048232298
0.110740140398
0.0597287384264
0.107152583063
0.0736047265543
0.0701469899551
0.148382312746
0.0960485890372
0.0653142813691
0.143672799353
0.168134749307
0.0784412001161
0.134369251982
0.059573930178
0.0693925999762
0.0976999359156
0.103915077991
0.0497194735133
0.2
0.107871949555
0.0779143042492
0.0646282001035
0.113675206937
0.0747843969314
0.0889912287395
0.0804027054496
0.0988751054179
0.107643184792
0.0837308363958
0.111479138176
0.0911586864506
0.0705914564476
0.0641879441376
0.150501418174
0.0691492266747
0.0733729448416
0.077765931602
0.0593688556841
0.169491660556
0.0506302894886
0.0581539024333
0.0789641460323
0.117506281206
0.0736802013735
0.0670126033893
0.0566693606637
0.0706045556758
0.0622954284882
0.0984079402219
0.113225999348
0.0771457422761
0.054586556413
0.0825666263188
0.0929581956454
0.0739421548421
0.100117037383
0.0492634154924
0.0952115678298
0.117502155637
0.085192760602
0.113935331912
0.110315671052
0.0680467211686
0.107558340962
0.0898396967566
0.083119508905
0.0728889784047
0.0738212575566
0.0850154207753
0.0597951086353
0.0961073880196
0.0602529063499
0.0838580145268
0.0908362222951
0.0624605120377
0.0726923574451
0.0647357148579
0.0986147628336
0.0957543790366
0.0751188891765
0.0634328947212
0.0972096897
0.104479138556
0.0747463061084
0.0838175845142
0.0541285941596
0.107428456866
0.120732459186
0.111438934862
0.0765972055231
0.11787516169
0.084640166408
0.097574889432
0.128727154389
0.0791185249982
0.0427257566976
0.0902418942742
0.0630379353732
0.0831157640894
0.0984804136322
0.0660593540371
0.128603053633
0.058132591945
0.1070379848
0.0748966899554
0.0639341476188
0.13859483449
0.0944859047187
0.0630874398376
0.154181701659
0.15265014951
0.0817461701302
0.13256812979
0.0610755038935
0.0708761257458
0.102296733593
0.0999381917438
0.0509995041936
0.2
0.111217540301
0.0776332542813
0.0621533916562
0.120535730399
0.0720425848134
0.0776679626557
0.0723908425913
0.103239818606
0.114130192719
0.102582243524
0.109891448859
0.0803548705967
0.0763895171676
0.0722984060406
0.165482685189
0.0651662695001
0.0733037308336
0.0727015430954
0.0610651626424
0.134916655962
0.0526506811162
0.0710037518059
0.0706290689012
0.083355098362
0.0751185302631
0.0708075715189
0.0571262618909
0.0555334408403
0.0531374330661
0.105506573348
0.10328209117
0.0750993227689
0.0506511223298
0.085678010889
0.0950797700502
0.0733891524576
0.092722242036
0.0489935179922
0.112453077853
0.115750014658
0.081956418805
0.133873521826
0.107071303489
0.0678345666979
0.103105729335
0.0818714306391
0.0796937026717
0.0741704514574
0.0794864300521
0.0784071613035
0.0640290966801
0.0860005183094
0.0651993740879
0.089083417723
0.0745445308302
0.0650054711242
0.068356333615
0.0601506589206
0.0941156672046
0.102520421321
0.0743013365328
0.0650077486218
0.103734659551
0.124381922937
0.0808959266092
0.0838175845142
0.0573643376839
0.0940281641487
0.120732459186
0.109300931239
0.0729673244282
0.143799708686
0.0776708812148
0.101455646103
0.129092275897
0.0826323542359
0.0422892442515
0.0991449772336
0.0626562879546
0.0857602179293
0.0929304884428
0.0697048232298
0.118766124751
0.062040644642
0.110707751596
0.0682833059552
0.0706637057096
0.148382312746
0.0941736866574
0.0676004508122
0.139004567649
0.157608416254
0.0847760581327
0.142221269203
0.0568253442372
0.0707883489423
0.103105973752
0.100846380065
0.0540661184881
0.2
0.105872421988
0.0763573417237
0.0595474985093
0.108259102709
0.0664447958331
0.0690737852501
0.074448391712
0.0988751054179
0.114933254497
0.102324019172
0.121821751017
0.0793850716324
0.0896393920577
0.0726728603131
0.134584219587
0.0634139754385
0.0696614753504
0.0683140928133
0.057668839116
0.157760512756
0.0498055149468
0.0566659417309
0.0743445261584
0.120476757649
0.0696077949167
0.0669669537333
0.0570455095529
0.0649222299474
0.0541237793219
0.0978720615462
0.122376804027
0.0673350896368
0.0542069228654
0.0794631059318
0.0943110658803
0.0791019867733
0.0939094683765
0.0545431578278
0.113375958011
0.118715534351
0.0794541222036
0.133873521826
0.107071303489
0.0714837952245
0.11687195435
0.0904990203621
0.0757722081847
0.070266743486
0.0735205873762
0.0831386213526
0.0541174594903
0.101634930598
0.0654134726618
0.0661244581698
0.0708826873758
0.054620848671
0.0663074484385
0.063939580614
0.103504825832
0.0815669491642
0.0751028075212
0.0618728344078
0.105513728619
0.123428244556
0.0781296546842
0.0769764479853
0.0570164314483
0.10345337955
0.0991037485812
0.119799248184
0.0710355459207
0.126161982118
0.0861599252462
0.0968105080313
0.131286100804
0.0746371993514
0.0389151508585
0.0949902117835
0.0595074965214
0.0825604418582
0.0936182416246
0.064625255513
0.118880050788
0.0623099664658
0.111552222999
0.0744686864013
0.0695636917869
0.138181258494
0.096337449998
0.062791377061
0.149033912348
0.15265014951
0.085900220978
0.132175528165
0.0621240611241
0.0688192533168
0.0965684879577
0.0978583226143
0.048826551139
0.2
0.113826131153
0.0783837181313
0.0612089800873
0.117981035819
0.072990188278
0.0846736252576
0.075363390714
0.106507164838
0.108778317119
0.0982644818464
0.109179906687
0.0967156369502
0.0659540392434
0.0826171547261
0.171523971198
0.0545596073448
0.071380192826
0.0831015177965
0.0612250651607
0.149997875072
0.0460197290433
0.0598854113145
0.0709777606636
0.0792764558951
0.071086247212
0.0723343338471
0.0583071467363
0.0647249687752
0.0573796502866
0.0965126590983
0.105424358284
0.0718267009841
0.0482917875163
0.0841675334887
0.0979174669997
0.0690946164692
0.0978123881028
0.0514860646268
0.102230070775
0.115678571136
0.0904485035317
0.151582028587
0.107071303489
0.0678059740614
0.128406934878
0.0852263745141
0.0767561273465
0.08074120562
0.0718693413589
0.082421259312
0.0690135973642
0.0887130281003
0.062244456814
0.0905379745503
0.0786399024087
0.0650054711242
0.0714465574344
0.0562769207443
0.0975684387539
0.0925772217998
0.0727884716937
0.0652461468935
0.0960210301062
0.124381922937
0.0795772548984
0.088015060047
0.0563464591064
0.106960162109
0.107264998181
0.122962266707
0.0721539766274
0.130595632919
0.0817209980986
0.0890505683563
0.133518616874
0.0766508162251
0.0453957895949
0.105421692232
0.0589177996885
0.0836078077734
0.0959992465042
0.0656323122879
0.143851548025
0.0560836100204
0.101275807917
0.0756509335926
0.0653980105025
0.140245403311
0.0948596328117
0.0687014959638
0.136402804959
0.15265014951
0.0703426337427
0.12109390383
0.059856605872
0.0681617418614
0.0976999359156
0.0924044305058
0.0545773593885
0.174569722322
0.119450889749
0.0776276747303
0.0606392606195
0.121602357973
0.075848454766
0.0829261338767
0.0735532582632
0.0988751054179
0.114130192719
0.0857644818464
0.128980246285
0.085778176075
0.066515982179
0.0742958356497
0.116282390171
0.0681178339537
0.0799439054546
0.0669054311895
0.0561206081309
0.177416183667
0.0500558480292
0.0575419322982
0.0616145237734
0.113455353969
0.0685156229685
0.0639565379365
0.0580444359589
0.0607788719401
0.0540972492071
0.104002465277
0.121975856914
0.0677629613471
0.0516017025957
0.0781950202253
0.0918824504894
0.0810894990755
0.0995117239683
0.0503959453299
0.0909865134504
0.112567071858
0.0834389909267
0.129769528911
0.131522710613
0.0726625111978
0.097685414476
0.0807349004774
0.0761321772567
0.0721410311876
0.081199732201
0.0795098609968
0.061272555621
0.0868260338214
0.0577831048418
0.0788671728154
0.0955642212873
0.0702010767756
0.0739074427875
0.0594142065482
0.0717364171017
0.0797382878639
0.0751831420732
0.0703438279863
0.0822895313209
0.124381922937
0.0860523068242
0.0745417559488
0.0573563420141
0.10749298646
0.0982614887376
0.113706100203
0.0730356101441
0.142261347907
0.0804155869295
0.0953080108848
0.120405379969
0.0751424936047
0.0375205872382
0.102925292569
0.0524917480772
0.0800260597941
0.0937415400114
0.0688957098788
0.127417484519
0.0617250302923
0.0823134463966
0.0728111707779
0.0734351737951
0.131860282698
0.110746099176
0.0640748190313
0.122619759332
0.143555054012
0.0729036446535
0.135686281548
0.055282741012
0.0631218757711
0.098336004899
0.0999644995109
0.0461890525731
0.174569722322
0.102423676816
0.0657567844142
0.059705327532
0.101920672899
0.0783795555213
0.0845841030349
0.0704644316083
0.0903024160377
0.108778317119
0.100578410672
0.12342469073
0.0700593795125
0.0741258887027
0.06842628655
0.131442678751
0.0624643907373
0.064139624659
0.0704647553035
0.0591158022485
0.1215086037
0.0511446200141
0.0549867357992
0.0684351575873
0.104806204954
0.0635423662223
0.0673598824067
0.0571873285184
0.0554611736505
0.0530348812992
0.0999521087036
0.123965755776
0.0682779588133
0.0532158765868
0.0784132669321
0.0911329268183
0.074180057804
0.0776227813654
0.0492868324866
0.0858998683067
0.105213086897
0.0712405298459
0.151582028587
0.0779717351017
0.0738298301728
0.0886942522108
0.0770274759882
0.0746807118963
0.0699539436691
0.0516317879684
0.0785533170678
0.0650938605612
0.0946194112861
0.0627337415789
0.0748982298297
0.0824430745886
0.0605971504105
0.0658125782389
0.0587651383633
0.0803409803744
0.0953868854836
0.0668548826973
0.064130271175
0.0953071417444
0.107647707435
0.0794912550453
0.0767872718743
0.0555237873784
0.110345501107
0.103586924224
0.115218357384
0.0678454064592
0.131263114372
0.0782092597588
0.0859302715875
0.121481029084
0.0765314948425
0.0415887834593
0.0797163453918
0.0682447668431
0.0807992865271
0.0936182416246
0.0673982219022
0.133620524193
0.0620792233447
0.112953262155
0.0678025703307
0.0709399841627
0.129583008304
0.103548734282
0.0600085813954
0.151796303802
0.168134749307
0.0782979887594
0.126634077918
0.0579675732323
0.0697403530428
0.102964654923
0.0956279492349
0.0506287936369
0.2
0.100679292826
0.0732017396127
0.0635609252867
0.124345289956
0.0775520750454
0.0824460010493
0.0770131084353
0.0988751054179
0.105796859385
0.102324019172
0.117451670205
0.091220253777
0.0742642428042
0.0707555686109
0.128924407331
0.0658829173529
0.0653502015604
0.0753547430025
0.0668604079152
0.127294082419
0.0514567090936
0.051898657512
0.0752856878866
0.0846024389829
0.0692222325851
0.0675102437239
0.0569408289076
0.0597558078913
0.0488367803244
0.102203971785
0.096099010866
0.0726746776562
0.0503901382917
0.0870584713281
0.0930659917825
0.0763617837881
0.0933966964073
0.0512982192871
0.100526979687
0.109902986251
0.0819026447175
0.151582028587
0.123242615966
0.0726296428743
0.105767572284
0.0840334769052
0.0767063522221
0.0745029268703
0.067625207462
0.0844127718476
0.0541176993213
0.0893363464508
0.065831150723
0.0628347602412
0.071755471483
0.0650054711242
0.0665819210754
0.0690230609172
0.0872630441217
0.0845267812733
0.0907476167399
0.0618848542301
0.105816207452
0.124381922937
0.0803634663084
0.0838175845142
0.0570164314483
0.0952499560934
0.10937228764
0.122962266707
0.07354133441
0.134181331806
0.082481780244
0.0959055418691
0.139511316662
0.070835621194
0.0422493260898
0.0920859513481
0.0629260809047
0.0831157640894
0.0906093412983
0.0659471992637
0.13927183731
0.0583186922739
0.112763624722
0.0750509293881
0.0624783017929
0.12692805651
0.0944527275982
0.0629110865318
0.136402804959
0.0925172087938
0.0792198289138
0.105533111473
0.0567531675048
0.0628527087548
0.101085518535
0.0937682616979
0.0508764543846
0.167461672792
0.0782590516936
0.0741733757127
0.0644767686541
0.107917417833
0.0538329701269
0.0809637554096
0.0633448783398
0.0962868189425
0.100444983786
0.105737385394
0.108036310659
0.0751871471393
0.0646473742036
0.0784981200554
0.134143567139
0.0712098552156
0.0695629891006
0.0558543202248
0.0631185491562
0.157713811365
0.0528675880099
0.0654235964172
0.0786974491363
0.0846931604081
0.0717935593977
0.0648328259318
0.061074617101
0.0662161272866
0.0475437693479
0.0855081819999
0.114596450218
0.0801044449402
0.0501897849985
0.0772929297101
0.0915871593887
0.0663748270687
0.090579433375
0.047870800048
0.108349138692
0.0929027735
0.0826409326597
0.134765471718
0.131970167595
0.0513446390634
0.100578674831
0.0713946784387
0.0771157246489
0.0887001271022
0.0678411072945
0.0859173218121
0.0608076861571
0.0987997272307
0.0596326562587
0.0816126839429
0.0837810249892
0.0654868540736
0.08704646222
0.0569425073114
0.0792624050809
0.0830598013044
0.0869280187705
0.0586379080299
0.0990014534225
0.0983062661855
0.0858097874614
0.0793934523478
0.0466480931634
0.0744722174722
0.0903572554115
0.117875904326
0.0711635323861
0.142813414027
0.0820525548476
0.0854495139358
0.128194765356
0.0860257713757
0.044439987098
0.0902942760512
0.0636513009873
0.0875738043742
0.0936182416246
0.0683174465386
0.112244809604
0.0675039575106
0.0906257069964
0.0751604966732
0.0703754623154
0.123475012185
0.0954651344544
0.0504377216997
0.122424410632
