0.197151125333
0.115372820854
0.160426413027
0.100551086447
0.104584361608
0.144180129808
0.141999997756
0.102677800469
0.236835317659
0.150149498951
0.132662296177
0.127523145986
0.168275343706
0.117597186171
0.127156680144
0.115530802706
0.146925265417
0.156761820596
0.129015854093
0.156190111581
0.151456877522
0.107024423532
0.122359602697
0.178225025316
0.116055484004
0.115461273001
0.137356596464
0.101653033506
0.174370292137
0.102016618816
0.100099428428
0.129571189098
0.186950523657
0.117208177463
0.112410014981
0.100080847825
0.110908469572
0.0996395952331
0.163412567451
0.167141064045
0.142522724354
0.112613359155
0.143143599583
0.141903815682
0.126331693646
0.135909547888
0.0991491626943
0.155847626327
0.183421306946
0.138167536389
0.169392277702
0.168636167263
0.141672050006
0.127994756387
0.122287151013
0.148821278619
0.109428806918
0.122518316695
0.141505847208
0.111420627788
0.166487181392
0.109970195485
0.129945708384
0.107057772626
0.0955754024205
0.122519199813
0.119286678008
0.156733472061
0.147235698553
0.124034517773
0.106358875135
0.148118532692
0.164555895115
0.129602177735
0.113056908373
0.101327047674
0.186716057678
0.151352979758
0.177389548542
0.132688315764
0.192864275447
0.123023816313
0.129004776131
0.171970767651
0.138725445485
0.0803097864504
0.143757344661
0.115991660123
0.131127259472
0.136065158512
0.119549654098
0.162288988365
0.12336638313
0.147560375646
0.113148451593
0.124553803269
0.196942534735
0.118542622013
0.127342838352
0.238842455033
0.187447508893
0.122591066448
0.165042493385
0.098591993995
0.110885588159
0.143362732309
0.135735858537
0.0984454780886
0.232368334062
0.150149498951
0.127838035707
0.125695333367
0.162339845432
0.121474598688
0.120589057264
0.12588637952
0.162089357072
0.149847025174
0.141964144713
0.168701394433
0.155618826037
0.0877362444035
0.124116699843
0.186820174626
0.115478867344
0.111640995806
0.137793219191
0.106411441221
0.186172216834
0.102879617656
0.101171546354
0.129180304949
0.174905334155
0.114390642764
0.11200282583
0.106963855234
0.109496860485
0.0943350748572
0.171242283451
0.166273220904
0.132627475363
0.103031439687
0.133527208856
0.141028070351
0.123132082606
0.130444262589
0.086862341276
0.166491246492
0.181350555112
0.140828942625
0.168179325579
0.179874614314
0.126142047102
0.158084583162
0.110093612304
0.134774124639
0.124080284121
0.132498451321
0.127281582595
0.107066972177
0.169975901273
0.114679398506
0.11506497324
0.117786850054
0.101499277337
0.106793021239
0.130759503036
0.155662095467
0.144747665283
0.144217685524
0.114031054097
0.145632530457
0.155068748179
0.134068753257
0.123727816372
0.100534758599
0.176718142578
0.143531148083
0.172353885584
0.126663024779
0.202118675697
0.121419143942
0.152513835546
0.166180800544
0.128414292865
0.0762978908319
0.133072741395
0.115706805598
0.122455945914
0.139689660514
0.114529475474
0.171395654979
0.125213142084
0.148557720581
0.118391355619
0.120703555779
0.214197742272
0.115747593992
0.128118147673
0.231022832489
0.178735073054
0.121571172769
0.159672670518
0.108626286595
0.114029454328
0.151987346343
0.131111923827
0.100714864431
0.236835317659
0.149305083682
0.133534516224
0.126278825246
0.164037261914
0.113588496621
0.104501206949
0.113407801246
0.126782843262
0.145400456681
0.1219234469
0.170239032037
0.141553967746
0.105529336533
0.121109247515
0.189564544848
0.116651916477
0.108518706438
0.125810180765
0.11068310177
0.183212304878
0.0967463059628
0.106193037141
0.117439074356
0.176526719288
0.125586760366
0.110773064421
0.113310656592
0.113103707424
0.0846375724473
0.159618113738
0.161491093433
0.135242207438
0.106651637434
0.146563417237
0.143241526706
0.127786095257
0.122240328763
0.0915051206431
0.178899795615
0.165384771322
0.139638662011
0.156802158474
0.187737789465
0.103411034748
0.133909655806
0.128784252124
0.147140958665
0.142458966266
0.116108196052
0.139835964363
0.115196303665
0.15828479581
0.117981872734
0.108112355812
0.126882138283
0.112158847302
0.124676535973
0.137907960086
0.131049893434
0.149933798465
0.150357042135
0.10787540968
0.145493496758
0.157557872714
0.116864125467
0.111313556342
0.0922822513608
0.141383506802
0.124892059244
0.17983790273
0.128252229356
0.200748176186
0.141310816313
0.154740998557
0.180257595996
0.135833211199
0.0912911269723
0.138913393001
0.115816504872
0.127745061018
0.134180997964
0.117873073058
0.148860989425
0.131552949642
0.144550055909
0.11411147198
0.122051229944
0.181291476538
0.120253226052
0.119962342835
0.18133117946
0.168000998055
0.121882549707
0.178608051256
0.106330456831
0.116062438517
0.157287574996
0.154455151674
0.0999193381383
0.236835317659
0.154999418954
0.140640596513
0.121940454885
0.161321223951
0.118132710249
0.113437749553
0.122371669507
0.146925265417
0.149847025174
0.134542979141
0.189482500914
0.164564862718
0.103557176206
0.118696482464
0.186571202072
0.122067021074
0.122661554989
0.12086386537
0.109271703113
0.177980666051
0.0992411199702
0.100489739152
0.136074790395
0.146144660618
0.113961095336
0.115085617854
0.0992102935027
0.107013266143
0.0964655991822
0.162880300187
0.164873391415
0.130018632592
0.109784413974
0.153207178769
0.146903395934
0.125697276722
0.131616674497
0.0956076914918
0.179046191044
0.180530644488
0.131597353722
0.1729221881
0.172753193398
0.137275953657
0.135515507507
0.121326916154
0.146193758807
0.112079711192
0.132893863517
0.128233070536
0.112322457746
0.159183308452
0.115181916813
0.134140182561
0.121832621691
0.10073106151
0.120176092167
0.127875197083
0.139873265144
0.150650762648
0.129873621703
0.105847933664
0.143616355401
0.156499835182
0.126543433613
0.122476440813
0.0966415072844
0.179344671529
0.161655500479
0.170057041263
0.132179593927
0.200418234329
0.123916607949
0.158765128375
0.186427775954
0.132133294644
0.0918104302899
0.144216238959
0.118185979534
0.120632875238
0.141196130684
0.122630033134
0.165729008699
0.125607228128
0.155929609367
0.118161424315
0.122298725966
0.218685606904
0.124791064962
0.124307797633
0.223204910206
0.197151125333
0.121311907505
0.168095659096
0.0996448436793
0.118181805592
0.148010120392
0.149123750885
0.0987990538603
0.223022073537
0.158738428391
0.138769222002
0.123434111016
0.163963238137
0.116701181424
0.123836856477
0.129525295742
0.146925265417
0.139369780465
0.131828346234
0.167611244171
0.157213785058
0.112278411942
0.11756467016
0.179669688175
0.115575961074
0.121123818189
0.13625434627
0.10834039268
0.20077637442
0.0964936481386
0.098891162789
0.136461412348
0.18365253726
0.115752298604
0.118212632298
0.0996028073833
0.120482075392
0.104857089436
0.16770327739
0.162457296312
0.137967468245
0.107661986875
0.145758631693
0.13950251986
0.129383761331
0.133904118735
0.0938878343026
0.163166840259
0.187435118787
0.138111216417
0.150159710493
0.172753193398
0.143206832201
0.153101443489
0.128719761612
0.149271583633
0.115783923353
0.13056925014
0.135653389163
0.106101885979
0.165513761991
0.113369666505
0.124198663903
0.128353023096
0.10304005061
0.123598770709
0.127527987333
0.144709852839
0.150361609078
0.128912702886
0.110019497904
0.151335176164
0.147058293075
0.120012458128
0.122590049086
0.101309573101
0.185514710437
0.161655500479
0.156933000865
0.131710815965
0.171619264431
0.128658838844
0.155177991803
0.179599840407
0.137038432122
0.088880531962
0.13649617113
0.114549023723
0.129316900493
0.141175172614
0.116641620061
0.189241014379
0.122633012624
0.154404944686
0.12130311308
0.115591565663
0.202708438692
0.125382093227
0.131892648693
0.230453625675
0.187447508893
0.124060126264
0.172252946704
0.102624923208
0.120768389188
0.152756196803
0.144771763996
0.0993046174362
0.236835317659
0.162541316563
0.137706954406
0.122722962488
0.168110464329
0.1214839199
0.113102873921
0.12550117645
0.151689905008
0.149847025174
0.143648959984
0.168644755413
0.15419731665
0.117387980454
0.124136931411
0.191262705129
0.113977034213
0.113497560348
0.130952535856
0.107460322549
0.171513590409
0.101173461474
0.111262035981
0.131037418218
0.161659850074
0.114182665402
0.121592493759
0.101248484839
0.104097982839
0.0967644188945
0.171490867209
0.158623804493
0.136163054092
0.102359925863
0.154052386487
0.144826908332
0.126257062821
0.125529449509
0.0974555608293
0.179046191044
0.181659823506
0.136173280103
0.170311804436
0.162681238396
0.137573893676
0.141925731252
0.12467006416
0.143072366237
0.114103313837
0.141049806605
0.128498785872
0.109683915988
0.157938168168
0.116638042651
0.134140182561
0.110344533107
0.106644778751
0.119093056677
0.11994007412
0.14240603335
0.152026444545
0.126477613731
0.108672357244
0.157842945566
0.164555895115
0.129236100273
0.122590049086
0.106866777916
0.175334819008
0.161655500479
0.158334717791
0.130959423959
0.196700389518
0.118171399042
0.154608556713
0.179900750192
0.13915010621
0.0840402959783
0.146324485228
0.115359113397
0.129140896312
0.138973454649
0.122630033134
0.167787794771
0.127788797684
0.149795205069
0.116669919567
0.121496006591
0.218685606904
0.121795933599
0.128136542196
0.222133983082
0.19886618362
0.127471675643
0.171466118607
0.0988545125981
0.123001695925
0.151175488599
0.148602623286
0.101419510728
0.236835317659
0.154363852081
0.137754712535
0.118482330614
0.157591203173
0.117600476085
0.108313840759
0.12613039292
0.146925265417
0.153516598482
0.141964144713
0.180335535224
0.145891435147
0.132170422598
0.121530433047
0.167880044653
0.113366133151
0.104763301292
0.12462405695
0.101972048136
0.195837075483
0.0973894180409
0.100000791967
0.131422468022
0.191445068879
0.110813922561
0.117421170324
0.101680082045
0.116075354876
0.0996686462265
0.163814063105
0.176584413369
0.131959254405
0.110859695041
0.148592318529
0.14319528407
0.129186399279
0.125493773743
0.0988176866507
0.181629915913
0.183423804715
0.130164354154
0.170311804436
0.162681238396
0.144966476288
0.164385922334
0.128797973797
0.132620497422
0.110526237771
0.132238034037
0.13230060515
0.0965226682684
0.171961541703
0.116065235955
0.112017442155
0.111505521593
0.0939853651775
0.117187870011
0.131948537785
0.153884961911
0.12735885479
0.132365781874
0.106562066643
0.157222688204
0.162878296352
0.128421380118
0.116669121538
0.102003798304
0.180768833595
0.138772094281
0.173826799389
0.133532733954
0.17814532936
0.128450031381
0.149707069583
0.185143238421
0.1326092453
0.0800263860154
0.135710063876
0.110661604545
0.129246633376
0.140829104428
0.116388449184
0.172378667482
0.133424195096
0.15155908139
0.120416534435
0.119899042755
0.202639722818
0.124026808021
0.124094804411
0.231022832489
0.187447508893
0.126988401197
0.171120225104
0.103233929857
0.112633316427
0.150757810911
0.147691284074
0.100403523272
0.236835317659
0.167570528455
0.136366403355
0.122990207449
0.164687270829
0.119006493285
0.122336408305
0.126969338626
0.157787648568
0.142911244952
0.137365863323
0.164982513472
0.16611399085
0.109662979389
0.131064803044
0.198244101172
0.104874126324
0.112422396555
0.14037512097
0.109928104876
0.190825565915
0.0929027602471
0.102020372909
0.127333154026
0.147862616004
0.107823185797
0.118287606227
0.100387886414
0.118140608242
0.102145768941
0.160720751948
0.161482028645
0.135360614737
0.103529462274
0.154154385455
0.144887442194
0.128108798216
0.130483497827
0.0956489183756
0.167656366193
0.184779777196
0.142332742325
0.181748524523
0.162681238396
0.138191130974
0.177029618097
0.126373582575
0.134869254774
0.121858513822
0.126810305384
0.131017231299
0.118836116524
0.15933201829
0.114853800489
0.133678678676
0.112296640615
0.105720880398
0.123049979707
0.12035937393
0.148539254312
0.140522831774
0.131289465648
0.110503657799
0.146922595969
0.164555895115
0.129994898214
0.125759857037
0.102773166623
0.186716057678
0.149950548547
0.173562831002
0.131306820497
0.18751669992
0.120558010704
0.142365661477
0.189456253364
0.135361433929
0.0903442693161
0.148733192521
0.111156138047
0.131953554289
0.135847688221
0.115903778974
0.193467182515
0.120301488896
0.147697261523
0.121469047765
0.117526396998
0.209574219519
0.1217956703
0.132842958473
0.219923463866
0.187447508893
0.114393603292
0.160186173135
0.0992761213485
0.113340695944
0.148010120392
0.140191656133
0.105523603436
0.19820513185
0.176140277477
0.136190290575
0.120521260259
0.168875090917
0.118408744282
0.119690108764
0.127502717028
0.146925265417
0.150569269156
0.140063759486
0.189482500914
0.157495464309
0.108327763543
0.122347824864
0.155639567861
0.116832953066
0.11366652255
0.123540567892
0.100155421504
0.215296347521
0.0937200454957
0.100081260778
0.115455775724
0.188973013148
0.113171829225
0.112831193305
0.101938742294
0.109546157942
0.0976311395024
0.171621326336
0.17661568186
0.128770909431
0.107628073434
0.144692978771
0.137760428978
0.135379661733
0.133395410682
0.094307186934
0.151051585662
0.177537823061
0.138418575107
0.165346341389
0.197005563718
0.129837236162
0.147989487755
0.123261919075
0.139576199056
0.11908169349
0.141825343303
0.130398874259
0.106873292208
0.157793271264
0.111478020638
0.121589302861
0.137595292643
0.110353369211
0.123501218204
0.118888637617
0.119145345604
0.132212750892
0.126152783519
0.117467911278
0.140003786797
0.164555895115
0.136367312691
0.109086929879
0.100848492817
0.190903747334
0.140538112887
0.162379313911
0.130353860072
0.199315452433
0.118669411405
0.151388690969
0.167272558945
0.131399087749
0.0817978537072
0.144235037165
0.0986559501136
0.127777354677
0.135463405214
0.120181788347
0.176187819495
0.126379388373
0.136610026013
0.11740860528
0.118734211847
0.190296374723
0.138204563811
0.123893267969
0.197993466775
0.181565357384
0.119237583763
0.176872889861
0.0974420779942
0.114826581946
0.151350694576
0.149363028224
0.0942914482275
0.210408536699
0.156377454557
0.126906206611
0.117490439951
0.148184857908
0.126460170988
0.121286599731
0.124754721232
0.139040756098
0.142911244952
0.145405655388
0.182875361071
0.132073583876
0.110471172502
0.120769408785
0.162042480756
0.113778438081
0.105027089551
0.132116035162
0.106167708612
0.158879904235
0.0985910174028
0.0984806440839
0.127865337184
0.173857929762
0.104305272885
0.11687336062
0.0996810214773
0.1015513329
0.0965226687167
0.166513792869
0.17365606434
0.127906281873
0.110244571129
0.146455491282
0.140591375299
0.129934556264
0.113980369824
0.0960671649608
0.150410962041
0.175942507429
0.11963609323
0.181748524523
0.130571629081
0.142472628369
0.131386214307
0.119999473168
0.129917318416
0.109999604707
0.106866360187
0.127653906352
0.113482422932
0.171141337107
0.116859385677
0.121052742213
0.119198121586
0.101945083917
0.113539653112
0.124061277996
0.125840817879
0.142718604733
0.118972256639
0.116583874976
0.151111872329
0.156167618901
0.12714011023
0.113418692649
0.103506937385
0.189036643215
0.143625891907
0.17714214843
0.129860353541
0.178326004471
0.116503070863
0.142994792903
0.176684586926
0.131320420636
0.0874902919951
0.124739067223
0.119613189496
0.124113458274
0.140829104428
0.119610233313
0.183178627537
0.129865329914
0.154256749694
0.115486225318
0.121384760338
0.196681219534
0.130201178138
0.115724885307
0.233836418649
0.197151125333
0.121430949868
0.165491397407
0.0990880710646
0.114617340217
0.153029926418
0.142804194129
0.103226292021
0.238276329598
0.1491860115
0.133399546887
0.124886881796
0.172250479646
0.122765422979
0.120207023487
0.123346329181
0.146925265417
0.139837734009
0.141964144713
0.17588888255
0.160619665113
0.112830415772
0.120409847344
0.162786343982
0.114444179481
0.107263612652
0.134315157965
0.114163814055
0.163941042048
0.0968388804568
0.0955215681257
0.133164606863
0.150230322257
0.106966752113
0.118798120891
0.101459481723
0.10843751562
0.0934950328021
0.170320980058
0.151013062967
0.132694042984
0.104760666875
0.153517465342
0.143171749264
0.128984992491
0.125325511209
0.0968241704885
0.167148286711
0.17487640936
0.136116960131
0.181748524523
0.187737789465
0.145353435577
0.155345461912
0.123881692283
0.134921533656
0.114655879962
0.127364077615
0.135277150936
0.0989921753539
0.161415572128
0.116566002364
0.110626491065
0.112828096695
0.105720880398
0.11927792934
0.132355859693
0.135909455322
0.132919804076
0.142329606146
0.107438192757
0.154706876325
0.164555895115
0.125931509573
0.122590049086
0.102003798304
0.174059928137
0.149850313498
0.173562831002
0.132741102205
0.183633209469
0.123576691025
0.147659707318
0.195826438422
0.12773710909
0.085592339414
0.13782232844
0.115938648692
0.129316900493
0.135141217208
0.119204357857
0.189201456346
0.126214666732
0.154590988547
0.119139556361
0.114626233459
0.189051720738
0.120588035861
0.121846981598
0.219923463866
0.137624835757
0.117618610924
0.146827295555
0.0972897930495
0.110499395762
0.152974034692
0.143307935867
0.0975724197532
0.207238541997
0.125830560793
0.137323842783
0.121300472561
0.153611888823
0.102110386644
0.125792321923
0.110450486214
0.134691306509
0.142944031004
0.149640769915
0.172995589186
0.133832895301
0.103553648012
0.128701140333
0.165762676106
0.117307999762
0.11811886175
0.109749110533
0.111340740104
0.193868556553
0.100793079809
0.102714515831
0.129673939173
0.15409269724
0.113395784169
0.115862957009
0.111831437259
0.117925168378
0.0925337998917
0.153894047666
0.157995075613
0.140762646942
0.103204272905
0.141015048854
0.137770991988
0.122502616282
0.123766148308
0.0944290426049
0.170660805623
0.161762850608
0.133387693625
0.169339922689
0.192433841362
0.104292838849
0.138307545091
0.106776076726
0.140969966793
0.137365797793
0.125979723802
0.134355206489
0.108619889344
0.163896665651
0.112249895031
0.123433903757
0.120070097074
0.106780523552
0.135152378374
0.11689127468
0.128393164811
0.136470113867
0.139792347311
0.108037745635
0.151227174046
0.146702441951
0.1358365369
0.117697833296
0.0959329745115
0.147969602705
0.128452638971
0.169351309077
0.130331542943
0.191812266322
0.123753699487
0.137080601602
0.176310625444
0.143551795169
0.0900956310824
0.136771399214
0.111148795311
0.134927915922
0.140829104428
0.120239768253
0.17089812331
0.138138281354
0.147657100147
0.120133131046
0.115462479289
0.197474612234
0.124946540968
0.112395743207
0.190651508487
