0.124956203327
0.0620282573646
0.104416171513
0.0526185096077
0.0515362576135
0.0701865580185
0.078214635453
0.0406341883109
0.2
0.089496574284
0.0614071472183
0.0528848828569
0.0975013609106
0.0721877302647
0.0869903542572
0.0485545056814
0.0882357758589
0.107650995593
0.0823986287285
0.0880532278431
0.0750508472374
0.0515480519234
0.0642922204138
0.129127255948
0.0547538737253
0.0645119661539
0.0676523749915
0.0485070850524
0.121562147233
0.0418967852229
0.0507835519767
0.0639760218903
0.0715998367078
0.0590731185702
0.0539398471998
0.0484781197935
0.0494540073241
0.0461299807989
0.0829402406439
0.0944749054494
0.0672265738643
0.0467872273452
0.0686697656045
0.0830347732104
0.0612419521824
0.0933241085234
0.0438734849919
0.0715205935221
0.102313931013
0.0726940752247
0.126295434886
0.10907222772
0.0791444153441
0.071788555259
0.0725145915344
0.0764008377607
0.0683636070152
0.0611306125391
0.0762624202821
0.0624487135094
0.0823513921065
0.0489109614685
0.081858052159
0.0526745046753
0.04707604348
0.0582762551221
0.044699346766
0.103799692249
0.0770476139017
0.0570760398854
0.0479186130267
0.078147238254
0.111788400874
0.0717421919261
0.0693416590897
0.0543981241382
0.0974520586485
0.0958202434523
0.110454798153
0.0665952731979
0.120521335971
0.0727135087939
0.0740779048032
0.103427030733
0.0657734950127
0.0318482782611
0.0746258283448
0.053486640811
0.0769504200274
0.088769393711
0.0559312705636
0.0917651084668
0.0543413371831
0.0816598803335
0.0565998608498
0.0602907513074
0.121293640041
0.0800457880683
0.0452074763557
0.122199692462
0.1164061362
0.0712709285676
0.110579970628
0.051056599358
0.0578559005489
0.073226029788
0.0736620436215
0.0387999168235
0.181717185297
0.089496574284
0.059660079008
0.0580442136598
0.0925004526231
0.0669835749256
0.0813016156751
0.0512081930567
0.108781597535
0.107650995593
0.097458939063
0.0994016121707
0.0806375302705
0.042557027653
0.0606595116183
0.132864204816
0.0552037069875
0.0683612442822
0.0650530155787
0.0513468240264
0.133517415718
0.0419511847705
0.0499487579028
0.0672131081567
0.0685344283183
0.0566174757354
0.0492380665606
0.0558193718752
0.0515432308331
0.0418108362837
0.0920516394788
0.0933552737596
0.0634415287943
0.0420913444281
0.0558288436949
0.0814816993848
0.0585679342777
0.0862099761303
0.035473296431
0.0853179528715
0.0964868949613
0.0782882466773
0.131520252667
0.118767436406
0.0600286753213
0.0958697590505
0.0612429216879
0.0670051061877
0.0747344434118
0.0588174612524
0.0668906386286
0.0587530652924
0.0808874598188
0.0512566147309
0.0705006777605
0.0674385678558
0.0520175056951
0.049676643337
0.0533247285644
0.101217378109
0.0730781140808
0.0664074081226
0.0549226372172
0.0748737442205
0.104528332358
0.0728532945717
0.0803288413694
0.0460474160961
0.0869423102054
0.0964192319808
0.0989168184809
0.0559540383741
0.116549689036
0.0676432786646
0.0865924269284
0.0944149249483
0.0531739180613
0.0293907075059
0.0721336520096
0.0511604143146
0.0755076056291
0.0923696231966
0.0544647698905
0.102932707166
0.0531413844122
0.089667911362
0.057145461843
0.0509220318069
0.138080506905
0.0715552562617
0.0485065699888
0.118451656338
0.13719515918
0.0650403029555
0.105458903505
0.055665308538
0.0665064524969
0.0760756527611
0.0752912664734
0.0410092205461
0.2
0.0856390862156
0.0652450748611
0.0571574378996
0.092940256273
0.060675074563
0.0649084284813
0.0487816422041
0.0723740243646
0.102299119993
0.0798365258844
0.0890909032193
0.0679857660898
0.0515833629345
0.0575433628498
0.14934613436
0.0548306579161
0.0522279550094
0.0557469593401
0.053075346284
0.124974604358
0.0406401600368
0.0553689888047
0.0546967532471
0.0729326275645
0.0734250202347
0.05361657483
0.0548770449058
0.0562620794329
0.0342351629169
0.0802028278518
0.105061333091
0.0651751527878
0.0393538142596
0.0694413936054
0.0764226537893
0.058355789192
0.0817001859892
0.0394790178453
0.103229769801
0.0721758606245
0.0719721639006
0.115182389666
0.113312711145
0.046852371924
0.0838424537786
0.0809966942298
0.0712476793924
0.0889170142421
0.0452600818273
0.0767134636275
0.0668906764727
0.0822204377313
0.0526003550745
0.0628643171629
0.0804482896717
0.0629402306023
0.0568885539192
0.062698117516
0.0736296358101
0.0845465717415
0.0816234631537
0.048248077659
0.0772444819164
0.0986919505132
0.0521907130176
0.0697686664492
0.0397686999371
0.0635556708501
0.0773471586569
0.0844061305394
0.065475672863
0.125212979124
0.0881898818122
0.0910378488651
0.103650755531
0.065715040792
0.0380559022054
0.0842166071987
0.0563725781916
0.0732886991579
0.0827108156881
0.0577303650412
0.084393278747
0.0584364108192
0.0731884226809
0.05647449776
0.0586206731111
0.103889517681
0.0785327754767
0.0434417929715
0.0880691165874
0.101603243266
0.0693289352217
0.119419329702
0.0570411940571
0.0624184075455
0.0800866009894
0.0845185550571
0.0415071174682
0.2
0.0908599155567
0.0675959831928
0.0529711550744
0.0934770018286
0.0757888144197
0.07578926944
0.050664905305
0.0882357758589
0.107650995593
0.0927165742934
0.114452449238
0.083415547959
0.054247690208
0.0564107332746
0.136614350741
0.0590786934912
0.0682738376995
0.0535138637714
0.0543647690361
0.126425102467
0.0391497445662
0.0481191757402
0.069928260728
0.049499404697
0.0562655297576
0.0541885737855
0.0488489419566
0.0451513392762
0.0434396556098
0.0868427533539
0.1041323039
0.0607502391861
0.0441137277298
0.0713004468342
0.0831028042941
0.0596438358169
0.0907315450115
0.0439835225492
0.103668014829
0.0976240247427
0.0648157246539
0.129219944389
0.10038576623
0.0549027630629
0.0827987919018
0.0689485820117
0.0656935162624
0.0651828954145
0.0620588654397
0.0685807749143
0.0661738348269
0.0731958294433
0.0497223356602
0.089083417723
0.0718197711239
0.0539239598687
0.059716944055
0.0502829005619
0.0850822880851
0.0815610115949
0.0657320374745
0.0492210736006
0.078918907286
0.104909268998
0.0720423074061
0.080472254448
0.0465820378335
0.0947874766849
0.111338839958
0.105918035623
0.0596640145002
0.127935545244
0.0714568506023
0.0925492805324
0.107267082253
0.0605992358191
0.0355114431291
0.081966792961
0.0575659378611
0.0720390491021
0.0877069043816
0.060746594824
0.097390397314
0.0548072108119
0.0937628658791
0.0612175270529
0.0536823888139
0.134403021704
0.0823654965916
0.0479360150019
0.114881238896
0.124956203327
0.067531355614
0.116350224215
0.0521624344465
0.0638847583369
0.0726983754549
0.0876379416275
0.0408228894486
0.2
0.1001443085
0.06648103035
0.0542891595806
0.0914757160411
0.0738276713899
0.0841391977121
0.0609734561692
0.0882357758589
0.102660756584
0.0837308363958
0.100438196253
0.0762605404566
0.0597060508358
0.0520537447639
0.131460637184
0.0557288771852
0.0633159798276
0.0623961347806
0.0496284286464
0.151982000519
0.0422010299777
0.0473728334849
0.0712051382958
0.0815934070556
0.0572333905228
0.0566403889903
0.0504635188187
0.0601773708281
0.0532014890913
0.084843272492
0.102274540415
0.067343726032
0.0440805171459
0.0702622284473
0.0801886418886
0.0610632850457
0.0901110698074
0.0437452544513
0.088426204935
0.0976912166705
0.0726403011372
0.105735199601
0.10038576623
0.0582742946953
0.0940814334823
0.078626262792
0.0705938181578
0.0666812063606
0.0634821556156
0.0709596264829
0.058443697494
0.0748015257628
0.046590667035
0.082018993901
0.0840657318817
0.0546172460241
0.0619725263338
0.0529148976075
0.0940070718759
0.0740643392895
0.0634917191383
0.0505840813761
0.0838694650287
0.0959286282872
0.0575464365762
0.0789847593721
0.0520327248283
0.0971280114509
0.111338839958
0.0929617055849
0.0647381351708
0.100990151689
0.0702501025753
0.0937301705894
0.107052615555
0.0622436478661
0.033734785229
0.0726369947556
0.0549195240932
0.0791406568962
0.0953323245278
0.0569612310584
0.110202420847
0.0534241301328
0.0948163161614
0.0617767611627
0.0451347056907
0.126122690551
0.0836399925237
0.0504411122105
0.12260451428
0.1164061362
0.0717890138453
0.121352344453
0.0536640081621
0.066687304516
0.0778443876714
0.0833087031772
0.0417241887989
0.2
0.103489899246
0.0662393496007
0.0507875528645
0.097723452894
0.0687471245162
0.0717497919709
0.052020367951
0.0956901241587
0.107650995593
0.0971765989589
0.0988505069361
0.0668452724854
0.062483399412
0.0658417654667
0.147725461852
0.0517826932801
0.0597179157015
0.0609900518481
0.0533494800243
0.114760441879
0.0424321805263
0.06262427148
0.0621448385378
0.059042582025
0.0572173745112
0.060928297456
0.0503004323959
0.0462699591965
0.0465718349732
0.0921650823542
0.0914181195239
0.0621850016643
0.0405963091999
0.0715555519308
0.078751783638
0.0606169200024
0.0847891336567
0.0426726438932
0.103668014829
0.0979975140429
0.0692851858305
0.126340786025
0.0985599564991
0.0609786658508
0.0857691621619
0.0709630784242
0.0706562613449
0.0676781136242
0.0665728809363
0.065077278028
0.0623398327534
0.0676110681564
0.0507642290437
0.089083417723
0.0666897874722
0.0566720009847
0.0582469908837
0.0468558314569
0.0850822880851
0.0828587701308
0.0596369228362
0.0525146181424
0.0895192243578
0.111788400874
0.0679964082669
0.0789847593721
0.0518477736589
0.0857878078165
0.111338839958
0.0932965800902
0.0628169049318
0.122633127825
0.0632276075743
0.0906701355913
0.102736520432
0.0650749393172
0.0351618729107
0.0777621629439
0.0538250216906
0.0789157511236
0.0895451038347
0.060746594824
0.0970451736889
0.0562286655179
0.0990208006665
0.0542843604296
0.054853967545
0.134403021704
0.0807857555351
0.0502833003513
0.106628574086
0.150673883584
0.072162694184
0.117445106023
0.0500911918853
0.0640612652458
0.0792467390593
0.0835022837605
0.0452590635257
0.2
0.0981447809321
0.0611816836204
0.0504726235958
0.0860115121965
0.0638068102536
0.0677372247806
0.054003447193
0.0882357758589
0.10786503945
0.097458939063
0.106399826737
0.068054012764
0.0739863376536
0.0616047177953
0.122214058702
0.0514353660178
0.0600645383408
0.0582079179388
0.0463260293674
0.146844481788
0.0394105925456
0.045952026095
0.0666586153684
0.0944703252215
0.0553115026642
0.0560672470414
0.0484178395751
0.0547674940371
0.0458837147664
0.0847733754717
0.114233314001
0.0569307792806
0.0435191961748
0.0660463475184
0.0803080093724
0.0659485171243
0.0872189953749
0.0487888141184
0.104651920003
0.100912357308
0.0666329903623
0.126340786025
0.0985599564991
0.0635990002645
0.103205277295
0.0808008535141
0.0629591367632
0.064116107644
0.0605758685857
0.0690527144307
0.0525581389426
0.0840090875947
0.0536542633984
0.062633813362
0.0568135647784
0.0484892844294
0.0576283751167
0.0544881106222
0.0943242418967
0.0660471294706
0.0565702352808
0.0504575179816
0.0879546494676
0.113026479781
0.0598551564198
0.0724279066751
0.055013576957
0.0946244263367
0.0918778876362
0.105046453326
0.0605892428743
0.106491466293
0.0730184132688
0.0867066289208
0.105493010866
0.0565325664038
0.031945904398
0.0813484286134
0.0494356549979
0.0796915201439
0.0904746702028
0.0560542209781
0.102302436032
0.0573132232775
0.0980083625331
0.0605936161173
0.054395605994
0.126668510244
0.0830406212145
0.0473815187019
0.118451656338
0.1164061362
0.0740371002126
0.1167521998
0.0543664643774
0.0646304320871
0.0736053575016
0.0790793079
0.0377258528629
0.2
0.106098490098
0.0658475170843
0.0507825249934
0.0952905137398
0.0720897407096
0.0832342524443
0.0549799932149
0.0997801799743
0.102299119993
0.0982644818464
0.0960095222269
0.0820994941546
0.0555701867881
0.0720432045401
0.151793723045
0.0424869252915
0.061240289906
0.0663091789523
0.0520236646284
0.124479212886
0.0371746361875
0.0525526240877
0.0645520096265
0.0626182436728
0.0561686174188
0.0615019713259
0.0515357260185
0.0531766387185
0.0482882425603
0.0852077642888
0.0881566011089
0.0599678804769
0.0389944351507
0.069256949707
0.0831833665111
0.0595626371751
0.0865373014268
0.0463618062704
0.0942436498448
0.0977704647846
0.0779880185613
0.140240603265
0.0985599564991
0.0594391944441
0.113214954436
0.075077055738
0.0684637506467
0.0716859789049
0.060542035148
0.0693048178437
0.0673243334375
0.0703583452067
0.0479200561602
0.0905379745503
0.0688710475355
0.0566720009847
0.0597302795804
0.0452356293474
0.0913293855899
0.0749820353164
0.0555879996661
0.0527426971793
0.0819260766379
0.111788400874
0.0656463112683
0.0831822349049
0.0518529218668
0.0974520586485
0.0940803092236
0.105507694644
0.0617772524728
0.111649039255
0.0714358698727
0.0826907044266
0.10821325377
0.0625022240916
0.0382204990608
0.0841164472989
0.0520770128625
0.0810129139203
0.0930610300068
0.0579172558691
0.123997581561
0.0493662053806
0.0918242428457
0.0624838302881
0.0490594204394
0.124677639297
0.0820742205199
0.0520570969012
0.107808328618
0.1164061362
0.0627082498141
0.104128242629
0.0534776538938
0.0638956718816
0.0726983754549
0.0773618313503
0.0450343663443
0.174569722322
0.112153089505
0.0662385072468
0.04973029628
0.0998671920468
0.0748279475218
0.0788595661566
0.0563272037643
0.0882357758589
0.107650995593
0.0857644818464
0.114452449238
0.0789631988318
0.0554704107927
0.0619881826863
0.099696781524
0.0546218799307
0.070468167995
0.0548190210691
0.046289530217
0.163442104642
0.0375659279819
0.0464603314011
0.0541612216636
0.0836051606699
0.0594565117442
0.0522710105495
0.0521185625584
0.0514121378583
0.0479206478062
0.0892622148466
0.110987347418
0.0564560747042
0.0412087289095
0.0652289100748
0.0702032195804
0.0676933846614
0.0901728208976
0.0454355443403
0.0791704516844
0.0959801897899
0.0675648813017
0.118393799798
0.125708976539
0.0607740704447
0.0831266483079
0.0660219960133
0.0669301432463
0.0669010524763
0.0727877413864
0.0673647059108
0.060005607676
0.0688843280288
0.0460091641552
0.0773774449697
0.0901807930461
0.0619383747019
0.0628266897192
0.0493757681896
0.0652726125544
0.0647690628457
0.0600264444402
0.0590819742978
0.0698657063221
0.111788400874
0.0745749808454
0.0714666155701
0.054685869359
0.0971925410447
0.0893823490933
0.0934674591726
0.0625458255902
0.12563150715
0.0644454216964
0.0851210305532
0.0958298798184
0.0602196563875
0.029151187709
0.0855309291122
0.0446382662049
0.077431165941
0.0875242464232
0.0601152266778
0.107563518054
0.056337927384
0.0660691172976
0.0590082913918
0.0543255339009
0.11383636689
0.0962777448689
0.0504015824673
0.0913326031689
0.132886090771
0.0648421666248
0.124353246257
0.0484827017635
0.0577569738161
0.0777675075307
0.0827977481983
0.0381564204023
0.174569722322
0.0990420558544
0.0542215189442
0.0504292246419
0.081944949607
0.0756773509678
0.0795199643831
0.0531079402311
0.0755296438425
0.102299119993
0.0981458706176
0.108896893683
0.0606083613894
0.0586982562387
0.0569004473219
0.108480687649
0.0510894999532
0.0589208699459
0.0581858072769
0.0493219393376
0.107564501317
0.0405996829834
0.0453391465894
0.0600815032296
0.0830003256875
0.052397188571
0.0569110716351
0.0492410009637
0.0465788328589
0.0456193515733
0.0864348231872
0.11650088992
0.0570392943054
0.0431664587493
0.0652393387375
0.0812151038068
0.0589830322602
0.0738516760851
0.0432234018731
0.0764401619295
0.0848595318294
0.0582651803038
0.140240603265
0.0662640112093
0.0647641310403
0.0725419087698
0.0668068353706
0.0632091618232
0.0626446193247
0.0389288128243
0.0662032841694
0.0650938605612
0.0764480469662
0.0500472534423
0.0721956249974
0.0760721044367
0.0528665207423
0.0571193491419
0.0461352807824
0.0765012379096
0.0770865927131
0.0487043546969
0.0511500401112
0.082166007979
0.0982298557208
0.0648461440699
0.0698352819547
0.0526488558443
0.100837397647
0.0945819727729
0.0951414280169
0.0585071459875
0.109043067406
0.062760884686
0.0790423591828
0.0960175693002
0.0574182821813
0.0345278932346
0.0649848375374
0.056208265812
0.0718491076435
0.0904746702028
0.0585569782813
0.104026267876
0.0579031860441
0.100938956879
0.0521295036897
0.0533897140596
0.118070260054
0.0903417110567
0.0436691307942
0.123762569127
0.124956203327
0.0681919390322
0.109668416717
0.0498149279277
0.0647093219877
0.0802901154265
0.0808314115879
0.0404358296172
0.2
0.0937244158759
0.0622613484841
0.052614295602
0.100073889484
0.0765953495039
0.0795243825963
0.0573509295756
0.0882357758589
0.0993176622596
0.097458939063
0.104633025752
0.0824107800948
0.0613275028273
0.0593473034807
0.112812977263
0.0531819602253
0.0557102472192
0.0594923093638
0.0565870367753
0.109693911065
0.0418740884418
0.0412651199064
0.0658878267342
0.0658619502329
0.053427095157
0.0570718799914
0.0486215281512
0.0509081587988
0.041938276588
0.0915160874216
0.0852430724531
0.0633338014337
0.0401264193406
0.072907239512
0.0832820763229
0.0628389705019
0.0835416751674
0.0459078527831
0.0937416167925
0.0909444577661
0.0692314117431
0.140240603265
0.113312711145
0.0675938140668
0.0940814334823
0.0732722593685
0.0682314024341
0.0672830538484
0.056587911966
0.0709976223982
0.0526697588127
0.0709505951656
0.0523896751816
0.0593441154334
0.0644925629387
0.0566720009847
0.0583368014197
0.0559619392931
0.0830742341601
0.0669036239788
0.0752241042006
0.0521319628721
0.0902563819967
0.111788400874
0.065053666551
0.0789847593721
0.055013576957
0.0864210028804
0.102146426696
0.105507694644
0.0626393787226
0.111988065409
0.0694288704412
0.0872379440294
0.110902935261
0.0530300335582
0.0347661473459
0.077295560031
0.0525767511103
0.0791406568962
0.085889466483
0.0560668835344
0.111868370134
0.0509350688119
0.100816604826
0.0611731954446
0.0451347056907
0.116066220683
0.0815378701091
0.0462915209076
0.107808328618
0.0876567076931
0.0710160607298
0.0935988698616
0.0474601319712
0.0573637446618
0.0784961442064
0.0774424102166
0.0429609020357
0.167461672792
0.0753239327527
0.0621593097029
0.0540497074819
0.085650272905
0.048184295395
0.0795243825963
0.0505385007248
0.0872449284203
0.0939657866597
0.101314585295
0.0878712558956
0.0653853679897
0.0517955733957
0.0670892658556
0.114502044407
0.0567572757347
0.0554714743052
0.0469526326892
0.053663844505
0.139121674855
0.0420649478982
0.055284642647
0.0710535985482
0.0636943377459
0.0612251020658
0.0544460091673
0.0530814380536
0.0550283868428
0.0388024573878
0.0713413571531
0.103820173146
0.0708465574495
0.0399215372185
0.0669512569164
0.0737911136732
0.0543111015615
0.0806986273371
0.0413782738156
0.0995640756688
0.0728978918755
0.0709796380176
0.131379969923
0.112531003815
0.0349632710696
0.0879981196971
0.0591338518406
0.0627151878599
0.0795387658564
0.0580287531385
0.0713859322374
0.0575444610032
0.0798201674089
0.0485707576028
0.0755913498263
0.0744850046071
0.0550338744605
0.0729827845214
0.0469089126801
0.0732530730751
0.0655927907823
0.0739976406533
0.0489769908089
0.080215463642
0.0850855993926
0.0760164462553
0.0758861635436
0.0435156699332
0.0643539965014
0.0812102686385
0.0984819353674
0.0606265590771
0.124052291804
0.0680858183943
0.0774327627042
0.106406610395
0.0692162767522
0.0356587753229
0.0705467315128
0.0542171865826
0.0847935609602
0.0904746702028
0.0586382994228
0.0884683625709
0.0605197254868
0.0765383910112
0.0612844191905
0.0538329436911
0.114252597679
0.0811290842124
0.0390301635486
0.101502549102
