0.749737219959
0.775207574916
0.779579320167
0.83231691182
0.71608903625
0.824731544144
0.71713356124
0.710074352397
1.0
0.634117755371
0.760690719446
0.762538756965
0.840808280674
0.82127460013
0.774429164605
0.623070817477
0.849833850552
0.761660629792
0.64983419937
0.797088576178
0.726067563131
0.519957243402
0.62805797006
0.8991496407
0.800626358221
0.644683197663
0.740608142096
0.764753798799
0.650655384351
0.801393875731
0.621202115357
0.691536263806
0.555717897309
0.683679228568
0.703198186654
0.739401067589
0.754402837414
0.67525823346
0.631343411083
0.664503814213
0.765673177384
0.713056122233
0.809681503831
0.7411084712
0.922462009579
1.0
0.807165612348
0.56180284791
0.944258802085
0.873653039865
0.811388422584
0.677145231615
0.780067791955
0.531711726158
0.642879937026
0.789926147687
0.778925502908
0.75862064438
0.814801529126
0.604571424909
0.802990338015
0.777450694459
0.806908012915
0.571907023694
0.639981833682
0.614633457287
0.676294297317
0.833282249763
0.742937976765
0.543048291927
0.718121506208
0.667256182857
0.817961019235
0.615298247459
0.91572422382
0.896430238853
0.955990593021
0.783722723054
0.734332929202
0.798272085462
0.763842907868
0.754720947908
0.707051012933
0.836324043206
0.674698548818
0.701389024037
0.757823029657
0.704399519837
0.95679237931
0.909282242139
0.820803409104
0.655827598652
0.769377278984
0.722692396318
0.865394437578
0.698594439829
0.803579922932
0.784817647772
0.578183660743
0.79292149354
0.698436817202
0.803607775926
0.770025464698
0.818752915849
0.769507997959
0.871120753038
0.680417213838
0.718180391299
0.854292963242
0.634117755371
0.709475661171
0.811457130079
0.825329103065
0.7715342793
0.824451141813
0.671957496646
0.865167364882
0.761660629792
0.8
0.820980522292
0.735146348433
0.478238610602
0.590689953414
0.809663602621
0.77682761701
0.647518588361
0.822055964392
0.801386878686
0.708697757865
0.792008173164
0.670628607217
0.62105279082
0.564416213686
0.711446968307
0.707515354547
0.767532307174
0.841849837869
0.622335824881
0.577434173449
0.677285257737
0.762742987848
0.711575493642
0.765044706157
0.777623844575
0.726352986814
0.822151007501
0.673003630439
0.615131995596
0.819105101089
0.880002223261
0.815280989117
0.759554505446
0.511563896173
0.760099146476
0.664523673203
0.801151273743
0.715471040391
0.757893365049
0.722323458817
0.611050116988
0.731321312743
0.841433313017
0.734077290632
0.65942714653
0.780124547153
0.529933315335
0.666404774259
0.804191354372
0.708748948255
0.538391459434
0.763181636512
0.792610077267
0.691899494935
0.682615440962
0.947663291635
0.770914749671
0.723820221827
0.831259973722
0.730323393837
0.728750931838
0.812447484595
0.739798250086
0.774729566323
0.835669564406
0.63170138663
0.662057940236
0.800339415526
0.633928973443
0.877835238911
0.915715737875
0.780963990955
0.822632577978
0.82888503151
0.806740798957
0.839510149778
0.617748700565
0.857743550332
0.70688494435
0.635365128447
0.772450373372
0.814587614917
0.761649690861
0.808611832789
0.825876239767
0.817823440824
0.843532599143
0.718286314121
0.776504345507
1.0
0.58953228854
0.752831222372
0.773876061095
0.806203352635
0.716444736959
0.593225230722
0.597338448662
0.645257819405
0.702789998193
0.629262535165
0.631919224433
0.599288462005
0.591788675456
0.652424335119
0.846814354211
0.720449594067
0.559967768944
0.711316023258
0.799990470685
0.827802213049
0.700991688074
0.686688079409
0.59580799194
0.640855979507
0.869639826442
0.742056394996
0.765538473022
0.689951687162
0.564778764424
0.544533058533
0.748477261314
0.726607596171
0.638661365326
0.893248636539
0.733042944831
0.752548690176
0.767112445812
0.660191221836
0.788406747545
0.544876503618
0.790023735307
0.797448726908
0.739332595983
0.399637738969
0.592755796435
0.758330376109
0.865726962275
0.782387617213
0.522346159196
0.762173312407
0.638524872694
0.65066522544
0.817694627926
0.635136383883
0.838519605408
0.872724993936
0.547009978947
0.714094074251
0.645781211652
0.792066840503
0.635945404458
0.648104711566
0.710557831483
0.614115886947
0.524196288242
0.843399171161
0.688424695101
0.572428516893
0.755290162287
0.609918845287
0.699330935136
0.809101603662
0.905009418147
0.935638474321
0.81462799609
0.645839691304
0.752428427468
0.771878907093
0.698405769995
0.799415616198
0.817834601134
0.843435520863
0.720969358477
0.900493676091
0.606751820714
0.781957517269
0.717537329308
0.710767786578
0.735530229979
0.653441037594
0.512398239913
0.663095176923
0.838643918568
0.97633238244
0.886328167456
0.800980098797
0.919134279308
0.736159620034
0.763659919793
1.0
0.717768148125
0.806765797417
0.712534797221
0.844719555805
0.81001071175
0.764641816345
0.653573527541
0.849833850552
0.761660629792
0.759373785308
0.944003656659
0.738586649668
0.566407358039
0.580583171778
0.821026525243
0.799286276737
0.725712287763
0.750441976756
0.854128000954
0.664833539276
0.765252138915
0.693760961695
0.701648872934
0.424879853726
0.664475315839
0.81541181187
0.732772126735
0.769761293581
0.704246452559
0.600854989012
0.662539231068
0.718437234764
0.718727206478
0.865006495539
0.764323305485
0.844339566372
0.852430871558
0.785906739088
0.790378850173
0.850590235684
0.819018340779
0.76732032802
0.642380509123
0.486801106211
0.690292404988
0.697976688581
0.77184601684
0.695891299831
0.650484810291
0.673119986945
0.630737474739
0.709039892258
0.794770321258
0.86527574092
0.791873316643
0.75612200706
0.582712669017
0.678654628636
0.714092701424
0.775413412546
0.550636792476
0.754692148319
0.785233650886
0.797321463483
0.648843392838
0.961359235688
0.781129742607
0.893081118254
0.916704251414
0.723276984606
0.799915293651
0.810622039122
0.820443376252
0.815430739821
0.844643323364
0.671945033374
0.745674258487
0.846783112416
0.781904934424
0.830418165653
0.886627720434
0.856414497718
0.708370913091
0.840287360745
0.894477441848
0.857203675439
0.655448525173
0.870525010892
0.803982082659
0.657629310905
0.729605364062
0.749737219959
0.829997556052
0.828023772163
0.840043875282
0.831967345849
0.902176465605
0.772012384235
0.797871714644
0.9
0.663959337874
0.801421375016
0.724226755852
0.806531472043
0.856477625235
0.833609846106
0.69758395445
0.849833850552
0.755438763092
0.608124296611
0.807498264871
0.775689620587
0.676646442395
0.554983585152
0.857642711711
0.755638735709
0.658267355632
0.772021372332
0.799250520368
0.904556120522
0.791486181779
0.588871053123
0.72733773691
0.674082956552
0.749712944754
0.804804105806
0.736903347471
0.835924079036
0.771396678324
0.597777098399
0.609070735473
0.775761617732
0.721640356484
0.823415725148
0.750134984244
0.795957346931
0.882769435794
0.846076430119
0.693433654824
0.817427702285
0.874029458477
0.758536448631
0.642380509123
0.521978318796
0.81814365004
0.752499345321
0.78510668221
0.725151672823
0.741492222653
0.766370086039
0.605810392277
0.748485611989
0.769427619246
0.885765969935
0.848685475149
0.705877913414
0.705460170946
0.703806133383
0.778740517723
0.648488317873
0.577890079936
0.735967307542
0.83900372
0.736106319816
0.560197675596
0.977674653496
0.85030495231
0.927904103318
0.916704251414
0.65597640371
0.7638356281
0.733243927837
0.734482391967
0.921878899775
0.92430119945
0.680376221296
0.748551518118
0.756304564235
0.749583205181
0.976328160048
0.885613060265
0.812743146458
0.857507997194
0.845307614618
0.806688428488
0.776700882072
0.604657643093
0.864846194345
0.789711938848
0.681747959223
0.737945987959
0.698436817202
0.837795180198
0.876331431157
0.870826136451
0.866226708581
0.925187665669
0.782085000507
0.761109265079
1.0
0.713549964351
0.795240340701
0.719308714291
0.830570450995
0.794516134869
0.703020840335
0.708420259766
0.847693686066
0.761660629792
0.738888888889
0.797972128969
0.672431095786
0.71023202579
0.599250317709
0.912237719917
0.755598977808
0.63173821714
0.776339366209
0.830294617277
0.679391954445
0.774275583779
0.660030041546
0.657775846265
0.500405795352
0.703313198166
0.902789122118
0.724096788489
0.746442825341
0.694808631945
0.619504074473
0.624716955589
0.737281297198
0.6840270639
0.875765708871
0.747592452005
0.818343045047
0.792216790873
0.764908490352
0.790378850173
0.835098570142
0.837327986099
0.811592502708
0.623002232992
0.50132280052
0.675429611527
0.695505732203
0.820903149063
0.766127367469
0.783337433485
0.733710277306
0.610457982512
0.687712830841
0.787185929705
0.86527574092
0.764723374358
0.717404828599
0.629230757812
0.594133136913
0.740525002693
0.705473553205
0.583860685741
0.751542645001
0.839095936175
0.817961019235
0.658635836495
0.977674653496
0.845691381782
0.861063683111
0.916704251414
0.642640550701
0.758733377788
0.829602122172
0.774056434118
0.854582234707
0.848238522219
0.685125112933
0.71705280747
0.796930553754
0.694159004611
0.865453513679
0.886752724592
0.856414497718
0.679402939021
0.865873545454
0.906460685021
0.758783461599
0.678294310428
0.870525010892
0.810028743324
0.698286419174
0.78015245035
0.904043301502
0.879895813399
0.772466830197
0.827803504754
0.82183048133
0.891907856102
0.795715037613
0.817156382558
1.0
0.662599235521
0.76782802253
0.750652167808
0.784522061789
0.757774470808
0.615109387398
0.691966487151
0.849833850552
0.776969032505
0.8
0.842678946418
0.718499392724
0.715899226175
0.626691639558
0.824488116194
0.740229648557
0.594209711249
0.781708553293
0.721060296921
0.885929974335
0.764420532826
0.677583641525
0.711241422773
0.76369785918
0.711966108831
0.849171295156
0.709236671358
0.799815752972
0.682896854788
0.587624746219
0.763549332078
0.675156033015
0.711205804287
0.851038265251
0.771332443896
0.84961300187
0.865957309185
0.904285629429
0.7172853665
0.846358613368
0.823109036787
0.811592502708
0.623002232992
0.556962068522
0.900905837822
0.802997337841
0.767285161045
0.747674657242
0.707913337374
0.754829385512
0.533698793054
0.803779139879
0.835644391433
0.637683652601
0.674828769823
0.650144603546
0.633484808729
0.738209429302
0.810895125582
0.651688494119
0.559475781336
0.660893443109
0.721324010921
0.762042800989
0.561537113703
0.923399812325
0.90843156882
0.896101812055
0.829943166823
0.714996952786
0.821123502621
0.777179888476
0.838934364499
0.834479881345
0.858674966456
0.612635806594
0.715717503941
0.865162458938
0.690549815987
0.938923028623
0.916907108228
0.842465257142
0.8335835284
0.888593236022
0.884343948436
0.833091433755
0.669356260184
0.888619489379
0.821872885168
0.654593366486
0.772450373372
0.698436817202
0.89082156725
0.889551812715
0.844091455246
0.817162895527
0.879775806665
0.721956756541
0.764120363331
1.0
0.769781704176
0.763273056874
0.696083675553
0.858972498265
0.866268146759
0.835044785835
0.719194583986
0.879736119573
0.702789998193
0.791678392203
0.781105501576
0.8082305862
0.606797688186
0.690398901302
0.849139120381
0.679512361305
0.651252521108
0.752750076179
0.795527000209
0.693049240281
0.775791200057
0.638710648189
0.660244026501
0.523604770343
0.738622718592
0.926957381485
0.738982013533
0.823498441499
0.689632203737
0.584151973087
0.628509316061
0.704339861822
0.6872818759
0.833108027447
0.764544795576
0.903215669022
0.887695699595
0.896297204253
0.75633876239
0.812428318513
0.917319386076
0.893570569277
0.623002232992
0.504433780037
0.835755234604
0.748703482092
0.778172864008
0.74641108961
0.698779196255
0.757059140365
0.626838591148
0.722902619604
0.768747919312
0.960644127039
0.714472519325
0.717404828599
0.648928943425
0.651943366768
0.79278814329
0.755125333128
0.547001884949
0.760118378104
0.693662005287
0.817961019235
0.576044239676
0.953129376943
0.85579120735
0.955990593021
0.847628861114
0.719378745305
0.737041725101
0.727166121011
0.775047260971
0.741770078061
0.872161122107
0.676371216063
0.806658021931
0.78979226766
0.702960794731
0.979772465836
0.871332694525
0.834272507868
0.909262449075
0.790969372455
0.882141040919
0.89427766394
0.593235195684
0.849268964508
0.837026643438
0.649847964403
0.735089717031
0.698436817202
0.755665877227
0.774063635842
0.841472360151
0.819336120544
0.902176465605
0.761364802137
0.809129265093
0.872848611608
0.789502046868
0.740113192398
0.676162991573
0.81743985128
0.822381409937
0.820238492074
0.654368712819
0.849833850552
0.761660629792
0.679178392203
0.944003656659
0.772641457155
0.6925109894
0.64609900185
0.637996602298
0.714827316643
0.710062763275
0.703200973596
0.703666874782
0.911579783902
0.652514988615
0.666556367225
0.596832780082
0.732531941962
0.799536437864
0.729458568475
0.756368233119
0.738129182044
0.703055189502
0.530657347105
0.735759208456
0.71285409268
0.716525472729
0.805059251748
0.68963179425
0.881511176646
0.943032009474
0.871227386759
0.656826941407
0.787957068743
0.777607396307
0.783827685915
0.778146381154
0.526277241327
0.658304135458
0.722103493195
0.779203736022
0.730804711556
0.815401270686
0.663611117206
0.598312563068
0.675618058071
0.717037662433
0.798530688423
0.904773086049
0.77798962587
0.620842460105
0.65585373417
0.686787412419
0.610189810924
0.556890509573
0.73754645158
0.673334662701
0.817961019235
0.64929618547
0.828358705174
0.793389313091
0.927516925755
0.731152430912
0.713993015861
0.785999417159
0.934335515976
0.692013866412
0.868113577808
0.794315143905
0.641618214511
0.691604804554
0.823005411956
0.644270943155
0.919704860873
0.876301265602
0.872533174796
0.840468441123
0.820633548047
0.672284064429
0.82195161968
0.571304550874
0.645692395273
0.862448016339
0.653029883863
0.666373025759
0.852381988389
0.778806080325
0.944839040971
0.806156336333
0.78526490123
0.891373481771
0.77486098184
0.769153873455
0.836424305804
0.698887881545
0.721224525174
0.712428747633
0.759104567382
0.883037304471
0.883768502714
0.75917174287
0.791502474892
0.702789998193
0.750085410848
0.869003656659
0.664499474356
0.6444921312
0.627158616142
0.784073012057
0.749315430967
0.59157191723
0.825207444595
0.809083631045
0.779309666203
0.766341552316
0.683304150756
0.673562653099
0.682491165922
0.669071735059
0.888235259672
0.715789628514
0.774490550597
0.668490231488
0.568680870684
0.766594466937
0.681095118822
0.7086743697
0.814143558946
0.813457747831
0.728654720947
0.682403403905
0.772242205607
0.56488897848
0.672042798466
0.752898239274
0.893570569277
0.522771429736
0.580316591359
0.635618692493
0.666370163107
0.776977994161
0.706063596118
0.60170068717
0.718983560935
0.631912778235
0.762573053957
0.785030536625
0.765720209763
0.862988551748
0.7431324918
0.665158923522
0.672323138749
0.658567915952
0.803322145481
0.473779518307
0.666528770807
0.838196103413
0.78869117794
0.578220443063
0.906679687891
0.841489123961
1.0
0.832449931344
0.736646619593
0.785176843757
0.773379500283
0.777695937486
0.799402910392
0.827109347472
0.577536029734
0.729164190947
0.728458721113
0.7314363773
0.933082645936
0.916907108228
0.845499370311
0.773729234069
0.896014914925
0.900919468399
0.739899142778
0.645432786364
0.839379910486
0.813113801592
0.547666709244
0.845402455895
0.749737219959
0.859828865056
0.850735402433
0.81719839342
0.836762760257
0.926008508864
0.759720401851
0.739838196406
0.9
0.651029121739
0.759453980536
0.729168997807
0.81556132582
0.892693398547
0.786816477811
0.759296823737
0.849833850552
0.669993963125
0.8
0.840735495577
0.801896995279
0.702001168993
0.626235691802
0.796177327495
0.752951132593
0.59128168001
0.79819114365
0.862095727024
0.757509158477
0.788396526652
0.657061882603
0.69775792352
0.537714376335
0.713848994992
0.880123782692
0.700003436377
0.802066357945
0.648244957328
0.62552136831
0.620340918645
0.736385938902
0.694165438434
0.877608961666
0.793992935568
0.801574425122
0.773884801038
0.829151868729
0.741272361542
0.754115996804
0.837704404711
0.893570569277
0.739332595983
0.528337257984
0.81814365004
0.730058625452
0.784865133059
0.792046817666
0.711318999889
0.750719563862
0.523656053081
0.720459823821
0.845029582454
0.659965504989
0.726235083987
0.717404828599
0.652825522001
0.68544425846
0.758668391908
0.683492639848
0.601190300078
0.749872051576
0.796034243053
0.817961019235
0.647456436092
0.977674653496
0.90843156882
0.816152739548
0.862952832087
0.719378745305
0.771985778232
0.764478881288
0.796142093986
0.863977180306
0.888618787282
0.58894273885
0.765003979338
0.836097140755
0.677171308059
0.976328160048
0.879727244217
0.804431404269
0.851604186143
0.833863350997
0.932080283193
0.874650392715
0.597656924988
0.799508043012
0.828669191782
0.672052743753
0.735089717031
0.582012080507
0.76267738438
0.783112009666
0.760074074091
0.713331890105
0.882402635666
0.727580330121
0.800667057903
0.859275645579
0.535856620162
0.721300737367
0.729484119148
0.792490152631
0.508150812549
0.786816477811
0.669677114599
0.669785387494
0.611123331527
0.790624447867
0.66706745264
0.674314527285
0.59675395696
0.690492377796
0.779906557107
0.738797620786
0.55857551701
0.644258601471
0.790723238502
0.871562085729
0.694393560348
0.638257670188
0.629947017137
0.52959434059
0.769586308727
0.718136278325
0.750317656313
0.732004762315
0.614568755506
0.483615582593
0.625905692341
0.788204686327
0.577631125033
0.800185528538
0.726753249388
0.655459089176
0.672728951241
0.726825341869
0.771911123951
0.618592529583
0.856872012594
0.888888888889
0.735814913
0.325517143875
0.708816383023
0.584424098348
0.784442434725
0.705337270145
0.597401480856
0.69725531153
0.588525089351
0.645925641213
0.751002378521
0.788120379702
0.673716390601
0.787158238533
0.639470079
0.69859669934
0.639589861148
0.657049712138
0.587585068426
0.64172753544
0.734382926291
0.618353251487
0.59136402265
0.892467880092
0.705916121019
0.624266071601
0.773361929065
0.726409445815
0.679960247847
0.808167319528
0.769747472036
0.75464763246
0.933884248152
0.682611615758
0.76814914285
0.668503897793
0.681587320488
1.0
0.916907108228
0.854624938012
0.727387965357
0.899587890298
0.541638570893
0.857839150746
0.666430624077
0.890551304776
0.755725516477
0.576452304412
0.693027363322
