0.208085393027
0.135316094358
0.181317040609
0.117448124298
0.119395083727
0.158516966466
0.156555903189
0.123870551193
0.250988475329
0.164724095118
0.147763240811
0.143701349061
0.181085893754
0.137595267544
0.147765055543
0.132405123645
0.162738472009
0.170060829696
0.14336865816
0.174905654142
0.168295547452
0.121266815138
0.139450552921
0.189191218273
0.130825197215
0.127896176159
0.152204881109
0.119431097894
0.184601716107
0.119417115896
0.113677901566
0.145290719508
0.196993885641
0.134507730306
0.131704352658
0.116169355345
0.127299233965
0.120010504873
0.178022718516
0.179322802209
0.155783092937
0.128420301455
0.160689514735
0.159705561797
0.144768357607
0.150357672861
0.118486574286
0.170577007781
0.198829205324
0.159959610872
0.19383419476
0.181688253494
0.159358285203
0.143221371702
0.142641199337
0.164542060015
0.127919309725
0.140640147429
0.155896118744
0.127470883412
0.180681068693
0.127206768404
0.143286034812
0.121049796818
0.113146015989
0.139158472983
0.137969164795
0.169488840804
0.162251634252
0.143431991553
0.123976202505
0.162559130288
0.177055438856
0.143612997951
0.125056196501
0.117477399085
0.19492923424
0.165577685598
0.191652724579
0.149248881005
0.199843224109
0.133389210221
0.144973301698
0.178661011595
0.156386285934
0.0958717026595
0.16005597672
0.133608035518
0.14900385531
0.156116097251
0.135103276872
0.177811518957
0.146444022407
0.161861966953
0.12845743648
0.142477873499
0.211330580379
0.132987355857
0.144011068524
0.244117086806
0.198783312262
0.144242699223
0.182088687714
0.115416477759
0.12507547409
0.159258227747
0.149766193189
0.119012583262
0.239444912897
0.164724095118
0.143029088375
0.14431743709
0.175421565985
0.137405810949
0.143872901683
0.143062100568
0.179882987431
0.167127775137
0.154187826555
0.182823062109
0.168383175789
0.103225006296
0.140112208718
0.198066726702
0.129849143638
0.124207790687
0.152904295287
0.123526253953
0.198890068713
0.12066017519
0.117560648838
0.146003609241
0.184926402535
0.130097049878
0.13165305486
0.122371945428
0.126103769953
0.115057363417
0.185223990411
0.177974271897
0.148389774451
0.119677702981
0.150118006984
0.159974540106
0.139765648344
0.147057055062
0.105456135345
0.182160338307
0.194842127005
0.163614015016
0.191577187004
0.191384075759
0.143752284896
0.170472850553
0.129944734101
0.15409130584
0.13819571724
0.151113519164
0.142762548647
0.123851556114
0.183334026569
0.132027967699
0.128970634539
0.135976454729
0.118929945309
0.123202061754
0.14653316639
0.168660464616
0.159998010677
0.163876023417
0.130147134586
0.163397829315
0.166257400737
0.148555589963
0.137097808889
0.117356713726
0.184800469289
0.157101328019
0.190183552713
0.145064829667
0.210141739252
0.131769160365
0.169050373007
0.173406226367
0.147795552606
0.0930078101893
0.148987867469
0.133249100997
0.140499880543
0.159717774605
0.129387042865
0.190464723359
0.146003618477
0.160614585667
0.134721956562
0.13853199704
0.223989092625
0.127563630602
0.144727613736
0.237053021755
0.194972911591
0.141183514646
0.17328028449
0.125247554105
0.130801969212
0.167371735948
0.145977531176
0.119464024574
0.250988475329
0.1659216219
0.14907228991
0.144561291765
0.175567041938
0.132178190406
0.126141571104
0.132505419185
0.140915048964
0.162774373015
0.136930124021
0.184297930055
0.158199107358
0.11877538316
0.138564771825
0.200349539982
0.131573430125
0.121413914324
0.141947584214
0.127026493298
0.192237438155
0.114137672814
0.120963118219
0.13414489389
0.192127645816
0.143214289084
0.132505235961
0.127770415123
0.129927579579
0.105518995719
0.177144094656
0.171988501815
0.149729519333
0.122610593448
0.163644300529
0.16059551927
0.144391750769
0.136549695271
0.110194047234
0.193745696026
0.178700232914
0.160145419768
0.182434905161
0.199749314211
0.119383766111
0.150716149714
0.147460228451
0.166156754609
0.15900804624
0.135690522788
0.155651609878
0.131982501033
0.172792127384
0.133422406491
0.123902297882
0.14356220633
0.129702797621
0.140906640404
0.154347775486
0.145786992365
0.167424281933
0.16714072048
0.123117269563
0.162002486013
0.168558204656
0.129639729382
0.123907821467
0.109098712086
0.154851374937
0.139888338558
0.193069879151
0.145632707086
0.20712421924
0.151078750712
0.169138163207
0.188791770882
0.154714885908
0.107772101518
0.156328780762
0.133277474491
0.146369263248
0.152957220755
0.133613196893
0.168317036271
0.15345630077
0.157062220582
0.129498781064
0.138679242928
0.191172956916
0.132165530418
0.136146526003
0.193911377256
0.181008002857
0.141395178646
0.193930950395
0.124321885782
0.129440171451
0.172366771959
0.167299001507
0.119620348027
0.250988475329
0.166409382793
0.153821620381
0.137856536345
0.175083977669
0.135772790813
0.134047572908
0.141075248864
0.162738472009
0.167127775137
0.147189195673
0.202437226159
0.178831715983
0.117646844175
0.135031669624
0.196936132393
0.137776134452
0.133410061689
0.136885782907
0.127470327805
0.188053919801
0.117212475983
0.11469545506
0.151813023897
0.159147927266
0.127567462935
0.135498050728
0.115989821534
0.122834780557
0.11784768772
0.17807419351
0.177286013486
0.144535496918
0.125818846834
0.169926519805
0.166097117916
0.143168216037
0.144472641674
0.115393064228
0.193884235005
0.194708541027
0.152525399504
0.195079978523
0.18682155119
0.154767840271
0.150047405876
0.141075954379
0.164927943996
0.127861552236
0.149932820807
0.143745378703
0.128446109873
0.172859556294
0.132589208739
0.144658306053
0.138321400416
0.116997621157
0.136874110725
0.144336485263
0.151436670303
0.166243313935
0.149231777177
0.121918521171
0.16063460265
0.170976868454
0.141396379315
0.134092162882
0.114936836604
0.189163744903
0.177032181098
0.186385135107
0.149266924857
0.205824613637
0.135634585553
0.174147790072
0.192223543788
0.150292708097
0.106684331894
0.160183525402
0.136850212918
0.137480784142
0.161852908511
0.138443318773
0.180290132603
0.147828813574
0.166704429315
0.13316269516
0.140927715559
0.227956302679
0.137070547933
0.14238554792
0.230141848038
0.208085393027
0.141669249761
0.181767298606
0.117033521667
0.13417119307
0.163574541646
0.161832408211
0.118151476304
0.240713520624
0.172584659888
0.153553455587
0.13968466603
0.178776694133
0.13561305885
0.146663325156
0.147787418116
0.162738472009
0.161386924305
0.148375213387
0.18028365592
0.171388249394
0.126971156713
0.133510071536
0.189920013146
0.130094140351
0.132323319968
0.15147261131
0.126126510204
0.205745338483
0.115879381603
0.114636300335
0.152158440813
0.191616215318
0.130091451281
0.140126899966
0.115318856723
0.137336693666
0.123718008962
0.181562719993
0.17752893647
0.152632740844
0.124516472381
0.163905486582
0.158853966689
0.146704186389
0.146662402599
0.113577216599
0.181485843667
0.19967098577
0.159484132029
0.173987684714
0.18682155119
0.160651278025
0.164272181699
0.148730637797
0.166188785328
0.130984620124
0.151123707456
0.151104049063
0.122810230167
0.179004521838
0.130140944566
0.137224143823
0.143687062796
0.120161229567
0.140463285259
0.143820035693
0.162098513103
0.163486630334
0.147707630291
0.126826676511
0.168641476015
0.161500870409
0.136874479373
0.13512441707
0.119834298547
0.194412318378
0.177032181098
0.174645293057
0.149443182935
0.17844749715
0.141261073684
0.170566573934
0.187503907162
0.153952959273
0.105176565034
0.152955791174
0.132341792834
0.148361995508
0.157281388272
0.132592491235
0.207484647447
0.144134380056
0.164653889656
0.136096551818
0.13332232752
0.213666714425
0.136965337168
0.149999448811
0.23644791092
0.198783312262
0.143153765102
0.185590951234
0.120001650124
0.134074746723
0.169535054404
0.157219740163
0.118568566299
0.250988475329
0.177400645938
0.152405110039
0.138360269303
0.181730532859
0.139518612519
0.133302845123
0.142874872435
0.169882307107
0.167127775137
0.157230828696
0.179949868212
0.16776208556
0.131151537551
0.139419681629
0.202572211581
0.127452114846
0.127228094415
0.146985629735
0.124912713863
0.187393571732
0.120117565395
0.125398041544
0.145514711212
0.172659435414
0.128625748432
0.144175009488
0.11784420954
0.121617560107
0.11789994741
0.184821712575
0.170937807547
0.151440452784
0.119336253962
0.170268651098
0.163446596099
0.144635223218
0.138230856112
0.117360197521
0.193884235005
0.195245755298
0.157428122038
0.196852149871
0.174726760718
0.153754510921
0.156801710601
0.145755587173
0.162083339684
0.130226603933
0.159525044419
0.14359994381
0.126717938592
0.171808203017
0.133800683918
0.144658306053
0.127153415162
0.123329911921
0.136138080355
0.136036130275
0.154380196675
0.168834852189
0.14747976076
0.124602911026
0.17421405903
0.177055438856
0.144249150075
0.13512441707
0.12349753412
0.184081248838
0.177032181098
0.176297022548
0.148559893441
0.203161093557
0.130020216365
0.170188335976
0.18629261286
0.155237657104
0.0993080329294
0.162061002269
0.133680378403
0.146294511199
0.159425064375
0.138443318773
0.184486652071
0.149289425703
0.1616211372
0.131066097824
0.139847712671
0.227956302679
0.1352171673
0.143630924783
0.230041631852
0.212228664923
0.146951962235
0.189422237171
0.115303819002
0.138606732083
0.166226007946
0.161581530061
0.121357640271
0.250988475329
0.17034941797
0.152526110825
0.134817617016
0.170182554469
0.136941971344
0.124578865141
0.143664432071
0.162738472009
0.16919700619
0.154187826555
0.191236440936
0.160035628034
0.141866043626
0.140012765811
0.182576758538
0.127553110976
0.120353464646
0.140019180477
0.11902618117
0.203373489694
0.116455012981
0.116300179882
0.148220240024
0.207860162966
0.126835062318
0.137672915237
0.117042924871
0.133455860269
0.119072405903
0.178051894883
0.188259384451
0.146068687244
0.127091997877
0.165276288369
0.162291149664
0.14764456103
0.1391614505
0.118943901418
0.195299764039
0.19715633098
0.150747388985
0.196852149871
0.174726760718
0.161612794291
0.174754578231
0.146047770808
0.151456697475
0.126515614912
0.151157561169
0.14691660577
0.112952836211
0.185502427902
0.133336345141
0.124254175719
0.12717760408
0.110005031091
0.133555918083
0.148792740258
0.1670594069
0.143938463482
0.149368386811
0.123075361408
0.169326525468
0.174731906786
0.144086189677
0.129239634379
0.119536470774
0.190516893904
0.1535500009
0.190209108269
0.149671456856
0.186544001751
0.140532392226
0.166485293405
0.191020910623
0.150044165789
0.096150920082
0.152498536812
0.126944489481
0.148797344422
0.161237163933
0.132924698005
0.188606854201
0.153961548251
0.162467559459
0.13577497511
0.137532237975
0.214199272466
0.136325660302
0.141250867376
0.237053021755
0.198783312262
0.146797833584
0.185573092336
0.120559666103
0.127067340009
0.165483583113
0.160641468122
0.120343685486
0.250988475329
0.178045265782
0.151907706723
0.138861680545
0.178098407631
0.138263745657
0.143275481316
0.144693859942
0.175846903717
0.162023427509
0.153623275586
0.181101919531
0.17935439213
0.125360775087
0.14782550606
0.206568363711
0.11738915289
0.124904484397
0.156420560717
0.127849322531
0.199656065746
0.111888050359
0.116417246642
0.14371314735
0.158886034064
0.124594859007
0.141787205477
0.116094436082
0.135605183849
0.121808916941
0.17590968188
0.174854223663
0.150342696678
0.12085525888
0.170076660667
0.16495228981
0.146395280778
0.14532481529
0.115408273488
0.184669839831
0.197191368828
0.164851239201
0.206494352001
0.174726760718
0.155100465591
0.186379922818
0.146407281069
0.151548738954
0.137274384409
0.145737879636
0.146316721387
0.134777600819
0.17336568077
0.132085615167
0.14744718027
0.127282347187
0.123230928777
0.139934871681
0.13677387583
0.162634532837
0.155958265934
0.150524274179
0.128018507873
0.162473562583
0.177055438856
0.144885856039
0.138904076311
0.122485386821
0.19492923424
0.163254158282
0.189448791823
0.149986607117
0.198170228707
0.133977369511
0.160867533386
0.195364139106
0.15236005882
0.107131944745
0.164857065189
0.130069962309
0.151080748371
0.151803203944
0.131453447643
0.21255255964
0.142909478951
0.161026430317
0.137132307557
0.134995869589
0.221115427629
0.134011239443
0.150213062281
0.227473415685
0.198783312262
0.133714529404
0.178472249955
0.115623140549
0.128049798011
0.163574541646
0.155164604316
0.124340086166
0.212358289519
0.187393158519
0.150168522426
0.136376847602
0.182358444875
0.13606492411
0.139617481097
0.146142166509
0.162738472009
0.166326031578
0.152353361401
0.202437226159
0.175486444722
0.123810507008
0.140408520663
0.163218954635
0.130700113683
0.126512796497
0.1397335064
0.116193880636
0.220217282129
0.112272404142
0.114455715451
0.129645020496
0.200885245761
0.129710546564
0.13287037016
0.117316415884
0.12841469303
0.117934270329
0.185875790455
0.18841591049
0.143066237918
0.123893905284
0.162429440722
0.153753003933
0.153439044951
0.146493457164
0.113642009377
0.16730478822
0.192479581795
0.161130625006
0.190065444469
0.204835084697
0.147334483942
0.15842567402
0.14231590077
0.15819591672
0.134261094311
0.161455688119
0.145547257453
0.123110483731
0.172986924233
0.128145010909
0.135911577086
0.152901625965
0.127287620215
0.140723615892
0.136191412186
0.134122918203
0.145909200309
0.142633359067
0.133990698121
0.15680877733
0.177055438856
0.150598124886
0.123242716218
0.118559767578
0.198873919483
0.157033558363
0.177425055287
0.147591442317
0.205683397172
0.128967011631
0.16490733077
0.173670239153
0.149278392214
0.0978005353135
0.160393067115
0.114908883537
0.146646592245
0.154785581604
0.136094840517
0.194117545636
0.147518594004
0.148751851349
0.133290021441
0.133359817578
0.203836131251
0.148878553427
0.141457227435
0.208939390617
0.195980617061
0.136849364584
0.189868111734
0.115471887227
0.128820484011
0.166691544776
0.162546437139
0.115131653102
0.217485115534
0.173891767993
0.143029545333
0.135034724525
0.160296719169
0.146027758068
0.141973138357
0.142395512203
0.153947371753
0.162023427509
0.158957335665
0.194283422892
0.148158403068
0.12539469508
0.138062790489
0.172348885981
0.127989136733
0.117004977933
0.146940056642
0.124658978963
0.167703905964
0.117526007073
0.114307311074
0.142989742989
0.186737673232
0.118465016265
0.138530585998
0.114954214586
0.119872157002
0.116555822749
0.180664415848
0.185314226419
0.14516026675
0.126146727334
0.163010068587
0.16116894274
0.147714939571
0.129510463032
0.115359986924
0.168739632827
0.190143653339
0.139322951169
0.206494352001
0.142354040008
0.157838460372
0.147686103254
0.139279149535
0.149391086296
0.125382466083
0.124085003211
0.143706805997
0.131483561476
0.183737983396
0.133447952439
0.133786045303
0.135673282871
0.120102491188
0.131355653361
0.137940284326
0.143179268879
0.159612587081
0.140251553701
0.13164486407
0.167946223312
0.167313940603
0.142221285828
0.125209970778
0.122504341343
0.196438931961
0.158325987743
0.190494733336
0.146380618298
0.184015903788
0.127878145324
0.158565081335
0.183291373773
0.148891113019
0.104586206025
0.140487378548
0.135984985781
0.143496635674
0.161237163933
0.1360055242
0.199787771851
0.150594072725
0.164475064278
0.130210103439
0.138947875661
0.209542528039
0.142145442717
0.13203947939
0.240023130915
0.208085393027
0.141165542892
0.182418967419
0.116835833749
0.13015948405
0.168750802819
0.156180280131
0.121892074152
0.247122053142
0.166636526581
0.149221186122
0.140720145469
0.184751287952
0.142181783747
0.141606157393
0.140769915448
0.162738472009
0.159339717643
0.154187826555
0.187241689052
0.175666191502
0.129177399533
0.138315770048
0.177166936311
0.12837321781
0.121920644794
0.150245065682
0.131863022339
0.173133982703
0.116069807744
0.110615439864
0.148524398645
0.158967469429
0.12256491144
0.140913071883
0.117024211675
0.125184167185
0.114459646265
0.184988850808
0.162283163106
0.147005739474
0.121170674267
0.170347952166
0.164032060291
0.146835075634
0.137760489576
0.116102795479
0.18262545414
0.18953295076
0.156952643196
0.206494352001
0.199749314211
0.164877835827
0.165978095526
0.143763397182
0.153968704915
0.131355262731
0.145979107732
0.14935116562
0.114945460161
0.176818296312
0.133405231567
0.123910492878
0.127597778885
0.123230928777
0.135729988382
0.147574874295
0.152001081579
0.147879390766
0.159473575114
0.123497807015
0.168960632659
0.177055438856
0.14165147759
0.13512441707
0.119536470774
0.181023268943
0.165137335366
0.189448791823
0.151221340627
0.191919287415
0.136751307121
0.165043217727
0.201279871415
0.146331425696
0.102888633229
0.154404912209
0.13404092816
0.148361995508
0.155587032227
0.134427149308
0.207430255106
0.148986469604
0.165677143794
0.133372167635
0.132645225856
0.20350540345
0.133080759483
0.139358229166
0.227473415685
0.153989011381
0.137905226657
0.163531370475
0.113616975549
0.125015407432
0.169293059228
0.156641716868
0.117813754795
0.214669029891
0.143184416847
0.151506427897
0.138498095666
0.166661084063
0.123018133239
0.145877823496
0.12981160535
0.145887466322
0.158075645725
0.161999718162
0.186520702681
0.149446018915
0.118507524746
0.145404347045
0.179306023764
0.131272586713
0.13155097357
0.126502521842
0.127839284387
0.1992633965
0.117950309724
0.117324275373
0.146783848597
0.165270627325
0.130492529807
0.137147582262
0.126276198466
0.134622835607
0.112695850256
0.169289142404
0.17244899032
0.156304692639
0.118514329953
0.157586935876
0.157048916373
0.140245886767
0.136644017959
0.114480946058
0.187250179394
0.174348599263
0.155287855905
0.194858189184
0.200416411492
0.120116618226
0.152706206346
0.124959648225
0.159570587496
0.152388494415
0.140508245656
0.150746086868
0.12342481898
0.176677586939
0.129732110792
0.138265683195
0.134384372019
0.124671963201
0.150559968806
0.134759812885
0.144445933131
0.15204821523
0.159029294063
0.123783651962
0.168764762668
0.163793050804
0.150073925041
0.132076814875
0.11177495689
0.162694915042
0.144631345026
0.184604309889
0.147456658798
0.197632793353
0.135401780797
0.154809042369
0.184436681071
0.162241519277
0.105874906568
0.15319671445
0.128255474759
0.15412901673
0.161237163933
0.135398220842
0.186380835651
0.159139391715
0.161039736992
0.13456705422
0.131861674427
0.209272770029
0.136325485473
0.129338832495
0.205586647382
