0.666666666667
0.702884071862
0.7
0.315789473684
0.625943665808
0.3125
0.634220652227
0.545017271061
1.0
0.0987050164005
0.600598541326
0.756044743196
0.751738259694
0.75
0.789607689012
0.108100344297
0.1
0.1
0.666666666667
0.0
0.241456070333
0.450805632758
0.444444444444
0.222222222222
0.736842105263
0.595192229441
0.705882352941
0.705991552887
0.0
0.0
0.526315789474
0.620011894785
0.375
0.6
0.647958697185
0.185014946356
0.0322580645161
0.509789033807
0.0936113932066
0.0
0.721157064126
0.657054387556
0.0
0.727876518873
0.88
1.0
0.115384615385
0.412846108561
0.117647058824
0.928571428571
0.75
0.582160295663
0.0
0.0
0.571428571429
0.769230769231
0.0714285714286
0.708341900637
0.12
0.25
0.823529411765
0.714405725085
0.692307692308
0.0608426294773
0.0
0.427158712676
0.545454545455
0.8
0.692307692308
0.338385857981
0.0
0.543901078385
0.75
0.0666666666667
0.453658433256
0.0526315789474
0.923076923077
0.768576243593
0.0
0.700095048001
0.714285714286
0.752352716012
0.0714285714286
0.785714285714
0.484250253886
0.0769230769231
0.0
0.129032258065
0.285714285714
0.0769230769231
0.0
0.570416527796
0.705882352941
0.358125499603
0.0
0.611111111111
0.692307692308
0.694225032444
0.423842341723
0.8
0.61536626391
0.846153846154
0.666666666667
0.764705882353
0.0555555555556
0.841477479751
0.611505315682
0.641269435354
0.8
0.0987050164005
0.557780266167
0.833333333333
0.719053987533
0.705882352941
0.745052659933
0.0
0.863543919416
0.2
0.8
0.0
0.107477733677
0.0588235294118
0.417280990192
0.111111111111
0.7
0.673749898273
0.910115804646
0.772727272727
0.520841085609
0.733333333333
0.666666666667
0.648352166742
0.333333333333
0.53274866911
0.591614462647
0.652173913043
0.0322580645161
0.0554183669269
0.0
0.222222222222
0.6875
0.0344827586207
0.6875
0.727845687996
0.75
0.824619091943
0.6
0.464451872131
0.748675042204
0.928571428571
0.75
0.707160295663
0.151178920688
0.66664084915
0.6
0.785714285714
0.0538638390772
0.630946502045
0.593536967281
0.0
0.565217391304
0.822818037226
0.230769230769
0.0833333333333
0.125
0.0625
0.52380952381
0.848263914495
0.307692307692
0.375984286645
0.0
0.688377485539
0.636363636364
0.571428571429
0.980812891024
0.0
0.777777777778
0.0833333333333
0.555555555556
0.553735804159
0.375
0.734657430327
0.0
0.785714285714
0.492156021741
0.0
0.682965036789
0.449989126312
0.0714285714286
0.0769230769231
0.0526315789474
0.80868043983
0.0588235294118
0.714285714286
0.0526315789474
0.0
0.818181818182
0.602591312246
0.506798007948
0.727272727273
0.666666666667
0.65
0.7
0.764705882353
0.8
0.788885137267
0.604413976682
0.679310564931
1.0
0.0
0.703012081105
0.727272727273
0.692297224441
0.588235294118
0.557140381594
0.0588235294118
0.6
0.1
0.580242661708
0.0833333333333
0.0666666666667
0.501466067
0.101769609753
0.111111111111
0.647058823529
0.0666666666667
0.66741250688
0.714285714286
0.0
0.63313336481
0.65
0.516483882406
0.333333333333
0.789473684211
0.681818181818
0.32
0.555165779406
0.440561513462
0.0
0.555555555556
0.0
0.48906183138
0.0
0.705166161996
0.75
0.642295997173
0.59398519684
0.444444444444
0.428571428571
0.833333333333
0.75
0.773123233011
0.332997102506
0.424218953773
0.716468497049
0.8
0.696720981934
0.395565367666
0.642205999227
0.0
0.488001576811
0.747809052698
0.545454545455
0.871109583236
0.3125
0.0625
0.590909090909
0.552864602538
0.769230769231
0.495716948853
0.04
0.571428571429
0.454545454545
0.0
0.84840344374
0.0982776942675
0.25
0.203489989587
0.0706342623559
0.586529810461
0.75
0.982516482123
0.262577983544
0.752876005034
0.419768724637
0.153846153846
0.626548611776
0.538380991783
0.0
0.75
0.0526315789474
0.137491389649
0.176470588235
0.529836703137
0.631578947368
0.6875
0.91238710431
0.658487659756
0.56567485535
0.363636363636
0.282032930576
0.8125
0.727272727273
0.0526315789474
0.722927724794
0.0625
0.65987379407
0.670163076078
1.0
0.125
0.666666666667
0.620688579352
0.751738259694
0.75
0.66812958301
0.0588235294118
0.1
0.2
0.7
0.0
0.677007818857
0.48513028071
0.0
0.285330254822
0.743185207335
0.75
0.819364389977
0.841291130532
0.444444444444
0.620792406134
0.608695652174
0.589011300045
0.111111111111
0.532786697259
0.194089649475
0.636363636364
0.664344421036
0.0554183669269
0.0
0.222222222222
0.25
0.658163496684
0.222222222222
0.727845687996
0.818181818182
0.846153846154
0.739130434783
0.444444444444
0.79231410511
0.857142857143
0.714285714286
0.606456566345
0.423906193415
0.0
0.0588235294118
0.666666666667
0.0714285714286
0.556747936288
0.510059581711
0.0
0.590909090909
0.737996687941
0.9
0.166666666667
0.1875
0.364658712676
0.52
0.7
0.75
0.411669773662
0.08
0.714285714286
0.692307692308
0.10789516744
0.961359235688
0.0336178630562
0.833333333333
0.978832502707
0.111111111111
0.0833333333333
0.714285714286
0.816621945682
0.75
0.785714285714
0.484082364594
0.115384615385
0.777777777778
0.682248593885
0.142857142857
0.846153846154
0.0
0.515705021381
0.0588235294118
0.916666666667
0.777777777778
0.101832276211
0.833333333333
0.74976303504
0.479397897278
0.636363636364
0.666666666667
0.764705882353
0.727272727273
0.0526315789474
0.738320628972
0.908144146418
0.756191257156
0.693165419209
1.0
0.0
0.129641249013
0.682757437287
0.73991627206
0.8125
0.807140381594
0.117647058824
0.1
0.7
0.663134470524
0.166666666667
0.249850730407
0.117647058824
0.392735049593
0.111111111111
0.75
0.571428571429
0.776782471313
0.0454545454545
0.875
0.738411317219
0.5625
0.718681733394
0.222222222222
0.626763140129
0.790815840042
0.646068271937
0.785714285714
0.673101544506
0.111111111111
0.222222222222
0.708259268235
0.697641479866
0.704258821504
0.648967881765
0.761904761905
0.902459996971
0.0769230769231
0.523957219672
0.795467232342
0.928571428571
0.222222222222
0.606456566345
0.151178920688
0.0
0.733333333333
0.733333333333
0.0
0.630946502045
0.654905956998
0.0833333333333
0.65
0.726796340441
0.833333333333
0.0833333333333
0.25
0.125
0.52
0.8
0.538461538462
0.4375
0.12
0.793901078385
0.636363636364
0.0666666666667
0.982012085335
0.368421052632
0.916666666667
0.978832502707
0.5
0.637561130024
0.125
0.730424740832
0.857142857143
0.928571428571
0.509560383783
0.0660813699191
0.663150351588
0.644239730378
0.142857142857
0.384615384615
0.0526315789474
0.823397329073
0.176470588235
0.75
0.733333333333
0.0
0.833333333333
0.783913880662
0.625244832412
0.7
0.61536626391
0.8125
0.888888888889
0.0526315789474
0.821061935973
0.973011585448
0.746640546098
0.68081565177
1.0
0.0
0.650723455884
0.650245178369
0.751738259694
0.785714285714
0.66812958301
0.0588235294118
0.2
0.2
0.777777777778
0.0833333333333
0.133333333333
0.280348894711
0.47689256022
0.404694675936
0.705882352941
0.583333333333
0.846153846154
0.8
0.0
0.666666666667
0.714285714286
0.585348400061
0.222222222222
0.6
0.863636363636
0.58750360008
0.651033873422
0.555440441311
0.423728818514
0.0
0.69020227567
0.629735820672
0.777777777778
0.675856710282
0.772727272727
0.74769601502
0.772727272727
0.444444444444
0.235294117647
0.857142857143
0.75
0.52246890933
0.366296812757
0.515128044682
0.588235294118
0.846153846154
0.0
0.670380658423
0.612012559677
0.5
0.588235294118
0.690383998396
0.9
0.227509296144
0.669443489522
0.125
0.4
0.763437523045
0.666666666667
0.456924538801
0.08
0.835886946725
0.75
0.533333333333
0.982012085335
0.0526315789474
0.230769230769
0.978832502707
0.111111111111
0.0416666666667
0.75
0.79660875813
0.785714285714
0.75
0.551943734145
0.0
0.166666666667
0.544290228363
0.835711569613
0.846153846154
0.0
0.55868043983
0.117647058824
0.833907144437
0.666666666667
0.101832276211
0.833333333333
0.731262069481
0.625244832412
0.727272727273
0.904043301502
0.8
0.75
0.0526315789474
0.166666666667
0.889213084419
0.711851329469
0.745343720594
1.0
0.0
0.0403375827798
0.674014235896
0.632097465794
0.117647058824
0.0769230769231
0.22574740312
0.1
0.1
0.8
0.0
0.2
0.0964963616213
0.0555555555556
0.222222222222
0.619047619048
0.518269152518
0.8
0.0909090909091
0.555555555556
0.690924473823
0.590909090909
0.654457000051
0.62268815288
0.6
0.800324210949
0.185992190775
0.0
0.568987591626
0.0
0.444444444444
0.0625
0.615573162171
0.166666666667
0.69746626293
0.894736842105
0.846153846154
0.916666666667
0.673659282435
0.807498571616
0.764705882353
0.75
0.52246890933
0.0909090909091
0.181818181818
0.705882352941
0.2
0.0714285714286
0.607880658423
0.673213815645
0.0833333333333
0.822802921195
0.797330090367
0.0
0.166666666667
0.125
0.0
0.631578947368
0.8
0.307692307692
0.047619047619
0.565217391304
0.75
0.727272727273
0.0
0.865423139139
0.105263157895
0.230769230769
0.468202292633
0.111111111111
0.0833333333333
0.0
0.856423762256
0.769230769231
0.846153846154
0.421052631579
0.0384615384615
0.111111111111
0.538323547014
0.928571428571
0.769230769231
0.0526315789474
0.74647425215
0.0588235294118
0.10953808758
0.0526315789474
0.0
0.846153846154
0.74976303504
0.540235507248
0.727272727273
0.61536626391
0.85
0.818181818182
0.775594711676
0.761591393341
0.0625
0.617259764906
0.619091345135
1.0
0.178140230765
0.632319163271
0.632757437287
0.762532248403
0.823529411765
0.793280967957
0.117647058824
0.6
0.0
0.830242661708
0.0833333333333
0.2
0.176470588235
0.52667503469
0.849139120381
0.526315789474
0.0666666666667
0.74142313976
0.727272727273
0.111111111111
0.698653011428
0.625
0.579432031135
0.222222222222
0.611111111111
0.952380952381
0.62750360008
0.0645161290323
0.0899011255476
0.0
0.0
0.0625
0.590077617717
0.764705882353
0.748809094345
0.869565217391
0.902459996971
0.88
0.0
0.748675042204
1.0
0.875
0.52246890933
0.423906193415
0.8
0.716269114776
0.133333333333
0.0714285714286
0.572122972634
0.602678179704
0.5
0.631578947368
0.662337995814
0.923076923077
0.0
0.669443489522
0.125
0.48
0.727272727273
0.153846153846
0.368421052632
0.0
0.5625
0.75
0.5
0.982012085335
0.0
0.923076923077
0.0
0.0
0.571428571429
0.571428571429
0.752352716012
0.642857142857
0.916666666667
0.493650112838
0.0384615384615
0.166666666667
0.558361392923
0.428571428571
0.153846153846
0.0526315789474
0.970422153664
0.0588235294118
0.122058662465
0.157894736842
0.470588235294
0.769230769231
0.759387533692
0.544969096336
0.727272727273
0.61536626391
0.631578947368
0.7
0.736842105263
0.148390597232
0.908144146418
0.72
0.111111111111
0.8
0.0
0.558440637403
0.545454545455
0.75045248441
0.8
0.230769230769
0.0588235294118
0.1
0.0641941293665
0.705242661708
0.0
0.692307692308
0.0
0.111111111111
0.111111111111
0.626917683901
0.672115306364
0.582853454969
0.0454545454545
0.333333333333
0.506895240503
0.623583890823
0.555730428636
0.333333333333
0.777777777778
0.125
0.24
0.0645161290323
0.57527759993
0.0
0.111111111111
0.125
0.658163496684
0.733333333333
0.594962940499
0.904761904762
0.933333333333
0.860436525208
0.111111111111
0.733333333333
0.833333333333
0.72060195869
0.927747879613
0.0602698297788
0.0909090909091
0.632178085632
0.666666666667
0.0
0.762096568992
0.462440534092
0.0
0.588235294118
0.0645161290323
0.0494040064173
0.892591319363
0.731943489522
0.125
0.5288958346
0.166666666667
0.5
0.421052631579
0.04
0.529889119704
0.75
0.533333333333
0.117647058824
0.842330077306
0.916666666667
0.0
0.222222222222
0.166666666667
0.25
0.6875
0.214285714286
0.769230769231
0.0416666666667
0.0384615384615
0.75
0.461779967354
0.428571428571
0.307692307692
0.157894736842
0.879513062755
0.176470588235
0.521313030324
0.105263157895
0.47185244417
0.5
0.891338838947
0.5625
0.583333333333
0.0
0.666666666667
0.909090909091
0.105263157895
0.111111111111
0.0397317725752
0.748188044729
0.675250697327
0.8
0.0
0.266004885376
0.620688579352
0.0
0.863030505691
0.153846153846
0.117647058824
0.3
0.0
0.7
0.0833333333333
0.0666666666667
0.584138966091
0.0
0.333333333333
0.631578947368
0.518269152518
0.853233566856
0.0
0.222222222222
0.0
0.590909090909
0.598901444495
0.333333333333
0.529411764706
0.125
0.04
0.0645161290323
0.0344827586207
0.0
0.222222222222
0.16399306397
0.633787070881
0.705882352941
0.766751301892
0.65
0.551432013947
0.739130434783
0.523957219672
0.0588235294118
0.647058823529
0.875
0.111111111111
0.0602698297788
0.0
0.0588235294118
0.0666666666667
0.0714285714286
0.0588235294118
0.12
0.0
0.722222222222
0.0
0.0769230769231
0.25
0.1875
0.0
0.0
0.552864602538
0.153846153846
0.288385857981
0.08
0.731401078385
0.666666666667
0.0666666666667
0.0
0.789473684211
1.0
0.0833333333333
0.0
0.0833333333333
0.5
0.0
0.0482922692583
0.75
0.352705062558
0.0769230769231
0.166666666667
0.0322580645161
0.0499972838989
0.769230769231
0.0
0.592628098304
0.0588235294118
0.844980001475
0.105263157895
0.105263157895
0.769230769231
0.748545826688
0.353488233565
0.75
0.666666666667
0.823529411765
0.8
0.263157894737
0.781751254205
0.955879751085
0.720245587005
0.037037037037
1.0
0.0987050164005
0.136363636364
0.682757437287
0.73991627206
0.875
0.745052659933
0.117647058824
0.1
0.1
0.8
0.0833333333333
0.2
0.0588235294118
0.466431471308
0.222222222222
0.631578947368
0.466666666667
0.75
0.81026466412
0.222222222222
0.71875
0.565217391304
0.673764125057
0.25
0.588235294118
0.818181818182
0.08
0.0322580645161
0.506819191411
0.0
0.0
0.687420644538
0.588775394262
0.777777777778
0.860181267632
0.8
0.688174282685
0.791666666667
0.635068330783
0.690697886435
0.857142857143
0.875
0.773123233011
0.406996458619
0.0909090909091
0.647058823529
0.714285714286
0.0714285714286
0.607880658423
0.6411560149
0.166666666667
0.647058823529
0.0848142247021
0.0
0.0833333333333
0.669443489522
0.125
0.5
0.727272727273
0.153846153846
0.470502796296
0.04
0.846153846154
0.75
0.2
0.982012085335
0.315789473684
0.538461538462
0.315693752256
0.0
0.624360158894
0.25
0.795048056938
0.0482922692583
0.923076923077
0.388888888889
0.0769230769231
0.722222222222
0.0967741935484
0.142857142857
0.615384615385
0.0
0.153846153846
0.0588235294118
0.866666666667
0.102859160346
0.0
0.75
0.74976303504
0.55
0.727272727273
0.333333333333
0.631578947368
0.0909090909091
0.623971638939
0.647498521233
0.841477479751
0.0
0.72
0.2
0.125
0.0909090909091
0.608695652174
0.0869565217391
0.375
0.745052659933
0.0
0.2
0.0641941293665
0.4
0.0833333333333
0.0
0.0
0.0
0.0
0.671445077301
0.0
0.540935836387
0.75
0.777777777778
0.59215794728
0.567351984031
0.449036979068
0.111111111111
0.722222222222
0.0416666666667
0.583333333333
0.592990567641
0.0344827586207
0.0
0.0
0.0625
0.415398021536
0.75
0.692307692308
0.578947368421
0.133333333333
0.695652173913
0.333333333333
0.466666666667
0.866666666667
0.888888888889
0.773123233011
0.0909090909091
0.6
0.0588235294118
0.0666666666667
0.0
0.414070531847
0.55767862933
0.0833333333333
0.45
0.648295337232
0.692307692308
0.5
0.0625
0.0
0.0
0.60312502095
0.0
0.0
0.0
0.606027535053
0.5
0.5
0.176470588235
0.0526315789474
0.333333333333
0.0
0.555555555556
0.0281329589053
0.125
0.70013239029
0.662746766444
0.928571428571
0.518128053609
0.0769230769231
0.111111111111
0.0322580645161
1.0
0.769230769231
0.0526315789474
0.384615384615
0.294117647059
0.309011230086
0.777777777778
0.55932655989
0.843750532081
0.721441392229
0.4
0.6
