0.707106781187
0.717108788292
0.67082039325
0.745241313525
0.530722777603
0.715096941934
0.675
0.540295467239
1.0
0.334496804003
0.615384615385
0.674453273433
0.727392967453
0.755742181606
0.68599434057
0.489009646922
0.807207352796
0.644503386635
0.696310623823
0.715626447332
0.623609564462
0.439155032827
0.487950036474
0.832050294338
0.736955526661
0.556293911167
0.696573796351
0.727392967453
0.552052447474
0.711286759159
0.524304120391
0.492763728326
0.418121005004
0.534522483825
0.668423922777
0.667200640855
0.668153104781
0.463816828522
0.500434593737
0.485362671697
0.694022093789
0.586352729856
0.694365074829
0.733673982067
0.903225806452
1.0
0.76777189595
0.4
0.813220284499
0.753778361444
0.696310623823
0.522232967867
0.702959491567
0.387298334621
0.590909090909
0.762770071396
0.684762383262
0.593366103964
0.687256450367
0.571661950475
0.712626824218
0.538461538462
0.683130051064
0.489978943506
0.596284794
0.489009646922
0.53708615553
0.801783725737
0.736842105263
0.392232270276
0.631620291838
0.571428571429
0.790569415042
0.512271764055
0.885364878308
0.84
0.941176470588
0.645497224368
0.609271795845
0.678063503621
0.696310623823
0.629940788349
0.465378920996
0.737864787373
0.464641855597
0.592330343399
0.61910348462
0.526315789474
0.921954445729
0.790911578839
0.778311782494
0.573539334676
0.695181697093
0.52380952381
0.786215858881
0.639602149067
0.668647849836
0.739795442874
0.48304589154
0.7453559925
0.589255650989
0.662266178533
0.716114874039
0.76
0.6
0.8
0.578005976691
0.548672640713
0.801783725737
0.334496804003
0.566138517072
0.749268649265
0.701862406344
0.772727272727
0.777777777778
0.521739130435
0.692307692308
0.693375245282
0.783349451801
0.685160159703
0.546018906232
0.372193684159
0.390360029179
0.741249316661
0.736955526661
0.538381902058
0.727547602014
0.821428571429
0.572891899232
0.731897855207
0.636655003332
0.553818619695
0.400320384513
0.553316744993
0.639362013091
0.714577438094
0.782074300588
0.434828276739
0.383065438841
0.554700196225
0.76
0.603249346818
0.652791209834
0.715096941934
0.612671664854
0.755742181606
0.627495019901
0.381385035698
0.71818484646
0.723922765993
0.783349451801
0.609271795845
0.514495755428
0.57735026919
0.667423812472
0.711286759159
0.586939185653
0.609271795845
0.558052339654
0.582181736427
0.571793351913
0.747264717757
0.606128125356
0.558290526239
0.73294091232
0.434782608696
0.501280411828
0.721687836487
0.733673982067
0.400320384513
0.686543795476
0.666666666667
0.67082039325
0.695652173913
0.931588505112
0.706018086497
0.700140042014
0.688247201612
0.609271795845
0.576353978078
0.720576692123
0.642057883124
0.596558759001
0.759256602365
0.405220449237
0.566379375844
0.692307692308
0.44513190726
0.775631534993
0.809523809524
0.691939188693
0.723339349297
0.792593923901
0.683130051064
0.740740740741
0.542137476548
0.70087664405
0.590538595357
0.597319113587
0.716114874039
0.707106781187
0.667823071121
0.690065559342
0.694022093789
0.750651890605
0.780720058359
0.589937552449
0.610257153259
1.0
0.363636363636
0.627571632442
0.728395683435
0.667124384995
0.636363636364
0.628828145523
0.434782608696
0.644503386635
0.572891899232
0.522232967867
0.500979432868
0.546018906232
0.47619047619
0.500517330713
0.741249316661
0.631364149802
0.489009646922
0.586588460085
0.718132498718
0.774596669241
0.605982706955
0.634022958309
0.48280787926
0.615384615385
0.766130877683
0.697485832463
0.720576692123
0.57572010047
0.394120390684
0.408930410055
0.667124384995
0.706018086497
0.478091443734
0.800640769025
0.653274579918
0.587896351252
0.681005224607
0.555492059864
0.639009650423
0.44513190726
0.683763458758
0.75
0.612372435696
0.471404520791
0.400891862869
0.715096941934
0.818181818182
0.684210526316
0.481125224325
0.634745449542
0.612056372482
0.435494170356
0.675381633506
0.55
0.822951199798
0.833333333333
0.383065438841
0.552052447474
0.606339062591
0.820782681668
0.509901951359
0.5766967882
0.536745040122
0.503115294937
0.542082164864
0.596284794
0.588348405415
0.424437343814
0.559016994375
0.348155311911
0.547722557505
0.75
0.779579442869
0.834622326112
0.650791373456
0.46458209843
0.694456264675
0.615384615385
0.5
0.705023987911
0.750939261483
0.815374248327
0.615587011251
0.862910994608
0.487950036474
0.740740740741
0.654653670708
0.385758374905
0.666924017252
0.608697642934
0.35805743702
0.533001790889
0.738548945876
0.903696114115
0.83152184062
0.694022093789
0.839254327416
0.666885928855
0.603859639856
1.0
0.418121005004
0.64051261522
0.640988201423
0.704186850828
0.790911578839
0.722222222222
0.444554224474
0.739940073396
0.693375245282
0.696310623823
0.888523316639
0.651338947279
0.418717894679
0.409514179674
0.741249316661
0.705642285073
0.638915143338
0.666282531419
0.815374248327
0.552052447474
0.652055938099
0.610959809972
0.582685632583
0.370624658331
0.458333333333
0.767195274092
0.704295212274
0.64241607444
0.521793932087
0.44982345106
0.644503386635
0.68
0.617914380653
0.746390491252
0.684762383262
0.774916949044
0.844653026501
0.7027642215
0.613940613515
0.71818484646
0.753778361444
0.73029674334
0.51031036308
0.514495755428
0.5625
0.627181507505
0.681818181818
0.550597761289
0.579066024144
0.534522483825
0.596558759001
0.594225082167
0.641025641026
0.666885928855
0.666666666667
0.7201931414
0.444554224474
0.533333333333
0.668153104781
0.75703329861
0.408930410055
0.68599434057
0.688032961232
0.769483764064
0.599204709019
0.933333333333
0.692820323028
0.848874687627
0.839146391678
0.609271795845
0.655825835784
0.666666666667
0.682186500819
0.571661950475
0.737864787373
0.48280787926
0.688211829791
0.815374248327
0.684210526316
0.705023987911
0.790911578839
0.778311782494
0.540738070436
0.778311782494
0.793884186037
0.814814814815
0.627571632442
0.77151674981
0.733049036765
0.597319113587
0.644503386635
0.707106781187
0.785674201318
0.710046946805
0.73029674334
0.72
0.829515062006
0.67082039325
0.677772085586
0.857142857143
0.334496804003
0.679366220487
0.681201209423
0.680336051417
0.800197604054
0.800326730665
0.533465069369
0.807207352796
0.741249316661
0.57735026919
0.770053541087
0.57735026919
0.579066024144
0.380952380952
0.716114874039
0.696962783396
0.591520481751
0.650963643907
0.807141767295
0.81989159175
0.708288246975
0.497795727694
0.593855686849
0.572891899232
0.553316744993
0.755609651835
0.684995780439
0.745799524817
0.616041103634
0.441414794648
0.572891899232
0.734846922835
0.607176740719
0.680544653672
0.727272727273
0.725866186311
0.826086956522
0.8
0.476731294623
0.736842105263
0.804030252207
0.67082039325
0.51031036308
0.471404520791
0.75
0.727272727273
0.711286759159
0.573964021395
0.609271795845
0.623705556084
0.596558759001
0.631364149802
0.605472845467
0.71818484646
0.761904761905
0.720576692123
0.608695652174
0.533333333333
0.801783725737
0.666885928855
0.449921270666
0.642805900807
0.750939261483
0.705023987911
0.613395615082
0.897085227145
0.8
0.909508593886
0.839146391678
0.572077553547
0.655562281375
0.64051261522
0.57735026919
0.764705882353
0.820782681668
0.464641855597
0.602185351067
0.572502574077
0.621260744197
0.945905302927
0.809523809524
0.728357040729
0.789473684211
0.792593923901
0.709208143267
0.707106781187
0.52
0.77151674981
0.67161876196
0.632455532034
0.67082039325
0.589255650989
0.802572353905
0.759072115277
0.73029674334
0.694022093789
0.820782681668
0.721605353164
0.590243252206
1.0
0.435194139889
0.641623652682
0.651583765535
0.691023319081
0.762770071396
0.68599434057
0.577920491817
0.672672793996
0.693375245282
0.783349451801
0.750555349947
0.523722936566
0.619047619048
0.411475599899
0.889499179993
0.728357040729
0.505721737424
0.700472796916
0.778311782494
0.6
0.669710822529
0.53565566823
0.542082164864
0.384615384615
0.547722557505
0.842795380893
0.684995780439
0.64241607444
0.521793932087
0.468191091917
0.558156305651
0.708949007794
0.567733589434
0.800640769025
0.667423812472
0.760431242802
0.739130434783
0.728612088863
0.639009650423
0.750939261483
0.753778361444
0.75
0.481125224325
0.53033008589
0.467707173347
0.666831336712
0.744387368319
0.655610068107
0.593366103964
0.580947501931
0.571661950475
0.554265307725
0.60764362025
0.666885928855
0.634335047417
0.707106781187
0.478260869565
0.440741277354
0.668153104781
0.702959491567
0.459933105504
0.666736691
0.720082299823
0.759256602365
0.681005224607
0.949288905069
0.82368776758
0.834622326112
0.839146391678
0.501745206004
0.645497224368
0.75
0.601929265429
0.68599434057
0.75
0.486264539084
0.59372932113
0.716114874039
0.508304245252
0.764705882353
0.780720058359
0.815374248327
0.556414884075
0.801192744802
0.750939261483
0.717108788292
0.627571632442
0.822951199798
0.767195274092
0.644503386635
0.716114874039
0.707106781187
0.836501912571
0.67082039325
0.745241313525
0.66679485947
0.762770071396
0.725
0.688617127573
1.0
0.363636363636
0.608697642934
0.67773899367
0.642857142857
0.739830037812
0.555555555556
0.577920491817
0.807207352796
0.692307692308
0.800640769025
0.788810637747
0.503952630679
0.604814736759
0.480079358519
0.693375245282
0.701862406344
0.512877644532
0.689255622961
0.642857142857
0.903696114115
0.684678638742
0.622171016838
0.606478434863
0.526234811584
0.561951486949
0.784671561521
0.667200640855
0.736069929965
0.55078248387
0.418762843195
0.716114874039
0.680336051417
0.579771035652
0.760608730574
0.697863157799
0.826184389323
0.826086956522
0.898645105261
0.476731294623
0.736842105263
0.715096941934
0.75
0.435194139889
0.53033008589
0.8125
0.739830037812
0.577920491817
0.655610068107
0.652791209834
0.601337794303
0.514495755428
0.696962783396
0.68444756444
0.438529009654
0.513552591013
0.578637562358
0.510753918455
0.547722557505
0.774596669241
0.684210526316
0.415168245853
0.605083267534
0.676123403783
0.726722092687
0.54446550648
0.862581949178
0.88
0.823529411765
0.788240781368
0.585369407005
0.721408419362
0.560448538318
0.65648795189
0.66697296885
0.790569415042
0.425921700964
0.566379375844
0.754851356096
0.526315789474
0.91465912076
0.857142857143
0.764774892766
0.736842105263
0.807692307692
0.761904761905
0.760431242802
0.56
0.822951199798
0.744072949142
0.621059003408
0.716114874039
0.589255650989
0.872871560944
0.774596669241
0.784464540553
0.68
0.810443200859
0.675837818383
0.61322236315
1.0
0.435194139889
0.576923076923
0.651583765535
0.727392967453
0.844653026501
0.743160535618
0.608695652174
0.787726361443
0.624037720753
0.696310623823
0.710818653311
0.668153104781
0.546018906232
0.465242105199
0.787726361443
0.607530436408
0.559502884944
0.650963643907
0.785714285714
0.6
0.676065985974
0.522092563787
0.568573532684
0.334496804003
0.595879571531
0.871857290579
0.684995780439
0.750775996069
0.521773284562
0.441414794648
0.538138235197
0.66679485947
0.583558515096
0.775671751881
0.733673982067
0.848555291628
0.826086956522
0.885714285714
0.613940613515
0.70087664405
0.85428214297
0.833333333333
0.481125224325
0.53033008589
0.8125
0.666831336712
0.711286759159
0.574037847882
0.638442398069
0.625
0.571661950475
0.606478434863
0.589743589744
0.810443200859
0.546018906232
0.708333333333
0.490716492066
0.491869376838
0.75
0.750939261483
0.440352422964
0.677907680683
0.634335047417
0.790569415042
0.625543242171
0.949288905069
0.82368776758
0.941176470588
0.726722092687
0.585369407005
0.632455532034
0.547722557505
0.642057883124
0.571661950475
0.81348921682
0.445668811625
0.731225069153
0.644503386635
0.528594139871
0.945905302927
0.790911578839
0.751920617741
0.834622326112
0.751920617741
0.773526783829
0.878410461158
0.530722777603
0.740958573635
0.778078020127
0.597319113587
0.716114874039
0.589255650989
0.654330305082
0.716114874039
0.76
0.692820323028
0.820782681668
0.67082039325
0.617213399848
0.857142857143
0.454545454545
0.576923076923
0.572351471472
0.617213399848
0.723922765993
0.777777777778
0.455015755193
0.832050294338
0.644503386635
0.639009650423
0.912870929175
0.70087664405
0.611010092661
0.480079358519
0.572891899232
0.61952247413
0.621874335205
0.587605960347
0.631676165709
0.903696114115
0.559502884944
0.623034543995
0.503362010231
0.538461538462
0.757240185419
0.648648648649
0.657595949221
0.604814736759
0.5
0.368037369049
0.644503386635
0.692820323028
0.617914380653
0.73029674334
0.635850784458
0.864126412275
0.889108448949
0.840668001696
0.456435464588
0.66769786089
0.692902328156
0.609271795845
0.654653670708
0.462910049886
0.5625
0.652791209834
0.635850784458
0.564288093647
0.684653196881
0.516397779494
0.529256124025
0.554265307725
0.488386290506
0.71818484646
0.857142857143
0.694022093789
0.521672030038
0.491909858248
0.589255650989
0.615587011251
0.44982345106
0.666736691
0.487950036474
0.759256602365
0.654288656088
0.774596669241
0.698297248755
0.876714007519
0.630893268144
0.609271795845
0.710046946805
0.880704845928
0.53339646091
0.705023987911
0.726722092687
0.448275862069
0.551479974889
0.784464540553
0.430154501007
0.890263814519
0.837435789359
0.868079059511
0.745601135079
0.745241313525
0.411475599899
0.717108788292
0.489897948557
0.524890659168
0.745643719201
0.633552593625
0.6
0.746202507245
0.679366220487
0.866666666667
0.680336051417
0.680336051417
0.789352217376
0.721605353164
0.557451960416
0.755928946018
0.483493778415
0.580370430699
0.640988201423
0.631676165709
0.844653026501
0.843274042712
0.61952247413
0.719092495507
0.624037720753
0.75
0.85201286723
0.470317081002
0.536745040122
0.500517330713
0.605405514597
0.701862406344
0.540620505901
0.749005886273
0.75
0.710046946805
0.673913043478
0.622171016838
0.557086014531
0.461538461538
0.510753918455
0.821994936527
0.624695047554
0.635338087202
0.485912657904
0.39405520312
0.644503386635
0.615840287136
0.567733589434
0.708333333333
0.790911578839
0.644902021637
0.638442398069
0.747017880834
0.476731294623
0.512989176043
0.651338947279
0.833333333333
0.400320384513
0.486664263392
0.412478955692
0.639602149067
0.682242292338
0.504714614515
0.510688230857
0.53033008589
0.582181736427
0.658242628763
0.658280588604
0.652753365768
0.714285714286
0.655789237339
0.510753918455
0.496999544274
0.5625
0.801001878915
0.353009043249
0.575372359063
0.731925054711
0.705023987911
0.551677284367
0.80687153046
0.816496580928
1.0
0.745601135079
0.603022689156
0.677772085586
0.617213399848
0.592592592593
0.63510734883
0.8
0.379049021789
0.550716080354
0.582685632583
0.512989176043
0.859726953621
0.878310065654
0.73969345136
0.631578947368
0.868079059511
0.780720058359
0.654653670708
0.57735026919
0.709208143267
0.704854843043
0.491909858248
0.759072115277
0.707106781187
0.76244373621
0.759072115277
0.706018086497
0.708949007794
0.85
0.727825342874
0.524631389871
0.857142857143
0.348155311911
0.592999453329
0.662722756442
0.704186850828
0.883959999879
0.777777777778
0.591520481751
0.807207352796
0.624037720753
0.783349451801
0.770674635588
0.666666666667
0.651338947279
0.465242105199
0.672672793996
0.668503217437
0.478364873235
0.725866186311
0.800132264199
0.669438681395
0.722691226386
0.600333611369
0.580802319497
0.400320384513
0.553316744993
0.797227103733
0.632455532034
0.721125263059
0.44781107552
0.44982345106
0.538138235197
0.708949007794
0.571428571429
0.775671751881
0.723922765993
0.774916949044
0.755742181606
0.794461346554
0.572077553547
0.666885928855
0.753778361444
0.833333333333
0.612372435696
0.53033008589
0.788240781368
0.696310623823
0.681818181818
0.655610068107
0.609271795845
0.590878947869
0.500773395667
0.593855686849
0.683599072781
0.516397779494
0.591520481751
0.667823071121
0.510753918455
0.524660668627
0.710046946805
0.684762383262
0.440352422964
0.650791373456
0.793884186037
0.790569415042
0.613395615082
0.897085227145
0.88
0.800326730665
0.788240781368
0.609271795845
0.64416032844
0.64051261522
0.601929265429
0.723339349297
0.843274042712
0.435494170356
0.63829787234
0.792593923901
0.46757190012
0.945905302927
0.829515062006
0.716114874039
0.769483764064
0.815374248327
0.851064496347
0.85769002787
0.530722777603
0.688032961232
0.72250101869
0.655562281375
0.716114874039
0.533001790889
0.601929265429
0.733333333333
0.615840287136
0.64
0.769483764064
0.59263775799
0.677772085586
0.755928946018
0.32232918561
0.509901951359
0.67773899367
0.701862406344
0.489009646922
0.777777777778
0.468191091917
0.624037720753
0.554700196225
0.800640769025
0.547722557505
0.500517330713
0.500517330713
0.571428571429
0.693375245282
0.64416032844
0.478260869565
0.476603123819
0.727392967453
0.828078671211
0.590240205812
0.497795727694
0.46458209843
0.538461538462
0.696310623823
0.666725933828
0.657595949221
0.634335047417
0.449867705421
0.368037369049
0.554700196225
0.745241313525
0.470791909069
0.739830037812
0.762770071396
0.518475847365
0.667246124983
0.667894414791
0.667423812472
0.45056355689
0.775631534993
0.916666666667
0.612372435696
0.444444444444
0.645497224368
0.459933105504
0.710805708506
0.410391340834
0.489978943506
0.590878947869
0.556414884075
0.492763728326
0.613824589586
0.634335047417
0.650814026618
0.800640769025
0.464641855597
0.540295467239
0.580947501931
0.733673982067
0.415168245853
0.549219070014
0.591520481751
0.5378528742
0.625543242171
0.737864787373
0.549125178387
0.485071250073
0.614918693812
0.609271795845
0.524660668627
0.800640769025
0.641623652682
0.612056372482
0.843274042712
0.454858826147
0.660109597606
0.546267780547
0.512989176043
1.0
0.857142857143
0.815374248327
0.538027586849
0.862910994608
0.409514179674
0.830336491706
0.6
0.714285714286
0.676660649322
0.5
0.52174919475
