0.111111111111
0.0371204837269
0.0636363636364
0.0387797355838
0.0368835491079
0.0477199468569
0.028043750559
0.0211867477927
0.2
0.0519391382739
0.0350537200938
0.0314917641554
0.039566588196
0.0441176470588
0.0739483847288
0.0279209477373
0.075
0.0636828441139
0.0666666666667
0.0490450826532
0.0498114958091
0.032525282006
0.0298262529356
0.100476300185
0.0369109667104
0.0396794819627
0.0308670045419
0.0320905251312
0.064238708695
0.02061522691
0.0282049072317
0.028587641415
0.0498784966965
0.0349276288685
0.0307880429936
0.0251991817391
0.0203265487517
0.0175789322002
0.0253947516892
0.0479453376064
0.0450723165079
0.0226570478467
0.0357029333115
0.0518068606129
0.0373677258558
0.0666666666667
0.025198938992
0.0458717898401
0.0509886680708
0.0515873015873
0.0833333333333
0.0646844772959
0.0607178920213
0.0322738359438
0.0336134453782
0.0512820512821
0.0464480654623
0.0416671706257
0.0344994130067
0.0384615384615
0.0343137254902
0.0230453459705
0.0570547460558
0.0357844854782
0.0309243876033
0.0266974195423
0.0230565523366
0.0768808747492
0.0532544378698
0.0189409353947
0.021935483871
0.0319941810815
0.0535714285714
0.043455954555
0.0532072741844
0.0441213892864
0.0710059171598
0.0687330772055
0.0555555555556
0.0370834633839
0.0892857142857
0.0599495328956
0.0440722883183
0.0491071428571
0.0229328247294
0.0181767614315
0.0320907083909
0.0175475213006
0.0625
0.0615384615385
0.0382775119617
0.0438781944458
0.0415224913495
0.0471296995008
0.0433533341279
0.0376304868305
0.0530939362777
0.0302443790076
0.0228329967635
0.0615384615385
0.102561043985
0.0423076923077
0.0606060606061
0.0402476780186
0.0386593874761
0.0552675653076
0.026407027292
0.0248317166015
0.16
0.0519391382739
0.0344253429045
0.0346527507846
0.0363459174169
0.0415224913495
0.0684888699184
0.0289344289796
0.0863543919416
0.0636828441139
0.08
0.0518882274113
0.0491630640052
0.023841765121
0.0289590340076
0.0958958838723
0.0367975034165
0.0449166598849
0.0395707636744
0.0351239669421
0.0798648586794
0.0214713755593
0.0324245723738
0.028189224641
0.044336441508
0.0303331551068
0.0272789690915
0.0306032351245
0.0242843334305
0.015066405515
0.0211136157495
0.042735042735
0.04296875
0.020073413396
0.0412058201079
0.0515523621938
0.0316935358249
0.0549746061296
0.0230769230769
0.0516057635701
0.0440397083649
0.0515873015873
0.0833333333333
0.0785733661848
0.0353255161179
0.0606037135591
0.0352941176471
0.052380952381
0.0390807756566
0.0392775745478
0.0280662147225
0.0364583333333
0.0246396365003
0.0273214449593
0.0474849015573
0.0458993799545
0.0427981388036
0.0173611111111
0.0223198527761
0.0765285137704
0.0432692307692
0.0228379599478
0.0234583171374
0.040492793267
0.0454545454545
0.04398502392
0.0609675794831
0.0341897188791
0.0598290598291
0.0645690140456
0.0617283950617
0.0295296842453
0.0833333333333
0.0489734037473
0.0597126630733
0.0491071428571
0.0222861345695
0.0166127811393
0.0379425020438
0.0153047195212
0.0570982434187
0.0659340659341
0.0367037024758
0.0622061876792
0.0411764705882
0.0647227460935
0.0425181731371
0.0312358592001
0.0641659851714
0.0265956185366
0.0268944179865
0.0559440559441
0.0952380952381
0.0325
0.0636363636364
0.0402476780186
0.047012691111
0.0516246095678
0.0275389192907
0.0262406473266
0.2
0.0665362885671
0.0396712796595
0.0301704324602
0.0356666466119
0.0370677276728
0.0549655065142
0.0241861644673
0.06
0.0553495107805
0.0654459893344
0.0332960586493
0.033438172703
0.0347985659486
0.0299340748745
0.108963798567
0.0348878191455
0.025
0.0291832476318
0.0324675324675
0.0843748650343
0.019459495928
0.0313560281799
0.0224558209742
0.0555555555556
0.0472617193021
0.0320265928559
0.0285897850786
0.0193804625764
0.0151917763263
0.0172801571842
0.0690749899632
0.0413844474723
0.0168642010821
0.0438596491228
0.0502928368211
0.03329038432
0.0428197331448
0.0228455844939
0.0746179441894
0.0252100840336
0.0490450826532
0.0833333333333
0.0859025814457
0.0302724638642
0.0385653594339
0.0421452057088
0.0533333333333
0.0497657844239
0.0232685510392
0.0311439052443
0.0416666666667
0.0232239343006
0.025163455394
0.0464493152687
0.0725924652696
0.0565447596985
0.01875
0.0237638142703
0.0504519408833
0.0626848393674
0.0293710739706
0.0184499329495
0.0336134453782
0.036322973072
0.0253924737656
0.056368877939
0.0312637514477
0.0230367811095
0.0517073983098
0.0367243268808
0.033076282032
0.103027153954
0.0719091516428
0.0739983773591
0.0470547503146
0.0188057449301
0.0208464674841
0.0348082562098
0.0186734950688
0.0501255048372
0.0576923076923
0.0415117453036
0.0442868238255
0.0490196078431
0.0358869216484
0.0408673757444
0.0423342976843
0.0683442379215
0.0294040944967
0.0300211447788
0.027972027972
0.0769207829887
0.040625
0.0833333333333
0.0419456128367
0.0446216623256
0.0560951123436
0.0282165527438
0.0267479655556
0.2
0.0585810347945
0.0403468818991
0.0259070665433
0.0379980045722
0.0441176470588
0.0625717101551
0.0281296797505
0.075
0.0636828441139
0.0759373785308
0.0699652102949
0.0504115243956
0.0341689224688
0.0263937108334
0.10548547226
0.0370627464177
0.05
0.0360431888551
0.0382405059333
0.0713763429945
0.0182524848054
0.029156470629
0.0271582593442
0.0277777777778
0.0330116784189
0.0345269042098
0.0278662973754
0.0221426695724
0.0196641066644
0.0217482978474
0.0505050505051
0.0367647058824
0.0226952929891
0.0409356725146
0.0515523621938
0.0362944750923
0.0564102564103
0.0284280936455
0.0746179441894
0.0466067120653
0.047619047619
0.0793650793651
0.0673840629272
0.0442194658784
0.0466182411993
0.0326797385621
0.0444444444444
0.0312646205253
0.0327498786052
0.0232086647911
0.0388888888889
0.0268841234872
0.0245921930757
0.0741711698725
0.0605205601672
0.0440137323618
0.0227911695423
0.0209134428509
0.0688756623933
0.0576923076923
0.0245372688533
0.0242857142857
0.0420168067227
0.0494505494505
0.0402211831595
0.0623259024648
0.0341637254326
0.0641025641026
0.0867229378222
0.0555555555556
0.031549246424
0.0998881759479
0.0598063222688
0.0686884478893
0.0491071428571
0.0229258293423
0.0239441462637
0.0432098765432
0.0226951615393
0.0522319731008
0.0650887573964
0.0399225082416
0.0396696170293
0.0433436532508
0.0676798052705
0.0472424145968
0.0338674381474
0.0593147710393
0.0336898087824
0.0276315404231
0.048951048951
0.111111111111
0.0382352941176
0.0661157024793
0.0358851674641
0.0452291008384
0.0567590091511
0.0348857837302
0.0284618681589
0.2
0.0577101536377
0.0411230888243
0.0284977731977
0.0393803180686
0.0477941176471
0.074196275745
0.0311889215935
0.075
0.07
0.0663134470524
0.0551757179848
0.0452912781458
0.0361634709618
0.0272555614189
0.103161656747
0.0378793920163
0.0380952380952
0.0340152081188
0.0335968379447
0.105468581293
0.0221309952622
0.0283254700075
0.0312470318867
0.0576558617408
0.0374442289331
0.0367438134714
0.0290957929031
0.0261341341094
0.0232103980864
0.0217482978474
0.040404040404
0.0442662042647
0.024056602754
0.0391254900836
0.0458899329348
0.0342734629676
0.0601639997981
0.0294166333404
0.0582174688524
0.0467921901378
0.0515873015873
0.0606060606061
0.0673840629272
0.0353255161179
0.0629370629371
0.043137254902
0.0488888888889
0.0337875177423
0.0392775745478
0.0301362048791
0.0388888888889
0.0283355819753
0.02344504324
0.0682195646373
0.06225061431
0.0455153479338
0.0330882352941
0.0218255994088
0.0719225354729
0.0414201183432
0.0243674872207
0.0213471329955
0.0467000634344
0.0454545454545
0.0343202292633
0.0608335763536
0.0417559899765
0.0705128205128
0.0867229378222
0.0555555555556
0.0352852886813
0.075
0.0511616048189
0.0711526601649
0.0580357142857
0.0241324519392
0.0229014307219
0.0368416861993
0.0215708680395
0.0666666666667
0.0604395604396
0.039119400806
0.0633382560826
0.0430551158767
0.0622263604759
0.0461645817267
0.0286042802527
0.063073986523
0.0337963531574
0.0329996436319
0.0538461538462
0.102561043985
0.040625
0.0808080808081
0.0382775119617
0.0500735629467
0.0608132240905
0.0310685599696
0.0262963912836
0.2
0.0715990425266
0.039165651791
0.0271407363787
0.039566588196
0.046218487395
0.0625717101551
0.0335532688949
0.067476117498
0.0636828441139
0.0777777777778
0.0551757179848
0.0435224668503
0.0407811163087
0.0330960388659
0.116596583371
0.0356511924859
0.0388888888889
0.0371594161958
0.0363636363636
0.0687527325497
0.0196195237074
0.0354775557849
0.027515360285
0.0362752703247
0.0369202148502
0.038477846922
0.0275730641127
0.0217370372146
0.0191531186659
0.0253730141553
0.037037037037
0.0431376422294
0.021715028299
0.0432098765432
0.0478700506086
0.0344762932742
0.0498464010013
0.0297202797203
0.0746179441894
0.0448610317564
0.047619047619
0.0833333333333
0.0580521010366
0.0332997102506
0.0468298222438
0.0346020761246
0.0564102564103
0.0396825396825
0.0417324229571
0.0286086595079
0.0416666666667
0.0245098039216
0.0228862733591
0.0741711698725
0.0561976630124
0.0483600571797
0.0243055555556
0.0172102147934
0.0688756623933
0.0550880631608
0.0250845738537
0.0237037037037
0.0491698203956
0.0535714285714
0.041052688992
0.0608335763536
0.0411623627178
0.0564102564103
0.0867229378222
0.040404040404
0.0314837429268
0.09375
0.0519423086212
0.0690798941092
0.046875
0.0262396918453
0.0213281679877
0.035488517285
0.0198960358797
0.0596936835438
0.0650887573964
0.0399225082416
0.0429754184484
0.0433436532508
0.0679448953019
0.0413944613804
0.0338674381474
0.0593147710393
0.0315671303304
0.0329996436319
0.0600896344562
0.150673883584
0.0430053967408
0.0681818181818
0.0368421052632
0.0399374916866
0.0555758177762
0.0311413528981
0.0296841629342
0.2
0.0577101536377
0.0363396936266
0.0279931570064
0.0325651990804
0.0392156862745
0.0567591091798
0.0321493655328
0.075
0.0694721935788
0.08
0.0568320482994
0.0417886044044
0.0418493323401
0.0286530008405
0.0879045602163
0.0311280628514
0.0345512768345
0.0349826051475
0.0280792094898
0.102083063402
0.020293351684
0.0285054801635
0.0301758437158
0.0691875725423
0.0369202148502
0.0373411790263
0.0255991187959
0.0221175735081
0.0196202617802
0.0190297606165
0.0606060606061
0.0328947368421
0.0212266607645
0.0409356725146
0.0491231583458
0.0386417445472
0.0564102564103
0.0352564102564
0.0748510313817
0.0474999159774
0.0424836601307
0.0833333333333
0.0580521010366
0.0481102679643
0.0699300699301
0.0415224913495
0.0416666666667
0.0375939849624
0.0380559523688
0.0314695254586
0.0320512820513
0.0342834550498
0.0267955943129
0.0283856926642
0.037283117008
0.0374347849934
0.0230263157895
0.025491703973
0.0719225354729
0.0472183398521
0.0190216888326
0.0236412832228
0.0441176470588
0.0519480519481
0.0261487461054
0.0558493793123
0.0447368421053
0.0604395604396
0.0667099521709
0.0555555555556
0.0358797334912
0.0699217231636
0.0597829349171
0.065636930727
0.0528846153846
0.0204446289307
0.0191244918916
0.0432042872006
0.0180753228379
0.0663265306122
0.0659340659341
0.0397068868122
0.0574210963193
0.0483221320753
0.0631345409819
0.0419877760495
0.0334090765965
0.0633503465341
0.0336898087824
0.0285662929515
0.0559440559441
0.102561043985
0.0455053967408
0.0743801652893
0.0408207742987
0.0467696439116
0.0524186417554
0.027026483609
0.0248564199651
0.2
0.080425177456
0.0383388918646
0.0264977731977
0.0397366609209
0.0484429065744
0.0721987397664
0.0342524161605
0.0797445024976
0.0553495107805
0.0830242661708
0.0532985436282
0.0522859527026
0.0294117647059
0.0343946190603
0.117206080288
0.0265595286878
0.0364062457614
0.0323478706593
0.0330578512397
0.0584083681968
0.0210707097979
0.0310428613118
0.0284721376267
0.0393707105762
0.0363224012641
0.042294252331
0.0282230835478
0.0236617377385
0.0184350999979
0.021390855259
0.037037037037
0.0347222222222
0.0203475040592
0.0424836601307
0.0529499226171
0.0382496835791
0.0601639997981
0.0338461538462
0.0678344947176
0.0440397083649
0.0555555555556
0.0972222222222
0.0580521010366
0.0385369266741
0.0727272727273
0.0421334773397
0.0458333333333
0.036669525365
0.0358173669354
0.0278912712155
0.0416666666667
0.027633945939
0.0219815635983
0.0748062253457
0.044273701447
0.0483600571797
0.0262932720322
0.0193749813124
0.0653841231572
0.0461538461538
0.0205199892385
0.0232421723164
0.0330882352941
0.0535714285714
0.039223119158
0.0639017359228
0.0401002506266
0.0710059171598
0.0662707394139
0.0555555555556
0.0309701875216
0.0820310330908
0.0599495328956
0.0558465377159
0.0572916666667
0.0231932602421
0.0258362509301
0.035028904515
0.0210522824604
0.0666666666667
0.0564102564103
0.0373673639954
0.0746478579742
0.0382037518153
0.0621338228339
0.0458299181629
0.0305561191827
0.054752096344
0.0337676732798
0.0289858568281
0.0559440559441
0.102561043985
0.0315789473684
0.0636363636364
0.0387811634349
0.0416938362734
0.0567590091511
0.0321893567837
0.0261857444072
0.16
0.081439348563
0.0332104255826
0.0228977051874
0.0397800942063
0.0470588235294
0.0690913132759
0.0256134178204
0.075
0.0636828441139
0.0705242661708
0.0699652102949
0.0584160978888
0.0390829255649
0.0276651038749
0.0598557596967
0.0318909701506
0.0448076870909
0.0255225144843
0.0261852700959
0.102083063402
0.014649137766
0.0299261236381
0.0241621925494
0.0621250195794
0.0438190378953
0.0273190551514
0.0261324847665
0.0194759070356
0.0198371586183
0.0172801571842
0.056515900879
0.0361842105263
0.0226952929891
0.0407407407407
0.0426935123607
0.0387711022093
0.0622222222222
0.033093712508
0.0523957219672
0.043137254902
0.0462962962963
0.0800668842989
0.103083097735
0.0367725203089
0.041958041958
0.0371869462136
0.04709525842
0.0400769594994
0.0472806942919
0.022822357395
0.0345540376586
0.027438277454
0.017814773011
0.0620027701475
0.0743826099469
0.0522663071797
0.0238095238095
0.0203421474846
0.0513732396235
0.0384615384615
0.0232363254325
0.0237037037037
0.0333528079719
0.0535714285714
0.041052688992
0.0478318137021
0.0443331619635
0.0705128205128
0.0582151928537
0.0555555555556
0.0312032502443
0.1
0.043005581982
0.0692364725972
0.0480769230769
0.0188663806464
0.0179497700252
0.0416666666667
0.016392123889
0.0619047619048
0.0604395604396
0.0426065162907
0.0676548509811
0.0416365113374
0.0437671826935
0.0432362669232
0.0303010833073
0.0378443919138
0.0388414800538
0.029970989637
0.0486719085079
0.118587449655
0.0333333333333
0.0826446280992
0.0351116238925
0.0387678007186
0.0501903636759
0.0319068522521
0.0270905648431
0.16
0.0644391382739
0.0307730121215
0.0259070665433
0.0330794671777
0.0507665003348
0.0696134308524
0.0307446323716
0.0571428571429
0.0553495107805
0.0759373785308
0.0644096547394
0.0365543574238
0.0403684192609
0.0303595806772
0.078743624085
0.0318984353821
0.0345512768345
0.0370975909447
0.033252613855
0.0703123875286
0.0195508957652
0.0285054801635
0.0277603847786
0.0524144197643
0.0351867390477
0.035112245237
0.0240592250224
0.0204472212944
0.0182214902719
0.0182344863291
0.0610655017317
0.0336106147257
0.0218547265821
0.0392156862745
0.0539296900492
0.0285690939417
0.0367621342632
0.0284280936455
0.0582174688524
0.0294117647059
0.0359477124183
0.0972222222222
0.0404304377563
0.0444094781209
0.0342984799464
0.0326797385621
0.0458333333333
0.0331771896159
0.0275035854245
0.0241903712332
0.0388888888889
0.0300925925926
0.02147177675
0.0494474465817
0.0637565228116
0.0424471883646
0.0257715111935
0.0182531726151
0.0504519408833
0.0549450549451
0.0165599830138
0.0178214146892
0.0430235928462
0.047619047619
0.0335977571334
0.0516135095319
0.0415512465374
0.0769230769231
0.0667099521709
0.0512820512821
0.0339675294035
0.0776908035151
0.0460028115788
0.0604449073455
0.046875
0.0175968135548
0.0180707926707
0.0307153587974
0.0204694345424
0.0576854789004
0.0659340659341
0.038052433195
0.0455867767926
0.046439628483
0.0690629159706
0.0381712044084
0.0298967252008
0.054752096344
0.0323940469061
0.0193152913556
0.0614924213284
0.111111111111
0.0411764705882
0.0727272727273
0.0368421052632
0.0478896361818
0.0597424844428
0.0317077555562
0.0239483111709
0.2
0.0519391382739
0.0349531288019
0.0284977731977
0.0393803180686
0.0514705882353
0.0684888699184
0.0377248693059
0.075
0.0553495107805
0.08
0.0568320482994
0.0564024221722
0.0409537987587
0.031047754428
0.0811426709689
0.0318984353821
0.0311111111111
0.0324869538606
0.0368302120054
0.0649037423341
0.0209974701424
0.0272661114608
0.0312304328759
0.0442920493982
0.0355178366325
0.0380852459943
0.0243814455435
0.0224709946935
0.0174765238418
0.0217482978474
0.0396825396825
0.0429637902836
0.0203025998021
0.0432098765432
0.0609255189563
0.0347096573198
0.0458782855123
0.0304487179487
0.0705631478648
0.0406292874374
0.047619047619
0.0972222222222
0.0859025814457
0.0369996780562
0.0629370629371
0.038062283737
0.047619047619
0.0413533834586
0.0380559523688
0.0299709766273
0.0297619047619
0.0269607843137
0.0262365272995
0.0326591969377
0.0483949768464
0.0483600571797
0.025
0.0209861532777
0.0653841231572
0.0384615384615
0.0284586752882
0.0234583171374
0.0497737556561
0.0535714285714
0.03848689593
0.0608335763536
0.0447368421053
0.0549450549451
0.0709792704559
0.0555555555556
0.032765882014
0.0776908035151
0.0538717739941
0.0692364725972
0.0576923076923
0.0192656268343
0.021745541309
0.0401234567901
0.017522681085
0.0666666666667
0.0604395604396
0.0374185572927
0.0625369300683
0.045321174607
0.072907896354
0.0455060295541
0.0286042802527
0.0575184309675
0.032674650938
0.0307954810033
0.0559440559441
0.0683740293233
0.0333025615321
0.0606060606061
0.0328406125757
0.0359721400685
0.0525923424845
0.0247638632226
0.0277476634403
0.132626894105
0.0398771964343
0.0329285888652
0.0253804136575
0.0337165207628
0.0220588235294
0.0684888699184
0.0303667698766
0.0545454545455
0.0470161774472
0.0781248895735
0.0366318769616
0.0338625586706
0.0333429151963
0.0341044033659
0.0879045602163
0.0319735751096
0.025
0.0240851855085
0.0340909090909
0.0937498500381
0.0180880944136
0.0283088406427
0.0223342960196
0.0444444444444
0.0426825430047
0.0280742908416
0.028951227894
0.0198409323661
0.0150415445177
0.0152656625331
0.046414890778
0.0437282564343
0.0143240697081
0.0416666666667
0.0491831624813
0.0244360687176
0.0402016419943
0.0267558528428
0.0746179441894
0.0274509803922
0.0481481481481
0.0987654320988
0.0859025814457
0.020979020979
0.0545454545455
0.0208886298939
0.0415493105373
0.0425838050721
0.0243570901087
0.0277628104485
0.0384615384615
0.0213514817402
0.0226862417512
0.0570547460558
0.0416666666667
0.0482535487028
0.0255681818182
0.0207876093485
0.0550384809636
0.0461237396783
0.0238469275899
0.0168219976893
0.0356486785325
0.0357142857143
0.039223119158
0.0574505492222
0.029409950255
0.025641025641
0.0586017180844
0.0617283950617
0.0243507081367
0.091579692404
0.0512787418631
0.0584996450836
0.0580357142857
0.0231013575145
0.0240497550238
0.0266955711817
0.0179907708665
0.0714285714286
0.0659340659341
0.0415117453036
0.044485352258
0.0490196078431
0.0250908651093
0.0472424145968
0.0346172607588
0.0680017838079
0.0318977203382
0.0231514400815
0.0461538461538
