0.124956203327
0.0420988975
0.0793696505685
0.0412763744292
0.0416587128492
0.0578445277918
0.0521556890608
0.0308017395709
0.2
0.0772916256213
0.0516042078296
0.0403796058997
0.0671371613968
0.0546684389597
0.077745095445
0.0337507465092
0.075
0.0821990275386
0.0787317696093
0.06329321314
0.0613455783066
0.0394143230065
0.045278178302
0.108153516548
0.0443315303673
0.0514147924094
0.04763716206
0.0360579054876
0.0794240148857
0.0305604991985
0.0355320751561
0.0497532285483
0.0574191860357
0.039899803514
0.0450086991711
0.039065997633
0.0339166066783
0.0315026900994
0.0515682375926
0.068238412842
0.0504984622473
0.0327050732181
0.047700850254
0.0601572161093
0.050823998126
0.0784061271234
0.0331874283619
0.0627418568212
0.0701609165811
0.0515873015873
0.0897785603007
0.0765623642873
0.0638650461548
0.0471337281953
0.0529427479223
0.0680067740328
0.0571638463957
0.0560352349548
0.0530187301193
0.0558836732012
0.0550140208769
0.0320476827182
0.0701119046398
0.0381818690502
0.038515200314
0.0443451176159
0.0318214233716
0.0922860513571
0.0532544378698
0.0382691146417
0.0305560146153
0.0570397113363
0.0719370953167
0.064424918281
0.0594064100793
0.0499662864631
0.0783005615594
0.0766540980459
0.0960182168112
0.0490229489393
0.0892857142857
0.063246418923
0.064448533055
0.0748220347486
0.0402339980916
0.0227957907403
0.0495219597873
0.0311966632302
0.0625
0.0682643905909
0.0439243973614
0.0569053623274
0.0434496109319
0.0630048865128
0.0466901234123
0.0476598432513
0.0809756692824
0.0551613745155
0.0267509748049
0.0959929316126
0.1164061362
0.0509698576871
0.0786179277331
0.0419285747134
0.0463154454921
0.0650207854919
0.0488259557574
0.0310349225065
0.181717185297
0.0772916256213
0.0459883839224
0.0462209234412
0.0627819709448
0.0471055744926
0.0717014712937
0.0341812478743
0.091070248935
0.0821990275386
0.0908585926484
0.0682305756486
0.0674498792736
0.0295826326214
0.0448967031224
0.109755166698
0.0436314969326
0.057722752174
0.050717738981
0.0385320431767
0.0974778116697
0.0299762907363
0.0388387657631
0.0508746102182
0.0559294054987
0.0426515308339
0.0405275133957
0.0436724088511
0.0364722839551
0.0266269106883
0.0628747230705
0.0700810376641
0.0465197248893
0.0280497445432
0.0430909924427
0.0662496335768
0.0455558816134
0.0688374496436
0.0285295573738
0.0703119501324
0.0628074564102
0.0532467590429
0.0897785603007
0.0904512531762
0.0393875265962
0.0695748661721
0.0520184086851
0.0592726267117
0.0567618217668
0.0519552783676
0.0457335102295
0.0533821409172
0.049676051695
0.0359045860044
0.0574009790588
0.0538809371841
0.0469873287699
0.0338119562542
0.0358469027142
0.0882739532276
0.0534582609148
0.0436945920234
0.0384766376492
0.0559824979006
0.0654898182676
0.0635577660781
0.0684065425569
0.0411521211008
0.0703657684063
0.0737920919736
0.0824202381247
0.0417646106187
0.0972477269182
0.0526782732073
0.0805330719133
0.0685556123287
0.0347951584067
0.0220751797113
0.0546930521146
0.0300883256083
0.0593794603617
0.0703999769965
0.0430135431081
0.0751337256073
0.0428145222333
0.0714206802789
0.0450677883388
0.0413376913512
0.0914618853687
0.0499779314641
0.0328620766736
0.0900226427605
0.121420843411
0.0427802475959
0.0800250540709
0.0434277559379
0.0539822715204
0.0655264011202
0.0509114137013
0.0360816654074
0.2
0.0725297474971
0.0527125540774
0.0432554031171
0.0616396909285
0.0465560451452
0.0584458246707
0.0302928357974
0.06
0.0738656942053
0.0755081471233
0.0528792075699
0.0523720548654
0.0408771315373
0.0387723037055
0.123213853326
0.0431226721322
0.0362915050617
0.0396036150109
0.03816658177
0.08890679889
0.0292134686906
0.0399146100138
0.0419596420606
0.0615881070269
0.0556786568106
0.0463934733157
0.036574945718
0.0337046069894
0.0233201373039
0.0465330968926
0.0795743816637
0.0492872700262
0.0264239246143
0.0554558210423
0.0616220000015
0.0469651966264
0.0654964167553
0.0298533236715
0.0834737640331
0.0442082844032
0.0532713225176
0.0833333333333
0.0944578121414
0.0336521380587
0.046134673878
0.0610463860332
0.0640148351609
0.0650640279648
0.0387347225099
0.0473220025938
0.0609328127057
0.0501378977632
0.0365246529909
0.0529486914151
0.0725924652696
0.0594260069628
0.0401085815927
0.0411050493128
0.0666414070438
0.0626848393674
0.0555113726574
0.0288432377633
0.0543423806705
0.0573800526573
0.0385725570749
0.0606219634216
0.0357456498001
0.0443500611486
0.0658658685056
0.0616990741315
0.0477949088321
0.10940169089
0.0755772600299
0.0849693273033
0.0725314838945
0.0367556014653
0.0278447836042
0.0530082024163
0.032767910083
0.0542961625753
0.0634946042214
0.0481083968737
0.0573231837841
0.0503046581889
0.0533685271129
0.0438291114837
0.0543730678438
0.0727134090971
0.0545500982314
0.0327916171574
0.0524778832001
0.0873046021503
0.0477843415942
0.0930572514899
0.0463505381263
0.0492252103588
0.067747846727
0.0552401704013
0.0334183263847
0.2
0.075934987658
0.056653941426
0.0387523989993
0.064016665732
0.0546684389597
0.0657843115304
0.0345619100979
0.075
0.0821990275386
0.0894164010861
0.0788061436609
0.0690629514266
0.0389626543431
0.0415243346904
0.114698131896
0.0463575240298
0.057858438546
0.0411574972868
0.0419143930516
0.0882489054285
0.0280789906384
0.037471879951
0.0534898597507
0.0370952507081
0.0406382891878
0.0465382650225
0.039453222101
0.0308017185199
0.0326695806017
0.0567999048912
0.0764320252062
0.0434248876298
0.0300541113795
0.052295375264
0.0662962897991
0.0490191494764
0.0701110952954
0.0359108701778
0.0834737640331
0.0639445861916
0.047619047619
0.0867310530421
0.0759392936229
0.0442194658784
0.0530230457289
0.0498710723098
0.0597792080278
0.047313150094
0.046692400023
0.0416945932725
0.056870625192
0.0503550677614
0.0329552542568
0.0839961622707
0.0633498653314
0.0470732279173
0.0444451709108
0.0331748713391
0.0794465579048
0.0576923076923
0.0450057547444
0.0328618033032
0.0625977757949
0.0664034726
0.063100164719
0.0688896934124
0.0410577444167
0.0783500085798
0.0954360607467
0.0910711133025
0.0465005926133
0.115368123619
0.0642640168959
0.0908154199809
0.0772265081361
0.0402069421795
0.029301574551
0.0589823437037
0.0345195683045
0.0546557661027
0.0698982000791
0.0455693936413
0.0552509805137
0.0462475064669
0.0758438832242
0.0500753203764
0.0441059486484
0.0843360128868
0.0588082872654
0.0340661327915
0.0864522253179
0.124956203327
0.0463262451485
0.0802899689225
0.040277530137
0.0525477494932
0.0630153299961
0.0649173416631
0.0349329326419
0.2
0.0865832544301
0.0578970446452
0.0405867970619
0.0652848260885
0.0537261434866
0.0776765939015
0.0411086490985
0.075
0.0822236477309
0.0740695846583
0.0634640930154
0.0613211247022
0.0432985607039
0.0413424290945
0.111536801871
0.04510430663
0.0513243335976
0.0478366959113
0.0388374257327
0.111133498613
0.0306648972753
0.0356384992292
0.0533258071545
0.0739157456372
0.0418314418556
0.0489993501707
0.0406332366199
0.042096231944
0.0387284918619
0.0567999048912
0.0749698798987
0.0518144102452
0.0302556551701
0.0511162874302
0.0586275681334
0.0474354469403
0.0727419931446
0.0340289752255
0.0750875358336
0.0673814706988
0.0515873015873
0.0791444899837
0.0759392936229
0.0461492516123
0.0721134366394
0.0614328917153
0.0616986889838
0.0470549130989
0.0518746247928
0.0469185232211
0.0546865440405
0.0484626247051
0.0322445540517
0.0735736493091
0.0717056125836
0.0470207823416
0.0476927523923
0.0358234100369
0.0824934309844
0.0492829148726
0.0469659783772
0.031932309604
0.0662361639371
0.0544154915317
0.0491631436052
0.0678076042354
0.0476008871532
0.0784153519457
0.0954360607467
0.0788575617224
0.0476708003829
0.075
0.055806246289
0.0875584734714
0.0829647341999
0.0414855843015
0.0279318459134
0.0504840698209
0.0310618552692
0.0666666666667
0.0702075581286
0.0457160523761
0.0810706729756
0.0442116611879
0.0700406170255
0.0495640686622
0.0374415613534
0.0833184929249
0.0605254980153
0.0357394111861
0.0913325993442
0.1164061362
0.050342619782
0.0894098991727
0.0426698746346
0.0546771109799
0.0675164249958
0.0568760676936
0.0330245598559
0.2
0.085231243407
0.0574008854876
0.0384397569017
0.0679799125274
0.0529979454973
0.0657843115304
0.0390762361525
0.0711068089805
0.0821990275386
0.0898428807204
0.0634640930154
0.0556851642716
0.0496936268277
0.0520332506074
0.125809243007
0.0409303008271
0.049302516548
0.0462350314954
0.0391317723968
0.0786926364116
0.030173235195
0.0478099170533
0.0479963596912
0.0417594080259
0.0418923894957
0.052319708828
0.0399324135512
0.0321331187121
0.0331143494868
0.0633690053251
0.0634058724565
0.0471958992457
0.0276875284883
0.0537823681006
0.0615608405277
0.0470400052481
0.0659677008748
0.0354025380736
0.0834737640331
0.0663814054249
0.0493327170425
0.0897785603007
0.0716268290267
0.0462268814867
0.0588861584434
0.0522598616792
0.0638320595356
0.0541302849116
0.0568351298923
0.0421324007566
0.0576433909366
0.0420927960608
0.0341079565791
0.0839961622707
0.0588248749506
0.049959581238
0.043553556772
0.0302319408298
0.0794465579048
0.0550880631608
0.044929213561
0.0351982845936
0.0693668802531
0.0719370953167
0.0593205816729
0.0678076042354
0.0458716571498
0.067597526486
0.0954360607467
0.0769722622767
0.0463470183534
0.100920417276
0.0543817242924
0.0876978032175
0.0714312216919
0.0422327782936
0.0271076758352
0.050469669527
0.033417978662
0.0624637326888
0.0698982000791
0.0455693936413
0.0642866332573
0.0476689611729
0.0767686416473
0.0442273671601
0.0452775273795
0.0843360128868
0.0560105890735
0.0357375748037
0.085498415612
0.150673883584
0.05086476122
0.0827676954166
0.0398222676664
0.048108403261
0.0655306704157
0.0575544140039
0.0374383966411
0.2
0.0798861250937
0.0511781930066
0.0391676447102
0.0563501800255
0.0515040887114
0.0597422390282
0.0379791643048
0.075
0.0896716664057
0.0908585926484
0.0646328718577
0.054574378269
0.0525420326781
0.0414844538318
0.100894827065
0.0396036662149
0.0486452233856
0.0428566149999
0.0340443973056
0.106614997258
0.0281085503646
0.0346260095754
0.0515264731064
0.0860403067975
0.0418923894957
0.0493908723793
0.0368677091481
0.0368255519614
0.033742473979
0.0539004663397
0.0865330353072
0.0404666191294
0.0305669279968
0.0464323690606
0.0600407321102
0.05225798681
0.0701110952954
0.0389730387498
0.0875022025869
0.0687032426422
0.0456691971475
0.0897785603007
0.0716268290267
0.0511492203604
0.0791064436324
0.0609687687258
0.0578184050183
0.0512813225478
0.04966004055
0.0463456408322
0.0459930986344
0.0555509288636
0.0354848852269
0.0467140856624
0.0438787922633
0.0404942805489
0.0426357966028
0.0373837000621
0.0824934309844
0.0472183398521
0.0355751641296
0.0340693194562
0.0722893226833
0.0719833247611
0.0469499629505
0.0619082312523
0.0505817392819
0.0726516557057
0.0734123544205
0.0901995310057
0.048290236649
0.0891103921614
0.0636007488489
0.0835056555951
0.0796094789948
0.0347827523006
0.0235677398717
0.0584963935145
0.0274919617155
0.0663265306122
0.0703999769965
0.0460167274445
0.0671887827983
0.0497057589909
0.0757622089872
0.0466351670183
0.0448191658285
0.0820375832128
0.0594834118883
0.0344448846449
0.0900226427605
0.1164061362
0.0544665415323
0.0885544317324
0.0434488151886
0.0514824664911
0.0625432226904
0.0560890075431
0.0310305967592
0.2
0.0884055774799
0.0558492844704
0.0391654984314
0.0668547468893
0.0555191697969
0.0754113411417
0.0400822149324
0.0797445024976
0.0738656942053
0.089810886576
0.0625886870641
0.0655244309297
0.0373396421971
0.0531973043281
0.127442368773
0.0351215102495
0.0476319902027
0.0476246436462
0.0384575078173
0.0791025159724
0.0280188762345
0.040597602508
0.0500342372228
0.0460735455443
0.0404658801353
0.0545497890303
0.0390899159178
0.0366346094829
0.032458002828
0.0544551066843
0.066397875116
0.0425107586051
0.0259732917418
0.0518403840229
0.0655471231144
0.0493723145268
0.0705537499269
0.0374582082138
0.0758852400301
0.0652358346208
0.0555555555556
0.10366744919
0.0716268290267
0.045857616367
0.0846565585404
0.0591243422682
0.0616978311052
0.0516766701155
0.0483110989813
0.043916417176
0.060373492376
0.0439086011428
0.0318349955516
0.084690689355
0.0519558875443
0.049959581238
0.0421497374064
0.0310542440397
0.0780739717248
0.0552571037281
0.0392838286253
0.0340088138961
0.0616366927174
0.0719370953167
0.0558707085493
0.0708757638046
0.0459460188386
0.0783005615594
0.080699705901
0.0910711133025
0.0458356874369
0.0990113901675
0.062253425474
0.0761870261582
0.0838534631523
0.0366789797408
0.0305446261019
0.0513326056003
0.0329277249908
0.0685389236908
0.0677169708885
0.045317674685
0.0918548025322
0.040592425433
0.0731690855342
0.0491667074472
0.0409104846019
0.0778486272801
0.0585692147278
0.0315215613698
0.0841091783943
0.1164061362
0.0391391373457
0.0792280567238
0.0417224936765
0.0525001733703
0.0630153299961
0.0570347200715
0.0358391204728
0.16
0.103175609334
0.0510638212823
0.0353623301027
0.0685030716536
0.0533863177583
0.0716003660531
0.0372853851396
0.075
0.0821990275386
0.077310886576
0.0788061436609
0.0705396841393
0.0458782491287
0.0447617983597
0.0690196461583
0.0408400218338
0.0587961945124
0.0391713158906
0.0347009782307
0.117058684943
0.0247322274059
0.035269500675
0.0410372257334
0.0722606401323
0.050341450209
0.0419415251679
0.0403611466089
0.033080445871
0.033149818627
0.055799079064
0.080057450732
0.0421433205109
0.0291940404384
0.0462904939298
0.0552512723359
0.0540516352239
0.073961682679
0.0361707855688
0.067360671217
0.0632475878273
0.0488098594093
0.0865121112663
0.103083097735
0.0394279786046
0.0483628464877
0.0519260266931
0.0581094232764
0.05226843441
0.0612002470775
0.0431008436932
0.0531359440682
0.0464916925072
0.0268164173329
0.0716986382669
0.0743826099469
0.055327632398
0.0451525911797
0.0313373851653
0.0613438349266
0.0443481570911
0.0412636178989
0.0397457664552
0.0509309981124
0.0719370953167
0.067124159474
0.0597425136839
0.0489875027024
0.0784153519457
0.070987868026
0.078620536852
0.0455840554938
0.1
0.0491239004853
0.0823468536709
0.0712691381993
0.0365835766357
0.0220836229716
0.0572790976234
0.0257409297517
0.0619047619048
0.0676459129957
0.0485223009952
0.082112327182
0.0461018507785
0.0483114211425
0.0469951744293
0.0436559612446
0.0746720838205
0.0670829263985
0.0339099616517
0.071963291234
0.118587449655
0.0448347128823
0.0932488352153
0.0376518636466
0.0451158593844
0.0621281098206
0.0576470166977
0.0324554728039
0.16
0.0826092655997
0.0438956099481
0.0379436895369
0.0558979537557
0.0592183651431
0.0723976853776
0.0373972044568
0.0641846931063
0.0738656942053
0.0948456974103
0.0732505881053
0.0485542676875
0.0455159595179
0.0412892233393
0.094717613898
0.0390147151052
0.0455186095512
0.0472704841248
0.0392808112823
0.074088999075
0.0272980428805
0.0346260095754
0.0468264488588
0.0659969483442
0.0404168610029
0.0487855777955
0.0356275569775
0.0333028812894
0.0323323650585
0.0554039699667
0.0848318952077
0.0407120565977
0.0295773701103
0.044166473885
0.0650238926042
0.0431718572751
0.0547189661024
0.034584195312
0.0582174688524
0.0539710290557
0.0388908419525
0.10366744919
0.051596127645
0.0509642130819
0.0488939116777
0.0493005874469
0.058070109526
0.0467550824855
0.0331030502291
0.0400218231919
0.0594235756126
0.050032925904
0.0319592197914
0.0636229606104
0.0663837347498
0.0439526227724
0.0420072629164
0.029876815155
0.0620843020703
0.0549450549451
0.0331600073422
0.0332418066628
0.0645327068874
0.0621515931396
0.0553282788772
0.0598915869819
0.048992747095
0.0816859005577
0.0760781740715
0.0869968784806
0.0431091623358
0.0897307628146
0.051669913912
0.0764352487729
0.0691551760868
0.0377080668153
0.025875252941
0.0425080669895
0.0357790901883
0.0597265677441
0.0703999769965
0.045107107388
0.0741313819054
0.0493434816991
0.0772984125596
0.0409848533607
0.0409190206881
0.0734393330227
0.0624820844388
0.0271716956289
0.0932692773215
0.124956203327
0.0479146744416
0.0843959745151
0.0395451714946
0.0526024587614
0.0677307125293
0.0589474897607
0.0337933043847
0.2
0.0772916256213
0.0518130192147
0.0403617447468
0.0682637757076
0.0589891179092
0.0717014712937
0.0435546680778
0.075
0.0738656942053
0.0908585926484
0.0646328718577
0.0701868182799
0.0488816762499
0.0426915819619
0.0931336865218
0.0400470373485
0.0431193720566
0.0444604294333
0.0439448675923
0.0759108731342
0.0300413943793
0.032421736493
0.0526797549662
0.0518327387373
0.0399050495551
0.0510567838933
0.0380053432475
0.0356651310497
0.0303713531374
0.0606694226442
0.0634785677648
0.0470220472999
0.0282733293536
0.0539871739667
0.066744515059
0.0485297404911
0.0629309882926
0.037649791851
0.0804029476911
0.0621702144615
0.0493327170425
0.10366744919
0.0944578121414
0.0512396713075
0.0721134366394
0.0558386757097
0.0591152776933
0.0534954752463
0.0502870549154
0.0467904344551
0.0425529513749
0.0445437764529
0.0351668542761
0.0448378269276
0.0538258490061
0.049959581238
0.0406188821694
0.0353276557507
0.0780739717248
0.0467687166401
0.051352359217
0.0342999706446
0.0756466793802
0.0719370953167
0.0556130453184
0.0678076042354
0.0505817392819
0.0669314157405
0.0837519456282
0.0910711133025
0.0456711724311
0.0972714521538
0.0577945769517
0.0844637671471
0.0870165488611
0.034207184868
0.0265255802374
0.0544656004943
0.0318657361793
0.0666666666667
0.0676459129957
0.043728397925
0.0848622479361
0.045321174607
0.081143392943
0.0490017135663
0.0374415613534
0.0755783517816
0.0584682540439
0.0330114278047
0.0841091783943
0.0683740293233
0.0455833082139
0.0671042968759
0.035685945451
0.0445156744884
0.0657967737448
0.0518822991769
0.0366418916228
0.148139169317
0.0564438036793
0.0489778490399
0.0362048408123
0.0577953791806
0.0336686014603
0.0717014712937
0.0359947883473
0.0545454545455
0.0655323608719
0.095314270373
0.05204689872
0.0472619990657
0.0405855182382
0.0522144278046
0.09558177658
0.0392605287327
0.0403406032572
0.0333581983597
0.0378397929489
0.0987853321
0.0281132385872
0.0391031261395
0.0491694244008
0.0444444444444
0.0492049553184
0.0426952461124
0.0398134730881
0.0354301255095
0.0272513456419
0.043816059201
0.072605687205
0.0511920332908
0.024052668655
0.0469530003837
0.0617803629786
0.0427236328196
0.0588435115901
0.0321910564852
0.0834737640331
0.0471400769385
0.0499020200644
0.0987654320988
0.0936761048117
0.0300584880206
0.0677032767254
0.0412202357641
0.0565489529405
0.0590504089279
0.0426978242361
0.0421359714439
0.0532092839415
0.0442676236468
0.0329173474006
0.0674964501843
0.0589633576948
0.0482535487028
0.044250216071
0.0302865353149
0.0681296820022
0.0461237396783
0.0490401409054
0.0280682643625
0.0591255496999
0.048524941555
0.0579711198763
0.0649470781211
0.0367457119927
0.0472176625626
0.066771482482
0.0824412894323
0.0395685458362
0.105110482742
0.0577921773822
0.0722632064878
0.0796439905309
0.0453288935067
0.0293412099378
0.0428803141231
0.0324763832344
0.0714285714286
0.0703999769965
0.04908545487
0.0529506805398
0.0503046581889
0.0491881365697
0.0500753203764
0.0422453177187
0.080570278826
0.0565903244976
0.0251245058011
0.0731102869047
