0.780173160436
0.761465076603
0.784797935332
0.0801604368129
0.717124520806
0.191979291555
0.729096113455
0.690142096012
1.0
0.209924223151
0.707927202965
0.827142382884
0.83836197918
0.827705115697
0.858490239947
0.20198950239
0.206081383919
0.24286852829
0.693406202772
0.214875062771
0.212648172002
0.586792906618
0.601035666553
0.249675926444
0.801592941698
0.681022137695
0.827470651988
0.776905376896
0.130856199919
0.120073956638
0.66104868627
0.723338291238
0.569504070018
0.729576887681
0.744424016631
0.220980063928
0.17466387896
0.652508356564
0.195088900535
0.162679900191
0.796150384831
0.763770404299
0.123918061419
0.780450432051
0.909668171685
1.0
0.142694659364
0.570899712489
0.138016908483
0.950138926758
0.830163773712
0.680531275387
0.108437485869
0.121536896053
0.701719112188
0.828715229245
0.151032673293
0.775742103986
0.190645140211
0.197783942302
0.859688918405
0.7730822628
0.77595459957
0.204580031131
0.189001909797
0.599234327582
0.700333273924
0.893404617149
0.75279397714
0.527542464676
0.102912857256
0.666602505656
0.839850059479
0.109024049293
0.055543018396
0.137188825385
0.955990593021
0.812729804955
0.209984700623
0.796492575624
0.773354081018
0.798750350007
0.168308425586
0.861368725702
0.671206372809
0.131262832458
0.144132411066
0.175873077208
0.207060594503
0.291786800648
0.143518305196
0.703945237413
0.78634320557
0.239132941163
0.24340271127
0.725265486896
0.816259619227
0.765881410874
0.592825050277
0.863174543555
0.728872757679
0.906337335242
0.813864995921
0.847527186434
0.120709903983
0.873062073696
0.736868103682
0.722630549293
0.846929712583
0.285758761141
0.680283903617
0.881635114631
0.796936216947
0.779902198907
0.804440397571
0.17045628648
0.91070248935
0.242143420053
0.816538357709
0.280085980642
0.14269310457
0.086694977331
0.589480879038
0.229930619257
0.773996957596
0.762288211223
0.945214313235
0.810865363432
0.672626743353
0.816286966276
0.750322750636
0.761396334511
0.550237001219
0.67171010432
0.704139432629
0.740160354621
0.0999968219691
0.143673141609
0.18701339272
0.282003592695
0.757155317343
0.155509898274
0.763248479826
0.815150017502
0.833683876636
0.850603567807
0.702737890384
0.65264315299
0.826090036925
0.958441662771
0.807635194674
0.767788153561
0.240684945938
0.762815118996
0.711169723438
0.81893515673
0.139280371653
0.726961301376
0.732366352246
0.161018228044
0.711099612886
0.867495931717
0.121496955078
0.318428254105
0.186830024275
0.157397473617
0.680034147137
0.885935632088
0.205872453181
0.560244128631
0.146395393179
0.760614520185
0.750970730141
0.685453547923
0.980812891024
0.240621608081
0.850270497558
0.135671277318
0.728311205775
0.682551873015
0.198187753674
0.769666078638
0.315301871566
0.849679238325
0.699016825654
0.146076273236
0.773548084106
0.639763595457
0.220508208308
0.0917086491295
0.162571966933
0.849956592987
0.103694771462
0.81078517755
0.149794023728
0.170901909648
0.893349401496
0.724841807546
0.638917939184
0.819545460116
0.247942156375
0.74329544571
0.817596783557
0.858109404698
0.864280496939
0.83108727213
0.716974033922
0.784359992395
1.0
0.0738367531123
0.756304206491
0.802176023443
0.809592969958
0.692070345284
0.658329421177
0.109195912848
0.67455932838
0.296665045272
0.684255814548
0.30518844226
0.224664784953
0.620869702812
0.28255253274
0.178328332853
0.75820374291
0.0996558658394
0.77852143485
0.820040399426
0.129845084252
0.75235703028
0.737412846053
0.668330506514
0.165168051042
0.867469160244
0.7784402941
0.169892647258
0.673178493001
0.581412367846
0.18333928349
0.729079263014
0.235905722038
0.6570388619
0.112267956208
0.784143514756
0.837383036742
0.738045981051
0.696939967656
0.116674148999
0.6036216808
0.909405650893
0.823848916269
0.818889370853
0.450756448839
0.572736305138
0.804565629625
0.861468112765
0.758917572618
0.612837170608
0.781165851163
0.265479660944
0.687038250066
0.81846377489
0.674686049685
0.899747873139
0.199715709869
0.220437970201
0.748741492093
0.662347975266
0.817572123114
0.621512073128
0.170617507544
0.727246676602
0.654839964851
0.226697919636
0.894075586285
0.133708223912
0.566566203946
0.251877417522
0.205703813301
0.723337084908
0.778831583816
0.982516482123
0.152703843647
0.857042294602
0.612596134022
0.160839838459
0.759763681945
0.669769223032
0.220898017191
0.825938730832
0.123159759044
0.383122793651
0.178061924402
0.622323764463
0.741486778661
0.778529994663
0.91238710431
0.757997317442
0.681861168345
0.553529428355
0.544250102521
0.873260080249
0.266338922575
0.133060962565
0.805383948355
0.14324257373
0.751467917965
0.743092548663
1.0
0.162064677817
0.778183678947
0.728239938529
0.829063636004
0.8299288233
0.753718494904
0.236024768347
0.206081383919
0.242143420053
0.775912143018
0.170675201813
0.748859503006
0.595906847902
0.108479664827
0.320974253168
0.829467330926
0.806588306079
0.878349009269
0.887874327192
0.643917115662
0.746704898782
0.697639516865
0.720645272019
0.242894739186
0.677019619375
0.116937672875
0.730582544331
0.733392296214
0.145170275559
0.163725006671
0.378289665101
0.128648096301
0.755866781477
0.165308331071
0.802530957268
0.877307585855
0.88915159781
0.815167911604
0.121281681035
0.861464200907
0.897542868386
0.808365525424
0.702546866621
0.517701763877
0.144871749321
0.130713869461
0.778542985264
0.224321943224
0.674693037783
0.679518327686
0.123078426908
0.722319596465
0.799683213389
0.911888423745
0.161786237089
0.164507127387
0.559181484199
0.664976360838
0.775338619709
0.812812943843
0.567635821433
0.140589764501
0.828597447823
0.799325871119
0.181564156973
0.961359235688
0.123337362141
0.906973273844
0.978832502707
0.353818738455
0.0934647792962
0.864663508397
0.856183451954
0.842177242486
0.879939520967
0.667361747755
0.125811483736
0.821007712567
0.762242661012
0.0997449309192
0.858124770676
0.141584647293
0.693614423761
0.222554841611
0.944387646092
0.836406111255
0.159002983987
0.906564364667
0.806272303641
0.644456453932
0.773130033362
0.780173160436
0.848946783785
0.807850194256
0.162434999737
0.81842730448
0.921516118322
0.841385235716
0.779972461471
1.0
0.184103349576
0.152325318802
0.777852006159
0.821700321074
0.859160281221
0.867793350104
0.195464592086
0.210512760436
0.756185116963
0.703753774179
0.229024561077
0.18447648386
0.0848535334175
0.550651064742
0.264451814315
0.822485364849
0.668187799714
0.875060148066
0.115422914212
0.917475741748
0.809587037881
0.685694805037
0.814966038156
0.175836364377
0.765726605564
0.837064352408
0.725398347366
0.844511038593
0.784278612875
0.203260833865
0.389464676033
0.786912351009
0.780372577045
0.798089062915
0.728363276147
0.821415429153
0.902459996971
0.142482629964
0.676704141742
0.844466982594
0.950138926758
0.099823384181
0.702546866621
0.181285908384
0.276162559089
0.816857132618
0.781338196141
0.248568461208
0.719792074369
0.785235795495
0.0725063149568
0.77268050698
0.800777894397
0.867147621257
0.168901885059
0.198981236207
0.236538732688
0.667356846231
0.850188387401
0.657376989317
0.599840436421
0.163640892731
0.853857222171
0.762839665868
0.159387211761
0.982012085335
0.199592274231
0.95232314244
0.978832502707
0.694563250987
0.754606952335
0.0501977830892
0.799077688997
0.861497061419
0.96315968111
0.699478611101
0.0819674164183
0.775921831816
0.763718715508
0.172509443188
0.235368826019
0.187086625622
0.862077909829
0.1504330902
0.832255125189
0.806350410184
0.141587022801
0.906564364667
0.832273363836
0.712467878254
0.803543156693
0.728872757679
0.872317037616
0.929717215315
0.171827673164
0.862730946797
0.973011585448
0.829505154739
0.771637872907
1.0
0.199734197552
0.750079278654
0.753983778158
0.827294111078
0.843446606435
0.723234357704
0.243934871586
0.247682046008
0.242143420053
0.800111178815
0.223513438321
0.256776682272
0.236494744475
0.627213098007
0.281316985849
0.78407294187
0.701988242047
0.917866981358
0.86079444528
0.142688876083
0.795580515326
0.788262475566
0.721041236835
0.279055914456
0.762673182793
0.924224586951
0.692079259862
0.723860472957
0.675221100948
0.600056828181
0.243909103416
0.765838140753
0.728778362591
0.850662891811
0.761084872623
0.82998145667
0.810974814376
0.832875838534
0.121281681035
0.254644598905
0.909556404952
0.830571933959
0.658643096705
0.564996726884
0.649050566731
0.702292437828
0.874993808571
0.0751451276047
0.77404272051
0.735695268559
0.619898518684
0.725472544189
0.774714969784
0.911888423745
0.246697950117
0.743846722576
0.183886529106
0.586160916101
0.804149112665
0.756498093595
0.6087174136
0.167012868647
0.889689797654
0.839850059479
0.646724608383
0.982012085335
0.188976576706
0.275456333263
0.978832502707
0.224258730288
0.19817484769
0.823433161419
0.817846523235
0.874545325165
0.833732635647
0.728624685333
0.126923139827
0.244491830669
0.704703322897
0.84859343969
0.868565667488
0.141584647293
0.678050121293
0.218718551145
0.893506682118
0.747100351108
0.19530490101
0.906564364667
0.78854230657
0.724256518695
0.822989463893
0.904043301502
0.864744289034
0.824903742744
0.177520225871
0.210910322678
0.920679077267
0.79220486098
0.819082755636
1.0
0.159595393115
0.156848649646
0.760937492164
0.75587605289
0.113099646123
0.135510428459
0.189261282078
0.206081383919
0.237847866218
0.816538357709
0.14758800573
0.193531788001
0.162569516663
0.127165556467
0.191815496326
0.698532864878
0.642377044072
0.873829761423
0.131676904235
0.252904757117
0.800082003709
0.690640985417
0.756134095972
0.745412254232
0.763389725307
0.853801992748
0.106992081636
0.120345855979
0.683947557187
0.184275189676
0.378483685111
0.209918745315
0.718623307749
0.178558114595
0.752628974659
0.923549517098
0.889265409204
0.934948938668
0.784117044621
0.836121179066
0.835368395901
0.830571933959
0.658643096705
0.140359709211
0.26977899699
0.801013612767
0.168177047766
0.262386087018
0.705794512918
0.781010613015
0.0647155830097
0.862637613842
0.842481931409
0.126137687477
0.260311582568
0.158086017888
0.200453309774
0.761722047863
0.841204665829
0.196432031999
0.185821635277
0.682039006578
0.831156049738
0.825290973977
0.213507364802
0.888776213211
0.110815198924
0.181926495602
0.165086160284
0.335219363477
0.085069140087
0.152405483638
0.886396258698
0.864894965563
0.906196250363
0.630087122802
0.10096092369
0.15372566654
0.672018319996
0.939326575804
0.213164749315
0.152034581965
0.821391785443
0.197926358996
0.181102170004
0.176935277897
0.138701961705
0.913751721231
0.820176579761
0.644179855929
0.819545460116
0.728872757679
0.881852895882
0.870148794414
0.833684262985
0.824102899294
0.106624792155
0.740743101258
0.740713867839
1.0
0.209397747631
0.76358987271
0.745373060194
0.841905473976
0.85320767105
0.851566203364
0.116974770911
0.289019622369
0.230041175405
0.856948987845
0.160291050044
0.243094372461
0.089207071945
0.668034618262
0.879872019029
0.668494693764
0.127603043958
0.829356680548
0.795490070664
0.117328043804
0.786190461973
0.734924860166
0.709662106449
0.501355055936
0.753172814697
0.961571407772
0.706306484432
0.188232315043
0.233024610612
0.20409679202
0.202089762407
0.124576602314
0.693518363493
0.834764214364
0.798311496641
0.900334769706
0.92015080973
0.905472914591
0.150821180455
0.80758973487
1.0
0.917418524523
0.658643096705
0.55815303198
0.85310689932
0.796112011199
0.209577688678
0.130694458107
0.668882928606
0.730106304965
0.62292474512
0.75627468144
0.764385272127
0.932221864419
0.11503469395
0.743095224086
0.202135897904
0.646026421558
0.801690837076
0.198367971025
0.550505901248
0.144961226975
0.709186380878
0.839850059479
0.608551079161
0.982012085335
0.190156422476
0.955990593021
0.185048025974
0.224776134206
0.737111807631
0.758102934238
0.804239920659
0.746419625841
0.943470379086
0.680516522513
0.0854234267065
0.201880766512
0.71593174762
0.123804035896
0.172711329546
0.140049007233
0.970422153664
0.117603566002
0.183266145363
0.157452430424
0.631148694397
0.851316723865
0.827092865154
0.682320833646
0.7955999258
0.728872757679
0.739553178343
0.775789241284
0.816315958833
0.208843312488
0.921516118322
0.808804432467
0.192587344538
0.872848611608
0.117015805802
0.696230410862
0.698323670072
0.822600036845
0.849770966635
0.278969004359
0.0859692763081
0.206081383919
0.289443001824
0.745028765329
0.170675201813
0.795220364851
0.145252170391
0.253826988363
0.360990991876
0.738442382709
0.740443522392
0.734452837244
0.13139358779
0.22326205739
0.680924596761
0.700885665462
0.679390358543
0.252305789158
0.831596416347
0.139817969303
0.148746955883
0.115391932924
0.701964405971
0.208053981176
0.265148286589
0.219701878149
0.744973816085
0.832605481516
0.713885061672
0.938066070783
0.933333333333
0.884507302323
0.219819742365
0.799288330793
0.883404941178
0.801173892649
0.927747879613
0.197440564595
0.0620076014079
0.735520372198
0.796666470435
0.0793067050948
0.806276357873
0.679454725359
0.162377129399
0.750555389525
0.144163220272
0.165311249149
0.913718910129
0.795944480153
0.159468581451
0.649625781119
0.189998226788
0.633550294327
0.580978502843
0.132123609624
0.66121135978
0.839850059479
0.65017660115
0.156496317692
0.864794665201
0.95232314244
0.132296307151
0.39648466139
0.201688628648
0.271372786847
0.757518955195
0.335957337132
0.835661121815
0.142399885368
0.168911208905
0.819690875573
0.648845839534
0.181188299507
0.179281923237
0.133348983166
0.884174031448
0.171933636195
0.666341547642
0.165594010575
0.60505166108
0.68126113958
0.926858609729
0.698674396036
0.701301274204
0.0482033695244
0.783394209658
0.936734046017
0.218031328949
0.137075694966
0.150714882803
0.817051534742
0.758896798004
0.826088753494
0.179129863567
0.186229362275
0.718843286741
0.112438792055
0.883270234222
0.249166757653
0.207836365973
0.254114089278
0.230041175405
0.764633773351
0.164560152104
0.0896179135292
0.688624409351
0.0986253540057
0.326523317448
0.723103104434
0.634783655101
0.921641143029
0.0915723334081
0.257780960062
0.169543423951
0.688832777304
0.714228049554
0.221577071879
0.701122341927
0.199160233091
0.109153832446
0.1405492411
0.157819925321
0.271628446144
0.225726444808
0.187284301754
0.735300077896
0.802986758795
0.821422970671
0.753538431084
0.681217325788
0.811520397476
0.593952152347
0.168364369421
0.75067959438
0.917418524523
0.119246387056
0.150922375975
0.152838383435
0.220187866064
0.17214690936
0.197732863982
0.14374726834
0.255529989814
0.196532560588
0.815214484034
0.126162286986
0.2926861617
0.225252338398
0.187608045213
0.158306594924
0.156675532286
0.66141126169
0.0960629995901
0.488166817276
0.254696429641
0.843702246268
0.785154221276
0.134968654762
0.12343922676
0.848010814219
1.0
0.146736615871
0.234984346216
0.15399050415
0.125951051557
0.130526606714
0.175914448298
0.807776689314
0.607480258454
0.127796014101
0.173077081742
0.120068202001
0.158361782424
0.213164749315
0.248293607038
0.763101975292
0.159687585286
0.88294999924
0.11057769722
0.159632623193
0.852512459625
0.820775026115
0.555471207871
0.855928657697
0.780173160436
0.880715369646
0.86172623747
0.148497328502
0.841438903872
0.955879751085
0.812998877681
0.151512677431
1.0
0.205633232402
0.128215700542
0.779085199863
0.830664930569
0.901601555772
0.816661534875
0.130905276339
0.206081383919
0.214536477092
0.816538357709
0.14675644049
0.294233787815
0.0848375918508
0.590412323329
0.294870155704
0.740571960678
0.595038270543
0.830995624897
0.862244794073
0.239627581691
0.817075151854
0.662932309631
0.774921804174
0.548933049811
0.738653568503
0.881315353464
0.166230003279
0.157314200427
0.639165868235
0.194994795622
0.136944290398
0.764883091904
0.686198408465
0.852898822334
0.877386456518
0.855149167456
0.780610950567
0.857284680667
0.736570976875
0.749492157486
0.909556404952
0.917418524523
0.818889370853
0.587305929194
0.2097439556
0.747458354903
0.786931563777
0.203983455628
0.73389918682
0.769506875644
0.161666332069
0.768975200587
0.131498210184
0.1520400218
0.294527342892
0.743095224086
0.212720543306
0.646005822779
0.787655833724
0.159238448398
0.609728505746
0.146935298085
0.891120307225
0.839850059479
0.208620493077
0.982012085335
0.152992335949
0.227435850599
0.0635364785274
0.214371843171
0.740700186717
0.146453562268
0.832237105498
0.127155313368
0.947818811464
0.62966442119
0.0647369905359
0.799684689626
0.203981229471
0.172509443188
0.120801939496
0.0841757013729
0.216010649522
0.119620383719
0.922292901835
0.163423856339
0.137506237304
0.84022183126
0.820176579761
0.653909779762
0.7955999258
0.245669814849
0.775701755437
0.188707572387
0.752331430686
0.734542254927
0.908083945624
0.144237171805
0.807401440529
0.234941452331
0.233305424393
0.126111396807
0.736644457582
0.153358814857
0.53262611732
0.812015609279
0.200616485728
0.139792307317
0.19886699601
0.196864281022
0.16524289438
0.157758422086
0.147434252035
0.126576059892
0.151927059954
0.76466301023
0.116082538578
0.710055103729
0.829613216158
0.832070150071
0.721062162096
0.722024378023
0.633309897648
0.117099332869
0.799492639677
0.108166401143
0.716910528371
0.712392859459
0.16589872048
0.228506430223
0.212615397979
0.119634844249
0.599505128624
0.823624926467
0.774552830816
0.686439725011
0.211635150969
0.77059462448
0.356869196976
0.637064869766
0.905480194693
0.903540371704
0.817775170249
0.182361430538
0.713582357933
0.182053715665
0.17074229172
0.159106535183
0.592537179086
0.720746407302
0.152274379683
0.662591670996
0.761007449936
0.767554742536
0.674451255462
0.179384444515
0.265747033483
0.169125280259
0.666236550197
0.114436989481
0.204845134047
0.0758644477858
0.717930063049
0.661351465546
0.619609297261
0.2343363543
0.134288242281
0.612487253607
0.218809436718
0.724397257753
0.153243445105
0.222498020994
0.79144680139
0.733868424495
0.967043002772
0.698716794227
0.160760597337
0.178842878906
0.155847822213
1.0
0.213164749315
0.110310179196
0.287106795086
0.150416052137
0.516211501018
0.839007557583
0.678091943983
0.887252395631
0.788164976905
0.557075639049
0.733148650708
