0.749737219959
0.702884071862
0.7
0.421052631579
0.657880703009
0.3125
0.651999219445
0.565192055616
1.0
0.0987050164005
0.650056997844
0.756044743196
0.797780833289
0.75
0.838964928323
0.108100344297
0.1
0.1
0.666666666667
0.0833333333333
0.174789403667
0.482748340826
0.50376789819
0.222222222222
0.736842105263
0.595192229441
0.769404095801
0.705991552887
0.111111111111
0.0
0.552538084331
0.620011894785
0.448906470269
0.639390789293
0.673491334477
0.166065225134
0.0645161290323
0.5446099026
0.0880817823363
0.0
0.755545341848
0.700064649729
0.0555555555556
0.727876518873
0.901234233456
1.0
0.133538072797
0.476118512954
0.0588235294118
0.928571428571
0.75
0.582160295663
0.0
0.183174502285
0.606508908548
0.769230769231
0.0714285714286
0.744087592845
0.12
0.0452441360349
0.823529411765
0.714405725085
0.733552721779
0.0608426294773
0.0625
0.526405363873
0.572404625575
0.859500071316
0.692307692308
0.392929943064
0.04
0.548225241002
0.75
0.133333333333
0.0588235294118
0.0526315789474
0.923076923077
0.768576243593
0.0538039483929
0.74843186613
0.714285714286
0.752352716012
0.0
0.785714285714
0.565223469117
0.0384615384615
0.0
0.0535594783488
0.285714285714
0.0769230769231
0.0
0.570416527796
0.738643385843
0.236066837138
0.105263157895
0.642183658066
0.728614607132
0.711728263411
0.45665993527
0.8
0.698436817202
0.846153846154
0.722047035528
0.796642919554
0.0555555555556
0.841477479751
0.681009983799
0.662196531381
0.8
0.0987050164005
0.607238722685
0.833333333333
0.763094710102
0.705882352941
0.786816477811
0.0
0.863543919416
0.254292963242
0.8
0.166666666667
0.107477733677
0.0588235294118
0.417280990192
0.111111111111
0.7
0.673749898273
0.945214313235
0.772727272727
0.586841982985
0.77078510479
0.666666666667
0.648352166742
0.399027973572
0.562291761079
0.637914160852
0.652173913043
0.0322580645161
0.0372111218482
0.0325262267808
0.111111111111
0.719739010365
0.0344827586207
0.6875
0.769090717468
0.783178489775
0.824619091943
0.620244308943
0.53317957795
0.779703106529
0.928571428571
0.75
0.707160295663
0.151178920688
0.66664084915
0.6
0.785714285714
0.0538638390772
0.6624868187
0.647135007978
0.0833333333333
0.621304179982
0.822818037226
0.230769230769
0.0833333333333
0.125
0.216999368295
0.552042941078
0.848263914495
0.307692307692
0.402886260842
0.0188795957088
0.688377485539
0.636363636364
0.611866848661
0.980812891024
0.0
0.777777777778
0.0833333333333
0.609359503948
0.5999710215
0.25
0.736531502289
0.142857142857
0.785714285714
0.610427675008
0.0
0.714140642822
0.566361738945
0.0714285714286
0.0769230769231
0.0526315789474
0.80868043983
0.0588235294118
0.75696395101
0.0526315789474
0.0
0.818181818182
0.668504120915
0.537888359729
0.727272727273
0.849945903879
0.674183583486
0.754095066537
0.796642919554
0.836195308828
0.788885137267
0.647719267948
0.741396410395
1.0
0.0
0.703012081105
0.751985494853
0.763012182608
0.61746398873
0.602384517629
0.0588235294118
0.6
0.1
0.654459893344
0.0833333333333
0.0666666666667
0.529650809413
0.222885277922
0.111111111111
0.676303909896
0.236195308828
0.728634551724
0.742139114416
0.0
0.660001720458
0.65
0.544152549333
0.333333333333
0.820571675758
0.706190244688
0.08
0.574565239523
0.495838891464
0.0325262267808
0.621674909669
0.0
0.550276757456
0.0555555555556
0.749848277257
0.780687903541
0.681391037167
0.615989880473
0.444444444444
0.462284992337
0.872795451449
0.75
0.773123233011
0.332997102506
0.467127125838
0.753869593451
0.8
0.696720981934
0.497196146202
0.740197127971
0.0
0.608888811106
0.775274487313
0.594198671193
0.871109583236
0.3125
0.125
0.666480004709
0.597574493893
0.769230769231
0.520704675289
0.04
0.605142135194
0.497453626611
0.0
0.894075586285
0.0982776942675
0.425716654907
0.103750119084
0.0706342623559
0.643778906389
0.75
0.982516482123
0.262577983544
0.794306931097
0.507670399114
0.0769230769231
0.688772064039
0.58822848891
0.0
0.791563362654
0.0526315789474
0.137491389649
0.176470588235
0.529836703137
0.662958781665
0.716918545536
0.91238710431
0.719994849554
0.600422895577
0.363636363636
0.282032930576
0.84367252199
0.727272727273
0.0
0.754864761995
0.0
0.679023272039
0.670163076078
1.0
0.192866204052
0.718480287781
0.620688579352
0.797780833289
0.75
0.709893400888
0.0588235294118
0.1
0.254292963242
0.759373785308
0.0
0.712753511065
0.515076569524
0.0
0.285330254822
0.778317674772
0.75
0.859862669118
0.841291130532
0.562888663234
0.669587531862
0.608695652174
0.639599677213
0.111111111111
0.565612355003
0.166666666667
0.636363636364
0.679914873006
0.0209356083062
0.0960264634491
0.222222222222
0.25
0.694881723752
0.222222222222
0.769090717468
0.842311628928
0.846153846154
0.761135118416
0.444444444444
0.823342169435
0.857142857143
0.714285714286
0.606456566345
0.423906193415
0.0
0.0588235294118
0.704541118992
0.112943284293
0.556747936288
0.587556559548
0.0
0.640998187968
0.754540121863
0.9
0.166666666667
0.1875
0.494073114565
0.542177458699
0.7
0.75
0.467724095367
0.08
0.749797394422
0.692307692308
0.10789516744
0.961359235688
0.0336178630562
0.877833738171
0.978832502707
0.164915059504
0.0833333333333
0.799105407584
0.816621945682
0.794836865807
0.824185859915
0.544982504654
0.0769230769231
0.777777777778
0.699544896566
0.142857142857
0.846153846154
0.0
0.557746915934
0.0588235294118
0.916666666667
0.777777777778
0.0
0.833333333333
0.770919320069
0.542003567666
0.68085730052
0.749737219959
0.794044726579
0.727272727273
0.0
0.768483386328
0.908144146418
0.827038300685
0.73254549275
1.0
0.06777158111
0.0841867035582
0.682757437287
0.78815134916
0.8125
0.852384517629
0.117647058824
0.1
0.7
0.663134470524
0.166666666667
0.2
0.0588235294118
0.416041577858
0.111111111111
0.75
0.571428571429
0.849750552564
0.0454545454545
0.875
0.757015934436
0.5625
0.718681733394
0.111111111111
0.696683000947
0.790815840042
0.646068271937
0.804578764028
0.731722099438
0.146396873684
0.222222222222
0.776600509815
0.737419559191
0.735499363369
0.648967881765
0.761904761905
0.902459996971
0.0769230769231
0.587229624065
0.795467232342
0.928571428571
0.222222222222
0.606456566345
0.151178920688
0.0
0.733333333333
0.733333333333
0.0
0.630946502045
0.730525862568
0.0452441360349
0.704193745336
0.746775308153
0.833333333333
0.128577469368
0.25
0.25
0.543716070506
0.8
0.574768453286
0.472883715407
0.201098380889
0.793901078385
0.636363636364
0.0361524972875
0.982012085335
0.368421052632
0.916666666667
0.978832502707
0.560529441942
0.694116069794
0.125
0.730424740832
0.857142857143
0.96315968111
0.570477518415
0.0384615384615
0.696661938034
0.682686510491
0.142857142857
0.384615384615
0.0526315789474
0.823397329073
0.176470588235
0.75
0.733333333333
0.0
0.833333333333
0.783913880662
0.659992872638
0.7
0.698436817202
0.842729479357
0.888888888889
0.0
0.852998973174
0.973011585448
0.78932219488
0.701742747797
1.0
0.0718236002155
0.700181912402
0.650245178369
0.797780833289
0.785714285714
0.66812958301
0.0588235294118
0.2
0.254292963242
0.777777777778
0.0833333333333
0.0989490357024
0.221525365299
0.505193344542
0.404694675936
0.705882352941
0.583333333333
0.886652125295
0.8
0.0
0.721350021192
0.714285714286
0.585348400061
0.222222222222
0.679242508927
0.91013269561
0.58750360008
0.667123340457
0.607996800906
0.517016895893
0.0
0.727046858944
0.667922776823
0.809018319643
0.71415566622
0.772727272727
0.74769601502
0.795732169253
0.444444444444
0.0588235294118
0.857142857143
0.75
0.52246890933
0.468381524725
0.558036216747
0.588235294118
0.846153846154
0.0
0.703892244869
0.661490630157
0.541399363769
0.623187589881
0.74102136685
0.9
0.227509296144
0.669443489522
0.0625
0.445893529204
0.763437523045
0.666666666667
0.489998583093
0.08
0.835886946725
0.75
0.571075725417
0.982012085335
0.0526315789474
0.230769230769
0.978832502707
0.111111111111
0.0652601471089
0.75
0.79660875813
0.824145884978
0.75
0.620027590498
0.0660813699191
0.111111111111
0.642395091056
0.835711569613
0.846153846154
0.0
0.55868043983
0.117647058824
0.876585381161
0.666666666667
0.0
0.833333333333
0.750851222287
0.659992872638
0.78116524793
0.904043301502
0.824938017592
0.75
0.0526315789474
0.166666666667
0.920679077267
0.729724175573
0.766294458402
1.0
0.151794391436
0.0647096456492
0.674014235896
0.696663297164
0.117647058824
0.0769230769231
0.254162689459
0.1
0.1
0.8
0.0
0.133333333333
0.0964963616213
0.0555555555556
0.222222222222
0.619047619048
0.518269152518
0.835098508589
0.181818181818
0.333333333333
0.710769398854
0.590909090909
0.654457000051
0.675890731195
0.679242508927
0.824696273819
0.0635812832329
0.0
0.621543951221
0.0880188365158
0.444444444444
0.0625
0.634411629797
0.166666666667
0.69746626293
0.894736842105
0.846153846154
0.916666666667
0.673659282435
0.807498571616
0.764705882353
0.75
0.52246890933
0.0909090909091
0.181818181818
0.705882352941
0.0
0.142857142857
0.607880658423
0.727639693172
0.0833333333333
0.822802921195
0.805531973302
0.0769230769231
0.0833333333333
0.125
0.155167750691
0.691255390948
0.8
0.384615384615
0.047619047619
0.565217391304
0.75
0.727272727273
0.0329834980992
0.873462402992
0.105263157895
0.230769230769
0.468202292633
0.111111111111
0.125
0.0742172316356
0.856423762256
0.81061864536
0.846153846154
0.481969766211
0.0769230769231
0.0555555555556
0.577175465333
0.928571428571
0.769230769231
0.0
0.74647425215
0.0588235294118
0.10953808758
0.0526315789474
0.0526315789474
0.846153846154
0.789822809513
0.57132585903
0.727272727273
0.698436817202
0.85
0.818181818182
0.775594711676
0.793528430542
0.0
0.693463449659
0.657355136529
1.0
0.178140230765
0.684132784385
0.632757437287
0.806572970972
0.823529411765
0.835044785835
0.117647058824
0.6
0.0
0.830242661708
0.0833333333333
0.301831806235
0.117647058824
0.558814668986
0.849139120381
0.585970385766
0.0
0.776615666767
0.727272727273
0.059846209798
0.717257628644
0.625
0.608804679779
0.414661909899
0.677146535217
0.952380952381
0.62750360008
0.0645161290323
0.124383884168
0.0880817823363
0.0524433214133
0.0625
0.60672189396
0.764705882353
0.748809094345
0.869565217391
0.902459996971
0.88
0.0
0.748675042204
1.0
0.875
0.52246890933
0.467966351283
0.8
0.716269114776
0.133333333333
0.112943284293
0.572122972634
0.666750001437
0.541399363769
0.68862499509
0.697499248663
0.923076923077
0.127188080788
0.669443489522
0.125
0.486897359925
0.727272727273
0.0769230769231
0.398013618577
0.0
0.630179773936
0.75
0.5
0.982012085335
0.0
0.923076923077
0.0
0.164915059504
0.649866345066
0.656248264726
0.752352716012
0.642857142857
0.916666666667
0.571241324777
0.0384615384615
0.222222222222
0.633520844007
0.428571428571
0.267497359425
0.0
0.970422153664
0.0588235294118
0.15502598081
0.157894736842
0.503488579129
0.769230769231
0.797906547609
0.579717136562
0.727272727273
0.698436817202
0.657829492202
0.7
0.765417349075
0.148390597232
0.908144146418
0.761220365439
0.111111111111
0.8
0.089944144377
0.607899093921
0.567465251615
0.801099315365
0.8
0.230769230769
0.176470588235
0.1
0.0641941293665
0.705242661708
0.0
0.737807490538
0.0
0.111111111111
0.111111111111
0.626917683901
0.672115306364
0.637290274058
0.0454545454545
0.111111111111
0.57983351503
0.623583890823
0.555730428636
0.333333333333
0.777777777778
0.0416666666667
0.08
0.0322580645161
0.61134207118
0.169781325115
0.111111111111
0.125
0.694881723752
0.770821983571
0.63620796997
0.928143164603
0.933333333333
0.860436525208
0.111111111111
0.733333333333
0.833333333333
0.72060195869
0.927747879613
0.0602698297788
0.0909090909091
0.632178085632
0.744303328626
0.0
0.762096568992
0.616653957482
0.0
0.687745729222
0.0322580645161
0.0494040064173
0.892591319363
0.731943489522
0.0625
0.530521585174
0.166666666667
0.53933249106
0.448670645008
0.0588795957088
0.538430837548
0.75
0.571075725417
0.117647058824
0.842330077306
0.916666666667
0.205261881132
0.276026170615
0.166666666667
0.25
0.6875
0.214285714286
0.769230769231
0.0833333333333
0.0384615384615
0.75
0.56202982064
0.428571428571
0.153846153846
0.157894736842
0.879513062755
0.176470588235
0.521313030324
0.136642992191
0.47185244417
0.547198989272
0.891338838947
0.59941979274
0.632734810603
0.0
0.72124622342
0.909090909091
0.157894736842
0.111111111111
0.0397317725752
0.768184755841
0.696177793354
0.8
0.0
0.266004885376
0.620688579352
0.0452793010197
0.863030505691
0.153846153846
0.0872388157503
0.3
0.0
0.7
0.0
0.0666666666667
0.584138966091
0.0
0.333333333333
0.631578947368
0.518269152518
0.921641143029
0.0
0.222222222222
0.0829352202792
0.590909090909
0.598901444495
0.222222222222
0.599331625524
0.125
0.04
0.0967741935484
0.0344827586207
0.0966371054339
0.222222222222
0.10149306397
0.669145363613
0.738960573739
0.766751301892
0.674550322833
0.629650432786
0.761135118416
0.523957219672
0.0281240250165
0.647058823529
0.875
0.111111111111
0.0602698297788
0.0493572393108
0.235294117647
0.133333333333
0.0714285714286
0.0588235294118
0.08
0.0
0.751526505196
0.0
0.153846153846
0.25
0.1875
0.0
0.0
0.552864602538
0.153846153846
0.340710572405
0.04
0.79422934906
0.710623091127
0.0666666666667
0.0
0.789473684211
1.0
0.0833333333333
0.0
0.0833333333333
0.375
0.0219572667161
0.0482922692583
0.75
0.46278159926
0.0769230769231
0.166666666667
0.0837120705491
0.0499972838989
0.769230769231
0.0
0.677590380378
0.0588235294118
0.844980001475
0.0526315789474
0.0526315789474
0.769230769231
0.767862143598
0.444530142051
0.79940147727
0.749737219959
0.852868255991
0.8
0.288643975555
0.813688291407
0.955879751085
0.782789237275
0.0740740740741
1.0
0.0987050164005
0.069826608324
0.682757437287
0.78815134916
0.875
0.786816477811
0.117647058824
0.1
0.1
0.8
0.0833333333333
0.219379372568
0.0
0.488443192448
0.222222222222
0.682743233009
0.466666666667
0.776323881442
0.81026466412
0.222222222222
0.738932088034
0.565217391304
0.673764125057
0.466494648636
0.658155154936
0.864678150156
0.0831646006219
0.0322580645161
0.561252563849
0.0880817823363
0.0
0.724265227812
0.605050907804
0.809018319643
0.860181267632
0.8
0.721887846451
0.812754488482
0.635068330783
0.690697886435
0.857142857143
0.875
0.773123233011
0.519065082572
0.0909090909091
0.647058823529
0.753344236329
0.0
0.641392244869
0.718677428175
0.166666666667
0.682011119292
0.0478920132736
0.0405751610399
0.0833333333333
0.669443489522
0.0
0.527433871896
0.727272727273
0.0769230769231
0.496739909053
0.04
0.846153846154
0.75
0.102819163954
0.982012085335
0.315789473684
0.307692307692
0.0833333333333
0.0538039483929
0.672696977023
0.449217231636
0.795048056938
0.0482922692583
0.923076923077
0.479411969485
0.0
0.751665850143
0.161290322581
0.142857142857
0.461538461538
0.0
0.153846153846
0.0588235294118
0.906499687609
0.102859160346
0.0
0.75
0.789822809513
0.579535834192
0.727272727273
0.333333333333
0.712485963372
0.0909090909091
0.65254688275
0.650932977745
0.877640771927
0.0384961636664
0.761158749437
0.2
0.0710521694745
0.0909090909091
0.655321241842
0.0233124079621
0.404822445671
0.786816477811
0.0
0.2
0.0641941293665
0.1
0.0
0.0
0.0
0.0
0.0
0.697204567076
0.0
0.609810636837
0.75
0.777777777778
0.61455450461
0.625356096747
0.527175395031
0.111111111111
0.755047879966
0.0416666666667
0.653634774557
0.642795266534
0.0344827586207
0.0262216607066
0.0
0.0625
0.467966594431
0.75
0.733552721779
0.604789813508
0.133333333333
0.717656857546
0.333333333333
0.501831806235
0.866666666667
0.888888888889
0.773123233011
0.0909090909091
0.700346328478
0.0588235294118
0.0666666666667
0.0
0.448829773525
0.653479509752
0.128577469368
0.555562769097
0.696250290573
0.733552721779
0.544162976135
0.0625
0.0
0.0384615384615
0.60312502095
0.0
0.0732674232468
0.0
0.606027535053
0.5
0.5
0.176470588235
0.0526315789474
0.504072238655
0.0482489813788
0.609359503948
0.0223410576303
0.0707808175545
0.754893055202
0.710902216254
0.967043002772
0.596106549232
0.115384615385
0.0
0.0645161290323
1.0
0.769230769231
0.0526315789474
0.384615384615
0.294117647059
0.351705254085
0.777777777778
0.55932655989
0.879648353842
0.743479189135
0.429535834192
0.6
