0.666666666667
0.702884071862
0.7
0.421052631579
0.657880703009
0.3125
0.634220652227
0.565192055616
1.0
0.0987050164005
0.650056997844
0.756044743196
0.776110322563
0.75
0.838964928323
0.108100344297
0.1
0.1
0.666666666667
0.0833333333333
0.174789403667
0.450805632758
0.47658407874
0.222222222222
0.736842105263
0.595192229441
0.738434823516
0.705991552887
0.111111111111
0.0
0.526315789474
0.620011894785
0.448906470269
0.639390789293
0.673491334477
0.145014946356
0.0322580645161
0.528278184949
0.0880817823363
0.0
0.721157064126
0.657054387556
0.0555555555556
0.727876518873
0.901234233456
1.0
0.115384615385
0.476118512954
0.117647058824
0.928571428571
0.75
0.582160295663
0.0
0.14026633022
0.571428571429
0.769230769231
0.0714285714286
0.744087592845
0.12
0.0452441360349
0.823529411765
0.714405725085
0.733552721779
0.0608426294773
0.0
0.495181401864
0.572404625575
0.859500071316
0.692307692308
0.366692830307
0.0
0.543901078385
0.75
0.133333333333
0.0588235294118
0.0526315789474
0.923076923077
0.768576243593
0.0
0.725833390301
0.714285714286
0.752352716012
0.0
0.785714285714
0.541691063852
0.0384615384615
0.0
0.0535594783488
0.285714285714
0.0769230769231
0.0
0.570416527796
0.738643385843
0.236066837138
0.105263157895
0.642183658066
0.692307692308
0.694225032444
0.45665993527
0.8
0.61536626391
0.846153846154
0.666666666667
0.796642919554
0.0555555555556
0.841477479751
0.635635126428
0.641269435354
0.8
0.0987050164005
0.607238722685
0.833333333333
0.742366395495
0.705882352941
0.786816477811
0.0
0.863543919416
0.254292963242
0.8
0.166666666667
0.107477733677
0.0588235294118
0.417280990192
0.111111111111
0.7
0.673749898273
0.910115804646
0.772727272727
0.586841982985
0.753178258364
0.666666666667
0.648352166742
0.399027973572
0.562291761079
0.614926870609
0.652173913043
0.0322580645161
0.0209356083062
0.064946824581
0.222222222222
0.6875
0.0344827586207
0.6875
0.769090717468
0.783178489775
0.824619091943
0.6
0.53317957795
0.748675042204
0.928571428571
0.75
0.707160295663
0.151178920688
0.66664084915
0.6
0.785714285714
0.0538638390772
0.6624868187
0.619199776043
0.0
0.596961368047
0.822818037226
0.230769230769
0.0833333333333
0.125
0.125
0.552042941078
0.848263914495
0.307692307692
0.375984286645
0.0
0.688377485539
0.636363636364
0.611866848661
0.980812891024
0.0
0.777777777778
0.0833333333333
0.555555555556
0.578355088099
0.25
0.736531502289
0.142857142857
0.785714285714
0.524635783016
0.0
0.682965036789
0.490281794305
0.0714285714286
0.0769230769231
0.0526315789474
0.80868043983
0.0588235294118
0.75696395101
0.0526315789474
0.0
0.818181818182
0.626521069866
0.537888359729
0.727272727273
0.849945903879
0.65
0.754095066537
0.796642919554
0.836195308828
0.788885137267
0.623373113696
0.70109933225
1.0
0.0
0.703012081105
0.751985494853
0.717829861733
0.588235294118
0.602384517629
0.0588235294118
0.6
0.1
0.654459893344
0.0833333333333
0.0666666666667
0.501466067
0.193512629278
0.111111111111
0.647058823529
0.236195308828
0.699385794567
0.742139114416
0.0
0.652955062745
0.65
0.516483882406
0.333333333333
0.820571675758
0.706190244688
0.24
0.572934321467
0.460420231356
0.0325262267808
0.621674909669
0.0
0.509568194692
0.0555555555556
0.749848277257
0.75
0.681391037167
0.59398519684
0.444444444444
0.428571428571
0.833333333333
0.75
0.773123233011
0.332997102506
0.424218953773
0.753869593451
0.8
0.696720981934
0.497196146202
0.668067316117
0.0
0.548995406656
0.773042661446
0.594198671193
0.871109583236
0.3125
0.125
0.642447837637
0.597574493893
0.769230769231
0.495716948853
0.04
0.571428571429
0.454545454545
0.0
0.894075586285
0.0982776942675
0.299478154424
0.203489989587
0.0706342623559
0.643778906389
0.75
0.982516482123
0.262577983544
0.794306931097
0.44377550471
0.0769230769231
0.688772064039
0.555677294465
0.0
0.75
0.0526315789474
0.137491389649
0.176470588235
0.529836703137
0.662958781665
0.6875
0.91238710431
0.679935075081
0.600422895577
0.363636363636
0.282032930576
0.8125
0.727272727273
0.0
0.754864761995
0.0
0.679023272039
0.670163076078
1.0
0.192866204052
0.718480287781
0.620688579352
0.776110322563
0.75
0.709893400888
0.0588235294118
0.1
0.254292963242
0.759373785308
0.0
0.712753511065
0.48513028071
0.0
0.285330254822
0.778317674772
0.75
0.819364389977
0.841291130532
0.510445341821
0.653375344484
0.608695652174
0.589011300045
0.111111111111
0.565612355003
0.152422982808
0.636363636364
0.664344421036
0.0554183669269
0.0960264634491
0.222222222222
0.25
0.658163496684
0.222222222222
0.769090717468
0.842311628928
0.846153846154
0.739130434783
0.444444444444
0.79231410511
0.857142857143
0.714285714286
0.606456566345
0.423906193415
0.0
0.0588235294118
0.704541118992
0.184371855722
0.556747936288
0.535722390474
0.0
0.640998187968
0.737996687941
0.9
0.166666666667
0.1875
0.432681401864
0.542177458699
0.7
0.75
0.411669773662
0.08
0.714285714286
0.692307692308
0.10789516744
0.961359235688
0.0336178630562
0.877833738171
0.978832502707
0.111111111111
0.0833333333333
0.799105407584
0.816621945682
0.794836865807
0.824185859915
0.54152317456
0.0769230769231
0.777777777778
0.699544896566
0.142857142857
0.846153846154
0.0
0.557746915934
0.0588235294118
0.916666666667
0.777777777778
0.0
0.833333333333
0.74976303504
0.542003567666
0.636363636364
0.666666666667
0.764705882353
0.727272727273
0.0
0.768483386328
0.908144146418
0.805302745128
0.713168551984
1.0
0.06777158111
0.129641249013
0.682757437287
0.765448909352
0.8125
0.852384517629
0.117647058824
0.1
0.7
0.663134470524
0.166666666667
0.133333333333
0.117647058824
0.392735049593
0.111111111111
0.75
0.571428571429
0.814652043975
0.0454545454545
0.875
0.757015934436
0.5625
0.718681733394
0.111111111111
0.696683000947
0.790815840042
0.646068271937
0.785714285714
0.693724059242
0.088540991838
0.222222222222
0.708259268235
0.697641479866
0.735499363369
0.648967881765
0.761904761905
0.902459996971
0.0769230769231
0.587229624065
0.795467232342
0.928571428571
0.222222222222
0.606456566345
0.151178920688
0.0
0.733333333333
0.733333333333
0.0
0.630946502045
0.680767273888
0.128577469368
0.677943624031
0.746775308153
0.833333333333
0.128577469368
0.25
0.25
0.543716070506
0.8
0.538461538462
0.472883715407
0.10221878518
0.793901078385
0.636363636364
0.102819163954
0.982012085335
0.368421052632
0.916666666667
0.978832502707
0.5
0.671517593966
0.125
0.730424740832
0.857142857143
0.928571428571
0.570477518415
0.0384615384615
0.696661938034
0.664098448272
0.142857142857
0.384615384615
0.0526315789474
0.823397329073
0.176470588235
0.75
0.733333333333
0.0
0.833333333333
0.783913880662
0.659992872638
0.7
0.61536626391
0.8125
0.888888888889
0.0
0.852998973174
0.973011585448
0.78932219488
0.68081565177
1.0
0.0718236002155
0.700181912402
0.650245178369
0.776110322563
0.785714285714
0.66812958301
0.0588235294118
0.2
0.254292963242
0.777777777778
0.0833333333333
0.0666666666667
0.221525365299
0.47689256022
0.404694675936
0.705882352941
0.583333333333
0.846153846154
0.8
0.0
0.686511591698
0.714285714286
0.585348400061
0.222222222222
0.679242508927
0.888008426506
0.58750360008
0.651033873422
0.573929592454
0.517016895893
0.0
0.69020227567
0.629735820672
0.809018319643
0.71415566622
0.772727272727
0.74769601502
0.772727272727
0.444444444444
0.0588235294118
0.857142857143
0.75
0.52246890933
0.41991535107
0.515128044682
0.588235294118
0.846153846154
0.0
0.703892244869
0.612012559677
0.5
0.588235294118
0.709474474131
0.9
0.227509296144
0.669443489522
0.0625
0.445893529204
0.763437523045
0.666666666667
0.489998583093
0.08
0.835886946725
0.75
0.571075725417
0.982012085335
0.0526315789474
0.230769230769
0.978832502707
0.111111111111
0.0652601471089
0.75
0.79660875813
0.824145884978
0.75
0.620027590498
0.0660813699191
0.111111111111
0.592060992746
0.835711569613
0.846153846154
0.0
0.55868043983
0.117647058824
0.876585381161
0.666666666667
0.0
0.833333333333
0.731262069481
0.659992872638
0.78116524793
0.904043301502
0.8
0.75
0.0526315789474
0.166666666667
0.889213084419
0.729724175573
0.766294458402
1.0
0.151794391436
0.0647096456492
0.674014235896
0.655409873756
0.117647058824
0.0769230769231
0.22574740312
0.1
0.1
0.8
0.0
0.133333333333
0.0964963616213
0.0555555555556
0.222222222222
0.619047619048
0.518269152518
0.8
0.181818181818
0.333333333333
0.710769398854
0.590909090909
0.654457000051
0.62268815288
0.679242508927
0.824696273819
0.0259921907753
0.0
0.587476742768
0.0
0.444444444444
0.0625
0.615573162171
0.166666666667
0.69746626293
0.894736842105
0.846153846154
0.916666666667
0.673659282435
0.807498571616
0.764705882353
0.75
0.52246890933
0.0909090909091
0.181818181818
0.705882352941
0.2
0.0714285714286
0.607880658423
0.673213815645
0.0833333333333
0.822802921195
0.805531973302
0.0769230769231
0.166666666667
0.125
0.0625
0.691255390948
0.8
0.384615384615
0.047619047619
0.565217391304
0.75
0.727272727273
0.0
0.873462402992
0.105263157895
0.230769230769
0.468202292633
0.111111111111
0.125
0.0742172316356
0.856423762256
0.81061864536
0.846153846154
0.481969766211
0.0384615384615
0.0555555555556
0.577175465333
0.928571428571
0.769230769231
0.0526315789474
0.74647425215
0.0588235294118
0.10953808758
0.0526315789474
0.0526315789474
0.846153846154
0.74976303504
0.57132585903
0.727272727273
0.61536626391
0.85
0.818181818182
0.775594711676
0.793528430542
0.0
0.637118482799
0.619091345135
1.0
0.178140230765
0.684132784385
0.632757437287
0.785844656365
0.823529411765
0.835044785835
0.117647058824
0.6
0.0
0.830242661708
0.0833333333333
0.266666666667
0.117647058824
0.558814668986
0.849139120381
0.585970385766
0.0666666666667
0.74142313976
0.727272727273
0.111111111111
0.717257628644
0.625
0.579432031135
0.414661909899
0.677146535217
0.952380952381
0.62750360008
0.0645161290323
0.124383884168
0.0325262267808
0.0
0.0625
0.590077617717
0.764705882353
0.748809094345
0.869565217391
0.902459996971
0.88
0.0
0.748675042204
1.0
0.875
0.52246890933
0.423906193415
0.8
0.716269114776
0.133333333333
0.112943284293
0.572122972634
0.602678179704
0.5
0.660993288453
0.681428471549
0.923076923077
0.0
0.669443489522
0.0625
0.48546669942
0.727272727273
0.153846153846
0.398013618577
0.0
0.59842422338
0.75
0.5
0.982012085335
0.0
0.923076923077
0.0
0.0
0.626191751341
0.656248264726
0.752352716012
0.642857142857
0.916666666667
0.5487656156
0.0384615384615
0.222222222222
0.622866235209
0.428571428571
0.153846153846
0.0
0.970422153664
0.0588235294118
0.0625
0.157894736842
0.503488579129
0.769230769231
0.759387533692
0.579717136562
0.727272727273
0.61536626391
0.631578947368
0.7
0.765417349075
0.148390597232
0.908144146418
0.741223654327
0.111111111111
0.8
0.089944144377
0.607899093921
0.545454545455
0.777261753567
0.8
0.230769230769
0.0588235294118
0.1
0.0641941293665
0.705242661708
0.0
0.737807490538
0.0
0.111111111111
0.111111111111
0.626917683901
0.672115306364
0.610966392617
0.0454545454545
0.111111111111
0.544763474883
0.623583890823
0.555730428636
0.333333333333
0.777777777778
0.0833333333333
0.08
0.0645161290323
0.594427077899
0.0880817823363
0.111111111111
0.125
0.658163496684
0.770821983571
0.63620796997
0.904761904762
0.933333333333
0.860436525208
0.111111111111
0.733333333333
0.833333333333
0.72060195869
0.927747879613
0.0602698297788
0.0909090909091
0.632178085632
0.744303328626
0.0
0.762096568992
0.568114388497
0.0
0.653056478547
0.129032258065
0.0494040064173
0.892591319363
0.731943489522
0.0625
0.5288958346
0.166666666667
0.5
0.421052631579
0.04
0.538430837548
0.75
0.571075725417
0.117647058824
0.842330077306
0.916666666667
0.205261881132
0.222222222222
0.166666666667
0.25
0.6875
0.214285714286
0.769230769231
0.0416666666667
0.0384615384615
0.75
0.523991329709
0.428571428571
0.307692307692
0.157894736842
0.879513062755
0.176470588235
0.521313030324
0.136642992191
0.47185244417
0.5
0.891338838947
0.59941979274
0.632734810603
0.0
0.666666666667
0.909090909091
0.105263157895
0.111111111111
0.0397317725752
0.748188044729
0.675250697327
0.8
0.0
0.266004885376
0.620688579352
0.0259703354334
0.863030505691
0.153846153846
0.0588235294118
0.3
0.0
0.7
0.0
0.0666666666667
0.584138966091
0.0
0.333333333333
0.631578947368
0.518269152518
0.888736291227
0.0
0.222222222222
0.0
0.590909090909
0.598901444495
0.333333333333
0.599331625524
0.125
0.04
0.161290322581
0.0344827586207
0.0997867542056
0.222222222222
0.10149306397
0.633787070881
0.738960573739
0.766751301892
0.65
0.629650432786
0.739130434783
0.523957219672
0.0
0.647058823529
0.875
0.111111111111
0.0602698297788
0.0493572393108
0.235294117647
0.133333333333
0.0714285714286
0.0588235294118
0.12
0.0
0.722222222222
0.0
0.153846153846
0.25
0.1875
0.0
0.0
0.552864602538
0.153846153846
0.316498795629
0.08
0.731401078385
0.666666666667
0.0666666666667
0.0
0.789473684211
1.0
0.0833333333333
0.0
0.0833333333333
0.375
0.0
0.0482922692583
0.75
0.413169073049
0.115384615385
0.166666666667
0.115970135065
0.0499972838989
0.769230769231
0.0
0.677590380378
0.0588235294118
0.844980001475
0.0526315789474
0.0526315789474
0.769230769231
0.748545826688
0.416093903953
0.79940147727
0.666666666667
0.823529411765
0.8
0.263157894737
0.813688291407
0.955879751085
0.763561630437
0.0740740740741
1.0
0.0987050164005
0.069826608324
0.682757437287
0.765448909352
0.875
0.786816477811
0.117647058824
0.1
0.1
0.8
0.0833333333333
0.219379372568
0.0588235294118
0.466431471308
0.222222222222
0.631578947368
0.466666666667
0.75
0.81026466412
0.222222222222
0.737354617217
0.565217391304
0.673764125057
0.466494648636
0.658155154936
0.842553881051
0.123164600622
0.0322580645161
0.52596866938
0.174254613594
0.0
0.687420644538
0.588775394262
0.809018319643
0.860181267632
0.8
0.688174282685
0.791666666667
0.635068330783
0.690697886435
0.857142857143
0.875
0.773123233011
0.406996458619
0.0909090909091
0.647058823529
0.753344236329
0.0
0.641392244869
0.666843259101
0.166666666667
0.647058823529
0.0645161290323
0.0
0.0833333333333
0.669443489522
0.0625
0.527433871896
0.727272727273
0.153846153846
0.470502796296
0.04
0.846153846154
0.75
0.102819163954
0.982012085335
0.315789473684
0.307692307692
0.0833333333333
0.0
0.650098501195
0.449217231636
0.795048056938
0.0482922692583
0.923076923077
0.453190308778
0.0
0.722222222222
0.0967741935484
0.142857142857
0.615384615385
0.157894736842
0.153846153846
0.0588235294118
0.906499687609
0.102859160346
0.0
0.75
0.74976303504
0.579535834192
0.727272727273
0.333333333333
0.660779014869
0.0909090909091
0.65254688275
0.647498521233
0.877640771927
0.0384961636664
0.74178876732
0.2
0.0710521694745
0.0909090909091
0.632333951599
0.144777769423
0.375
0.786816477811
0.0
0.2
0.0641941293665
0.1
0.0
0.0
0.0
0.0
0.0
0.671445077301
0.0
0.576905785035
0.75
0.777777777778
0.610061416383
0.567351984031
0.50199883905
0.111111111111
0.755047879966
0.0416666666667
0.631656562327
0.610185930926
0.0344827586207
0.0
0.0
0.0625
0.415398021536
0.75
0.733552721779
0.578947368421
0.133333333333
0.695652173913
0.333333333333
0.466666666667
0.866666666667
0.888888888889
0.773123233011
0.0909090909091
0.653073682234
0.0588235294118
0.0666666666667
0.0
0.448829773525
0.58353994622
0.128577469368
0.504894446861
0.696250290573
0.733552721779
0.5
0.0625
0.0
0.0
0.60312502095
0.0
0.0732674232468
0.0
0.606027535053
0.5
0.5
0.176470588235
0.0526315789474
0.377833738171
0.0482489813788
0.555555555556
0.0504740165357
0.0707808175545
0.754893055202
0.662746766444
0.967043002772
0.545735850694
0.0769230769231
0.0
0.0322580645161
1.0
0.769230769231
0.0526315789474
0.384615384615
0.294117647059
0.328085637906
0.777777777778
0.55932655989
0.843750532081
0.721441392229
0.429535834192
0.6
