0.168134749307
0.0790165034786
0.132275382074
0.0648916407688
0.0595868168358
0.0954183286962
0.104477826468
0.0569880087601
0.2
0.105432512404
0.0765603275911
0.0711695496328
0.12852640157
0.0794529612388
0.0903572160914
0.0718347153475
0.102611757474
0.123638432396
0.0929350848421
0.0999427561658
0.0974827095917
0.0713055218198
0.0783444268699
0.148834486121
0.075900263488
0.0801685723874
0.0874261799881
0.0612951057724
0.138134473599
0.0564740710591
0.0602644857447
0.0814056545482
0.117322686738
0.0779233854494
0.0686490794068
0.0607831194597
0.0652377717196
0.0583595735261
0.100501657651
0.112643174686
0.0850891774562
0.0644992337925
0.088556392313
0.102297801415
0.0768775378283
0.10666204887
0.0554606121145
0.0873036747571
0.12859830105
0.090752769736
0.137657316932
0.126005133802
0.0950054494751
0.0921670044567
0.0874021879903
0.0926387516828
0.0782934326867
0.0823805313183
0.0957737278521
0.0670220672804
0.105579504936
0.0689999769002
0.087580027498
0.0694241025174
0.0587937480767
0.076038132649
0.0654034118402
0.116111835521
0.0967556215006
0.0774430890819
0.0646117527751
0.100860136731
0.125804760588
0.0876053978009
0.0798008152326
0.0594296443591
0.113678238349
0.110241210996
0.13229225114
0.0826241982036
0.148059333212
0.0891946475297
0.0868250990105
0.135817214887
0.0924958257001
0.0446575989101
0.102074236719
0.071267519937
0.0897449923032
0.102699446116
0.0731396851692
0.112612281036
0.0656455596735
0.112068280892
0.0762754192459
0.0828280961955
0.142713993086
0.0926997932723
0.0705974897993
0.172073376672
0.15265014951
0.0878324697046
0.134301794329
0.060138307246
0.0644665459153
0.100402475682
0.0948595758242
0.0522999423681
0.191103127813
0.105432512404
0.0742127311773
0.0734374074795
0.121853599157
0.0754137985839
0.087114990045
0.0802098434903
0.124474230764
0.119912527035
0.106758109286
0.114704459148
0.100597576544
0.0569381413836
0.0745920785379
0.154725802313
0.0721282985337
0.0788880211284
0.0853555120257
0.065083271794
0.154534879947
0.0577400516828
0.06074071473
0.0850797067068
0.109176961679
0.075194079532
0.0667336685075
0.0667673426513
0.0673125838932
0.0545491659174
0.108345309006
0.113064064065
0.0792083594907
0.0551406263303
0.0739066435747
0.102273838209
0.0743665507737
0.0993106775306
0.0469864856134
0.103073919261
0.123116331336
0.0963142531553
0.139052988468
0.13549264882
0.081986479115
0.117351640944
0.0712886479473
0.0830101852376
0.0850208267719
0.0831658205652
0.0860188640754
0.0651741103839
0.1107414206
0.0703290613229
0.0785295062372
0.0788589163979
0.0664287585619
0.0601193720265
0.0755264207234
0.117472676694
0.0949662552889
0.0951386839933
0.0712145259343
0.0944548063642
0.116482283661
0.0898462928324
0.0898823508341
0.0572066325875
0.112321764387
0.108389283521
0.129470190616
0.074500204608
0.155377182366
0.083615629498
0.107619766646
0.128527901224
0.0810525259366
0.0420656397593
0.0928679962823
0.0665300782101
0.0866963156944
0.105718375952
0.0696772921308
0.126879104001
0.0655733630036
0.108337648063
0.0788178655975
0.0741427193859
0.153908106496
0.0877091936111
0.0734778434269
0.163791369256
0.143139044326
0.0811624022919
0.129067238582
0.0672391687234
0.0737198959539
0.105716902991
0.0963298794011
0.0551504443577
0.2
0.102597826928
0.0822595136804
0.0721028615601
0.12285020356
0.0716564125172
0.0724406681457
0.0687110232739
0.0843514873606
0.114560651435
0.0827696329209
0.11654203551
0.0869628173197
0.0725152600666
0.0752127549149
0.163462510395
0.0734950868154
0.0691409464422
0.0741992487821
0.0680231120192
0.147606100007
0.0535023877301
0.068873728754
0.0714401838394
0.120641787139
0.0854693936834
0.0722614647842
0.0667355534818
0.0727886887131
0.0473871808678
0.102513963619
0.114174346352
0.081083044516
0.0549564570899
0.0909137045391
0.101719325512
0.0745785975785
0.0949158682481
0.0515627881372
0.120580333691
0.107208620489
0.0928159506573
0.126149903886
0.135709170255
0.0688117278456
0.0965909287921
0.0938328105093
0.0914511541662
0.100715727524
0.0700950730111
0.0965298814852
0.0725340797537
0.104966113385
0.0720218942761
0.0697725652859
0.087110074094
0.0716201430365
0.0802796300431
0.0846207872984
0.094164437126
0.105536579774
0.103476710174
0.0652905721736
0.097615359199
0.121291424918
0.0737492017809
0.0784994233196
0.0472610374289
0.0771026683907
0.0912009572905
0.120200078956
0.0793361988729
0.152886226101
0.106556920641
0.108310458936
0.139263250468
0.0854935982678
0.0510914208539
0.105426785078
0.0713716182102
0.0865062278273
0.0950768526597
0.0720256154203
0.103781248577
0.0681733818082
0.0976401971144
0.0765922044145
0.0827540173625
0.114704156147
0.0930666342824
0.0644468797105
0.12371992092
0.139007699196
0.0843227971351
0.145035838924
0.0704319094401
0.0689038359101
0.110449805779
0.110930038283
0.0545157233754
0.2
0.108230031779
0.0856437339424
0.0699787579941
0.122024099634
0.0819874879285
0.0800150535943
0.0781453579013
0.102611757474
0.119912527035
0.102015744517
0.13283054372
0.106053319675
0.0705871634606
0.0689783381917
0.157559209829
0.0783621529914
0.0854252131308
0.0687600191303
0.0684535273044
0.141403579471
0.0537647180005
0.060868340072
0.0870014078691
0.0901576248557
0.0761991690793
0.0700312694544
0.0589292663262
0.0611812896278
0.0557073222166
0.105550059973
0.114591302224
0.076572872736
0.0596282202509
0.0915687342385
0.106321270101
0.0757080773641
0.102386320811
0.0550641562262
0.115107805232
0.124290635533
0.0829849226476
0.137828785305
0.123059150231
0.0743432226967
0.0991956071789
0.0830000563476
0.0877678814102
0.0762653185972
0.0855362133832
0.0882977514768
0.0714410112225
0.0964996419745
0.0691526103894
0.0927745777252
0.0802787255095
0.0640346567563
0.0744183703354
0.0734948465413
0.0975512759406
0.102915916185
0.0859770136333
0.0658731191873
0.0946319785125
0.119133291519
0.0859973789021
0.0889018216227
0.0559761272709
0.113866256274
0.12260477891
0.130916658229
0.0774396320263
0.156346704827
0.0891169602499
0.112324831105
0.144142002178
0.0857017637143
0.0484173203964
0.105210418799
0.071956874863
0.0852210035528
0.102082484272
0.0763619521447
0.117415764967
0.0654950304747
0.114301824887
0.0810069106846
0.0762224082855
0.154826414762
0.0983361065492
0.0704032424358
0.156767083674
0.168134749307
0.0832442323308
0.140264997229
0.0639621825989
0.0722443765785
0.103443565111
0.11227580292
0.0537973171007
0.2
0.117428999749
0.0837721025655
0.070648700961
0.121465444499
0.0782267909416
0.0905181982065
0.0856020146432
0.102611757474
0.109977257936
0.0870829587232
0.115088792021
0.101866368799
0.0788130808993
0.0686747285872
0.150501418174
0.074699820692
0.0799945632949
0.0834917222453
0.0657324706887
0.172730780018
0.0544050671953
0.0593665782833
0.0875925716128
0.130287656112
0.0776663199007
0.0738366693845
0.0608953858784
0.0769524328048
0.0667907189095
0.106278427639
0.115541507647
0.0820023494919
0.0598729819167
0.0883053071035
0.099111983398
0.0792177383854
0.104401720178
0.053498103135
0.0981612649182
0.127813653707
0.0906989956485
0.118666478009
0.123059150231
0.0839249582994
0.107558340962
0.0916054174152
0.0902553056066
0.0773592723763
0.0841666537255
0.0928883928861
0.0637108738895
0.105186067457
0.0681672891287
0.0884525594862
0.0922484772542
0.0658593666465
0.0785874885345
0.0750771368455
0.106319215148
0.097164952711
0.0819846698227
0.0681290692848
0.10144678101
0.107550959285
0.078480608034
0.0879411744952
0.0583855395577
0.114706372793
0.12260477891
0.12086899804
0.0818554807338
0.132186428854
0.0883820770784
0.10691018545
0.138949862543
0.0861016755355
0.048820295369
0.0966917905377
0.0701516908642
0.0895512728389
0.106123754828
0.0738286220459
0.139411846536
0.0636086639181
0.114231813106
0.0829421047177
0.0723549403406
0.14374253454
0.0964282193703
0.0704158387486
0.170414904258
0.15265014951
0.0869558413575
0.139774040646
0.0654637563144
0.0731727328806
0.109546651485
0.106674790879
0.0554516835382
0.2
0.117609129563
0.0847121502085
0.0683141196531
0.127500109321
0.076916448961
0.0803893339135
0.0796307088347
0.110107602069
0.119912527035
0.107509010318
0.113501102704
0.0948635892373
0.0843543665983
0.0759877100374
0.165482685189
0.0710607755348
0.077105017822
0.0778403508185
0.0673535376188
0.137507951532
0.0573275613821
0.0724234050159
0.078547303627
0.0972184605228
0.0780950470723
0.0786381400665
0.0615340818413
0.0614404147933
0.057176932817
0.112551397367
0.108445423784
0.0802393417645
0.0550824906266
0.0921369149878
0.102687663027
0.0780165870655
0.0950623686623
0.0553678572527
0.115107805232
0.125680145618
0.0884077163353
0.137066179101
0.117911849164
0.0806285390143
0.103105729335
0.0842233815233
0.0878925003216
0.0787918413511
0.0904390052255
0.0842109278122
0.0689238032479
0.0960854292137
0.0708931351834
0.0927745777252
0.0745445308302
0.0686167541461
0.0730492525331
0.0686507664559
0.0998689013953
0.104034404799
0.0801455707461
0.0686934776722
0.108577049619
0.125804760588
0.0838565399769
0.0879411744952
0.0615666491095
0.104558645912
0.12260477891
0.116159159006
0.0788548867676
0.150939127302
0.0801812456624
0.110822654976
0.138977896438
0.0915849642439
0.0467165359316
0.107472595345
0.0683592938543
0.0926554058751
0.103920683725
0.0763619521447
0.12453495347
0.0685297077633
0.115865746213
0.0790031015259
0.07673912404
0.154826414762
0.096588601578
0.071588862119
0.153762024558
0.157608416254
0.0906026399053
0.147626374984
0.0604538189194
0.0748432600391
0.109842520531
0.107754576791
0.0570004082132
0.2
0.112264011249
0.0827237658007
0.065174964059
0.116633964498
0.0725072187437
0.0716007728467
0.0813162955788
0.102611757474
0.119188307927
0.106758109286
0.126327707212
0.0908287354598
0.0995474882471
0.0759225189837
0.136675184778
0.0676538958596
0.0708060806058
0.0740465466248
0.0637976191099
0.162943103896
0.0534067862613
0.0580227750699
0.0843041335687
0.137418753302
0.0725843117259
0.0752838291984
0.0605758501022
0.0713199185613
0.0594994377869
0.104814188518
0.124692312325
0.0741437785631
0.0596150998719
0.0848950965561
0.100464853633
0.0834696621453
0.0973866685795
0.0593049051066
0.117168425696
0.128468460381
0.0847521470472
0.137066179101
0.117911849164
0.0821454388215
0.11687195435
0.0928372983572
0.0825218814691
0.0755193716703
0.0836746352491
0.0890559793954
0.0571314927136
0.109597759744
0.0717667268483
0.0681248595843
0.0748935602419
0.0568873858312
0.070753371624
0.0756763955464
0.111209278146
0.0828646492878
0.0837265962458
0.067846678231
0.113509149836
0.124980431084
0.0825004749362
0.0808574738498
0.0600450971779
0.11222031173
0.100543994523
0.129827684167
0.078336298978
0.134854721873
0.0888271874719
0.106898056048
0.143403807409
0.0816361568465
0.0434489478779
0.102391442465
0.0651764140698
0.0894556298041
0.103823422958
0.0709414893566
0.126865941015
0.0694714735266
0.117462509843
0.0814009396621
0.0750142984495
0.142932981618
0.0982994227068
0.0693650650324
0.163791369256
0.15265014951
0.0917728850467
0.14003750021
0.0672855498102
0.0711158604516
0.103277291991
0.10614025962
0.0535758800442
0.2
0.120217720415
0.0838222193158
0.0667558616853
0.125496317758
0.077811674109
0.0860831355348
0.0829755639006
0.114760942394
0.114560651435
0.101197588883
0.11173349682
0.111083810106
0.0743117805553
0.0868781265831
0.171523971198
0.0621632654721
0.0761423607799
0.0886992532233
0.0674078336518
0.155051289487
0.0494016633736
0.0611276078732
0.0797966494651
0.0905923454448
0.0748136105595
0.0800966187865
0.0612570206656
0.0712510182316
0.0637318375029
0.102647363734
0.107546907558
0.0774486195471
0.053774653091
0.0894981313099
0.10501799133
0.0754954025956
0.101041216863
0.0567491924592
0.104643459302
0.124610963542
0.0959367569293
0.151582028587
0.117911849164
0.0832984662489
0.128406934878
0.0888174886431
0.0843582043199
0.0842287696795
0.0805971124876
0.0884946697669
0.0722788000228
0.0958037932127
0.0684149764088
0.0961808575506
0.0809702532838
0.067696984002
0.0775113287763
0.0665852409876
0.104572486312
0.0937233862625
0.0815202755709
0.0703965588637
0.103710332687
0.125804760588
0.0838633295193
0.092138650028
0.0598171219222
0.113678238349
0.108602369413
0.13050631725
0.0771544952921
0.134762105901
0.0852340656467
0.0996387886106
0.146646132363
0.0834097642429
0.0510713641102
0.113705161965
0.0651898249498
0.0900433165229
0.10313303162
0.0722230801548
0.150140753176
0.0619163662229
0.109709652895
0.082250179911
0.0718104889291
0.147333684016
0.0967461450317
0.0747178784153
0.151160261867
0.15265014951
0.0770770484244
0.127580837933
0.0630565613161
0.0714135051947
0.103443565111
0.100688303982
0.0597541602527
0.174569722322
0.125842479011
0.0828314180352
0.0689695334556
0.13073409397
0.0795203417103
0.0842046848646
0.0788035222644
0.102611757474
0.119912527035
0.0942864469245
0.13283054372
0.0940912711979
0.0730597391699
0.0792193050557
0.118542152547
0.0720460167271
0.0822331159654
0.0731177214857
0.0617924836281
0.187709850155
0.0535436454067
0.0579953499581
0.0700983466939
0.126127176484
0.0741705680793
0.0714326040525
0.0627931506025
0.0666936723913
0.0580214220425
0.111658217069
0.124291365213
0.0746321011282
0.0561653609683
0.0859457051439
0.0989697371168
0.0872242190907
0.103510761244
0.0544180461353
0.0962872474385
0.123668741387
0.089862722034
0.132962186186
0.146482575759
0.0802682868252
0.104066481459
0.0846770285591
0.0822318908191
0.0765607554574
0.0929185851543
0.0851915536774
0.0649120587817
0.0936616594425
0.0653724946787
0.0840301483141
0.0955642212873
0.0729148589753
0.0792536294616
0.0678637440574
0.0758458700951
0.0812025533359
0.0792304609116
0.0747107367253
0.0882390885555
0.125804760588
0.0920385195987
0.0765363060521
0.0589340225351
0.114770902386
0.099701734679
0.121250150746
0.079286851848
0.153684417692
0.0850899815499
0.106188057541
0.130311733864
0.082389511634
0.0420435733638
0.110181069886
0.0577130850267
0.0843212051664
0.101384881207
0.0770045167668
0.135384588034
0.0677198048852
0.0922734517161
0.078882179775
0.076791856582
0.137973551403
0.111892627516
0.0690462374828
0.134625417156
0.148308436222
0.0781405790664
0.143548253593
0.0580463388956
0.0674317841066
0.105886977933
0.108258031683
0.0502573368617
0.174569722322
0.11113447721
0.0716555050086
0.06557643865
0.109238849403
0.08238688684
0.0880920572531
0.0755028326774
0.0951175810667
0.114560651435
0.105012500787
0.127274988164
0.0815395675096
0.0796663136771
0.0731561769748
0.131442678751
0.0677157904324
0.0652842299144
0.0758228898051
0.0640852280597
0.123668016675
0.056134278307
0.0567946427984
0.0783402657747
0.116326043604
0.0668553933309
0.0754714456006
0.0609993390803
0.0609035232132
0.0568186670564
0.106921647837
0.12608830505
0.0721013069115
0.0590955230962
0.084524357483
0.097726270839
0.0792517709852
0.0820125987521
0.0553747309219
0.0888495653951
0.117385718409
0.0765209533011
0.151582028587
0.0856178226095
0.0836713473393
0.0915519512336
0.0793067112618
0.0813313456659
0.0723316759621
0.0604384886293
0.0846470295253
0.067699559996
0.104146814528
0.0698642333594
0.0809058918067
0.0824430745886
0.0631303390013
0.0710871692136
0.0692952221352
0.0867613573032
0.096641970174
0.0729037037382
0.0691044022117
0.100356984172
0.113244343798
0.0828183659154
0.0807382159348
0.0593666621575
0.118396495954
0.105027170166
0.130702742228
0.0748412227119
0.134545944393
0.0823445589998
0.0992524449708
0.133146568335
0.0855629804632
0.0470549859363
0.0870282915302
0.0747904352513
0.0858799513293
0.103823422958
0.0740029085636
0.140380682272
0.0678455153929
0.1187083248
0.074471025375
0.0780589851762
0.134334731428
0.105730770274
0.0663324513509
0.168315006381
0.168134749307
0.083146994272
0.133121012021
0.0610075309043
0.0720369601776
0.109699897251
0.103599121026
0.0570564598573
0.2
0.106431723161
0.0781673276508
0.0700296896835
0.13164130597
0.0809944690557
0.0865762021506
0.0815385114793
0.102611757474
0.111579193702
0.106758109286
0.1219576264
0.10269792342
0.0818986259602
0.074357138633
0.130854529046
0.0722645110686
0.0684592116452
0.0825060721112
0.072072962646
0.129287386703
0.0548419018385
0.053175961952
0.0839740349531
0.0973328147263
0.0725150250362
0.0753611520201
0.0613655182114
0.0658451358651
0.0527430547113
0.109508353923
0.0979183388151
0.0778635072182
0.054467789125
0.0928300568484
0.100079153984
0.0814519618567
0.0955696711318
0.0571331561424
0.103476676776
0.121923008734
0.0883539422479
0.151582028587
0.135709170255
0.0867458802469
0.105767572284
0.0863717549003
0.08328942693
0.0797590991502
0.0777775894397
0.090048350936
0.0569164444573
0.0988911589669
0.0722710695949
0.0688046147543
0.0743417879222
0.067696984002
0.0722064365141
0.0796079079209
0.0924932570224
0.0856728723838
0.0956834577541
0.0670505149149
0.112031458379
0.125804760588
0.0831390413407
0.0879411744952
0.0600450971779
0.102741466218
0.110812533582
0.13050631725
0.0805134058273
0.140704751924
0.0862014988243
0.105813553629
0.151629023268
0.0766359224652
0.0473597382676
0.0999333894748
0.0696538624072
0.0895512728389
0.100814522632
0.0733786730112
0.149310891929
0.0640907675499
0.118529159734
0.0819802616476
0.0703540004693
0.130783891813
0.0960905918979
0.0668592650303
0.151160261867
0.100934591779
0.0841354725097
0.112739919181
0.0593207338753
0.0664657885435
0.107827022052
0.10223800261
0.0555959789247
0.174165917446
0.0860812877495
0.0809509500875
0.0688801791289
0.113811472362
0.0588691647412
0.0851229011988
0.0662114132398
0.0983249927913
0.106227318102
0.109768376408
0.111848717424
0.083744270167
0.0707999867118
0.083288914379
0.138289144465
0.0770794067686
0.0743607019569
0.0594704435375
0.0688650707082
0.160593028665
0.0575917050311
0.066597884317
0.0867209980271
0.0973649829235
0.0767887612707
0.0736366285695
0.0645168001378
0.0719487585332
0.0527500108176
0.0956039415943
0.119138281239
0.0849386245676
0.056144012039
0.0829992347392
0.0974374976603
0.0722168055647
0.0952978405861
0.0528374534873
0.111003866072
0.105721180156
0.087820593045
0.134765471718
0.144436721883
0.066091912255
0.102680196318
0.0742598966043
0.0861139782878
0.0931570390428
0.0796444413469
0.0924340405037
0.0638217193805
0.105994493335
0.0656683839546
0.0871885654444
0.0837810249892
0.0677721443471
0.0948507394808
0.0658837279929
0.0861807011817
0.0863740501116
0.0942546420453
0.0645671185225
0.105429571748
0.104743026067
0.0912603896145
0.0830988992027
0.052152341647
0.0862162456275
0.0916054685608
0.126258182707
0.0780176069883
0.155648144337
0.0855601651903
0.0971287114553
0.138437963098
0.0940845638518
0.0495572915332
0.0960370401248
0.0688546349721
0.09446899232
0.103823422958
0.0766122981682
0.11811513803
0.0736199331442
0.0982297831821
0.0819060622255
0.0754719472036
0.130085015561
0.0978498281499
0.0560934947423
0.133328096866
