0.217176976011
0.141520923867
0.188108210786
0.121776078086
0.125002919889
0.164795287482
0.160958081052
0.13010052434
0.256256805904
0.172508818895
0.153739741303
0.148935158033
0.184811087131
0.142913135361
0.153254944385
0.13697460467
0.16856547926
0.174397970361
0.14931874285
0.178034066019
0.172991013871
0.126476926191
0.147420988165
0.193352034741
0.135755316514
0.135321670925
0.15755407401
0.126752864095
0.193251439348
0.126077391973
0.120109465634
0.150415977114
0.199358282178
0.14013413194
0.137364218574
0.12191237665
0.133056783804
0.126602339314
0.182234790269
0.183022291064
0.161595023237
0.135648416462
0.166663036793
0.164418277296
0.150895419857
0.155162390445
0.125608305201
0.174383472247
0.201398294857
0.166373548792
0.20080026152
0.188208303661
0.164772816476
0.151037791945
0.147579435093
0.17087600792
0.134279965925
0.144282743297
0.160944200626
0.132952427858
0.184036947514
0.133360875793
0.147903971324
0.129003160431
0.119409487994
0.142536374023
0.14160989895
0.176958922294
0.169446348624
0.149565564388
0.130692903105
0.166697883111
0.179184540054
0.148348517611
0.131840171198
0.12323241301
0.199429122941
0.168654316295
0.198367151448
0.155137405062
0.203838744403
0.138905021818
0.149679486256
0.186289384764
0.161678468836
0.102493807137
0.165376707803
0.13954709975
0.157660696466
0.163232316039
0.139028211011
0.182343238542
0.150989110902
0.168973249627
0.135388196328
0.149266658203
0.213981089465
0.138547073606
0.147827618942
0.24601087868
0.207874895246
0.150467369422
0.190465732146
0.119414932945
0.131359434555
0.165260513914
0.155838522066
0.125476151804
0.244713243472
0.172508818895
0.148971921924
0.149782203472
0.179079793686
0.142880807612
0.150196452322
0.1479480234
0.185168778634
0.171054381428
0.161964980088
0.186229582324
0.17391539644
0.109870914622
0.145985707874
0.20186157251
0.134293773859
0.134837281523
0.157984600511
0.129907165828
0.206448273289
0.126708538421
0.123215152684
0.150267485207
0.189106014097
0.136301013773
0.13749655443
0.127810764786
0.131694755198
0.12186016486
0.189832988242
0.183076659362
0.154785431116
0.126402893478
0.155556456498
0.164608606843
0.144700764343
0.151985013012
0.111394402145
0.184704139418
0.197911788367
0.169760574655
0.199318003505
0.197801140402
0.149441203596
0.179459926176
0.136623099208
0.159080281325
0.144640484252
0.154175150757
0.148071467372
0.129278155495
0.187237372659
0.137690052414
0.134925223657
0.143216812247
0.125023071876
0.12736195511
0.150309485226
0.179325350224
0.166939919819
0.168599988978
0.137082134679
0.167415888624
0.170442778689
0.15433905679
0.143237231916
0.122691458301
0.188921400575
0.160536193573
0.196984486806
0.151917687281
0.213370997983
0.138215754353
0.172271135044
0.179737598403
0.153337138305
0.099188898912
0.153974873734
0.138544594441
0.150043729517
0.166430040522
0.133941819333
0.195420107153
0.151423236537
0.167670887403
0.140040128747
0.145794116478
0.227062671439
0.133750499025
0.149011670244
0.239166779607
0.202553260391
0.147448929537
0.181689148734
0.12855531573
0.137563614941
0.173960487639
0.15175258542
0.125895719751
0.256256805904
0.174657062947
0.156041658337
0.149818864222
0.179188607427
0.136974357423
0.133154199163
0.136925040968
0.147245164389
0.168151163404
0.143030455648
0.187214448599
0.163055547331
0.125424607311
0.146129924311
0.20560947358
0.13652382264
0.128524231437
0.147411546957
0.1339467094
0.200837851873
0.121140341205
0.12598241169
0.138935337689
0.195290104056
0.147842224439
0.137699530411
0.134010972705
0.136251101295
0.11235881797
0.180571708003
0.180040984311
0.155959192571
0.129141387317
0.169516256301
0.165250488958
0.149902069784
0.140852036437
0.116848493032
0.197171514045
0.183412574005
0.165396625643
0.190136400296
0.203985470572
0.123342511962
0.159461255859
0.152710924563
0.171965093343
0.163924665128
0.139379696266
0.160792827781
0.137840772172
0.177785718339
0.138731996435
0.129462526543
0.152032859928
0.134926587604
0.14431304895
0.158044399341
0.155053476848
0.174400136983
0.173269596795
0.128998591076
0.165389654782
0.171806096395
0.136809762248
0.12976211191
0.115827901916
0.158034250826
0.143734919965
0.199192927051
0.152629784372
0.212454623683
0.15671478112
0.173221857563
0.193424111208
0.160350387377
0.113567061051
0.160280963098
0.139964220071
0.154462897748
0.158719901893
0.138124398132
0.173571403084
0.158582836133
0.162661360178
0.135113174228
0.145335841921
0.194524394631
0.13841178791
0.140324117648
0.197659800537
0.187826690095
0.148493646989
0.200500261634
0.127684696855
0.137182725841
0.178358645518
0.172117704536
0.125652061291
0.256256805904
0.17421293199
0.160847262131
0.143428270531
0.178786595082
0.141235103951
0.139449291344
0.14430962278
0.16856547926
0.171054381428
0.156260376517
0.206516067652
0.184294168703
0.12385216252
0.142384085624
0.20033312397
0.142896786174
0.142214083847
0.142781088115
0.134354311643
0.196250575324
0.124442635061
0.120234655705
0.156741176009
0.161346385341
0.133628408053
0.140209713272
0.121300665244
0.128725707014
0.124035364626
0.182865039013
0.182878071212
0.150223348801
0.132680354253
0.175753649544
0.17045568841
0.149091622251
0.149159395428
0.121754769583
0.197981560831
0.197382772254
0.158523392132
0.202845405699
0.191195021584
0.157721340592
0.158626052359
0.145967272199
0.169104108059
0.134544577138
0.153523466344
0.148869584607
0.134908529446
0.176697842811
0.138315944549
0.150205341693
0.144432502976
0.123602990179
0.140209589676
0.147893477888
0.162925846116
0.1729880318
0.155275335281
0.128358596536
0.165191460968
0.173500823151
0.1467265271
0.14006228327
0.120050101651
0.194464884374
0.180423074526
0.192658909526
0.155288324264
0.210924316169
0.141603905927
0.178680836851
0.197604058338
0.155595355965
0.112761849193
0.165403257082
0.142245712248
0.147270096117
0.167944438055
0.142770766564
0.184978111026
0.153293730163
0.172581890681
0.139223698931
0.147858715346
0.23046193121
0.143022985886
0.147449686358
0.232193323671
0.217176976011
0.148202607402
0.188317059722
0.12066650526
0.141540668848
0.17039190444
0.167377719935
0.124278787622
0.247298933843
0.18113804316
0.160194366959
0.145586571611
0.18291670473
0.140987936847
0.1520012566
0.151700869789
0.16856547926
0.164342183858
0.151047913063
0.184708581372
0.17629004199
0.132668049837
0.140526619554
0.194800732605
0.135198930095
0.140039305431
0.15725134469
0.132277793788
0.214903084386
0.122968253849
0.120948058359
0.15727874027
0.196480676272
0.135575881284
0.144309226362
0.120888386305
0.142541491688
0.130630770515
0.186452466094
0.183120994196
0.158579982995
0.131191436114
0.169677071842
0.163118736661
0.152135424295
0.151110918391
0.120541283817
0.186038427918
0.202745063694
0.16545860203
0.181462424918
0.191195021584
0.164984521186
0.174023217383
0.154325032063
0.172252572958
0.137217536281
0.154889986829
0.155130208552
0.128952030014
0.182594356665
0.135690318267
0.143333560671
0.152440106067
0.126565626568
0.144291608236
0.14736935745
0.16979922218
0.16995177466
0.153248083976
0.132912319113
0.173256769858
0.164085840576
0.142619371703
0.141506775425
0.1252907519
0.198454705988
0.180423074526
0.179749349553
0.156108006456
0.18417015399
0.147472529935
0.174328319079
0.19433061778
0.158992628899
0.11160066354
0.157209097585
0.138780670636
0.157470020789
0.163966218933
0.137140673713
0.211643388839
0.149735541924
0.170580920286
0.142136895883
0.139992273713
0.216937618881
0.142770449814
0.153847989766
0.238773044557
0.207874895246
0.150167386047
0.19312477162
0.123663619306
0.141337545177
0.175746099557
0.163038094663
0.125199048835
0.256256805904
0.18598406381
0.158686842327
0.143952453695
0.185566046632
0.144775786851
0.139398068973
0.146104426398
0.174843988639
0.171054381428
0.163966167937
0.184988528458
0.172543238783
0.136819097421
0.146980798068
0.206728076115
0.132752561067
0.134878711393
0.153055298984
0.131639039578
0.195378109732
0.126899801545
0.130531278396
0.149735688063
0.174992929736
0.134282409804
0.148633523302
0.12321638024
0.127459265818
0.12423567739
0.189858589528
0.175944147654
0.157511869644
0.125832612663
0.175858161016
0.168014437082
0.150090136647
0.144063312199
0.122830463451
0.197981560831
0.198479303315
0.163904321578
0.203885080105
0.181256882334
0.15907344523
0.165258417945
0.150696542224
0.167185082792
0.136522647874
0.162570893754
0.148762351193
0.132680954869
0.175677346362
0.139484478203
0.150205341693
0.133511971818
0.129352129856
0.139271013619
0.140503999171
0.165941642029
0.175074431264
0.153478279325
0.131700246118
0.178480057601
0.179184540054
0.149910074228
0.141506775425
0.128819530867
0.188184908224
0.180423074526
0.181671307849
0.15496127288
0.207636153815
0.137336415399
0.174602561378
0.192495588085
0.160271267994
0.105906657892
0.166361279552
0.139460993061
0.156420359095
0.165983053666
0.142770766564
0.18876707507
0.15475731439
0.167993229121
0.137304110443
0.14677665421
0.23046193121
0.141040794735
0.147874687756
0.232508727117
0.221335901886
0.153630850979
0.195025286809
0.118892567302
0.145226238071
0.173485844418
0.166422531315
0.12773469305
0.256256805904
0.178999111056
0.158675576207
0.141426864291
0.173920005598
0.141493688229
0.130365352997
0.147289048249
0.16856547926
0.17240935283
0.161964980088
0.195705748491
0.165322779968
0.146905282054
0.1470218739
0.188242748602
0.132808394459
0.12981799307
0.145832328385
0.125831854699
0.210672729195
0.123340169693
0.122482460718
0.152614126934
0.21071046372
0.132858045776
0.142586943944
0.122795858515
0.13838722056
0.126222168014
0.183398180701
0.193845583398
0.152638357333
0.133757043055
0.170756645146
0.166560485087
0.15306904055
0.144450088802
0.125304909947
0.201153086647
0.200373375343
0.157427188641
0.203885080105
0.181256882334
0.166641037798
0.18416503631
0.151904182933
0.157128519659
0.132679095514
0.15477501233
0.151797947774
0.119226543676
0.189100868582
0.139100780556
0.129226075717
0.134790485042
0.116165609462
0.137694875258
0.151992004407
0.175060737762
0.152286859735
0.154939670026
0.130019195634
0.175205639676
0.176701948659
0.149979100642
0.135468779672
0.125297132503
0.194005267261
0.158095667496
0.196482882688
0.155885061873
0.190118385624
0.146565160177
0.170952739482
0.196471306033
0.155399407613
0.102918310837
0.157632877885
0.133615185358
0.157652810783
0.167616476918
0.137129117097
0.19372149392
0.159225624236
0.16953344028
0.141967759861
0.144641811855
0.217779420089
0.142276980052
0.145638411738
0.239166779607
0.207874895246
0.15317202194
0.192184419642
0.124131728354
0.13439773245
0.171683434696
0.165373446188
0.126469190471
0.256256805904
0.187331612846
0.158150245341
0.143822734434
0.181568031806
0.143325691895
0.148982198635
0.149280682249
0.181166211771
0.166050622129
0.158099490312
0.184139514405
0.183451859137
0.131526193529
0.155597822156
0.210342798796
0.12290320184
0.134607694996
0.160869991222
0.134177390379
0.20572218475
0.118928552284
0.122178859045
0.148704750862
0.164211761862
0.129937273003
0.14615670889
0.122150515322
0.14076116157
0.128524280686
0.180724440761
0.179974906031
0.155780978062
0.127732461785
0.175193519858
0.168605816012
0.152612715168
0.149820164198
0.121738378603
0.188394681491
0.200691051844
0.170371216509
0.213525352758
0.181256882334
0.159538677905
0.196436945359
0.151654485413
0.157173572383
0.143656770852
0.149330260981
0.151392579389
0.140275950656
0.17701514601
0.13746273206
0.152428709447
0.136007484479
0.129347024916
0.143189147614
0.140390678849
0.169577000759
0.16397748841
0.155568113754
0.134262666106
0.168316753042
0.179184540054
0.149706547111
0.144869736294
0.127608452061
0.199429122941
0.166693026072
0.196285998697
0.156435877141
0.202111273009
0.140170612795
0.164480944688
0.200327607471
0.157555112536
0.113526013691
0.169187894638
0.135841438187
0.160165853825
0.158339128101
0.136474707377
0.217858919168
0.148731415998
0.167615252369
0.143482536145
0.141861298489
0.22406383875
0.140337235211
0.154032398908
0.229148571986
0.207874895246
0.139992633916
0.183607746508
0.120069795299
0.135829179213
0.17039190444
0.160126656869
0.130266605472
0.217626620095
0.193386723195
0.156090890438
0.141945805652
0.18649090869
0.141525898492
0.145218140383
0.150895012855
0.16856547926
0.170140642971
0.157532697052
0.206516067652
0.179096081195
0.129650477229
0.147640239899
0.166753279609
0.136352964927
0.133672617006
0.144612070858
0.123613136873
0.228286542841
0.119551273789
0.120910340119
0.133457426229
0.204152575003
0.135048308108
0.138354429072
0.123365870035
0.133572240134
0.125178932942
0.189453875377
0.195073465435
0.149601359898
0.130396554893
0.168240519913
0.157750326267
0.159306188064
0.151001675227
0.120325589413
0.168668321302
0.195745535064
0.166771935099
0.197968608307
0.209918472331
0.151097113283
0.166751391435
0.147692324273
0.161558980973
0.140038006106
0.163681938624
0.150716227601
0.129184239554
0.176052711706
0.134091364497
0.141201420806
0.162097563671
0.133333328633
0.144547329106
0.13983662069
0.141713531815
0.152418273731
0.149164623069
0.14044969903
0.161283436705
0.179184540054
0.156407228406
0.129389437381
0.12443697591
0.202149920234
0.159592550292
0.182994270276
0.15304127836
0.210015878879
0.133793367698
0.16893563306
0.18042035748
0.155402847402
0.103848625324
0.165493341979
0.121396055315
0.155535381925
0.161748786898
0.140855765164
0.200262679111
0.153349878101
0.15609065685
0.138884647818
0.140223353326
0.205991003563
0.15382283548
0.145556328204
0.211979048711
0.204154860305
0.143859714187
0.197034633085
0.119575341492
0.136400646251
0.173032349542
0.16712562295
0.12154684879
0.222753446109
0.180881319693
0.148718817677
0.140828227495
0.164670617493
0.150467866622
0.148817423198
0.14709594548
0.159433979714
0.166050622129
0.164338376316
0.198695179389
0.153770486898
0.130856663393
0.144801483575
0.179361866012
0.132661893735
0.1260294502
0.152119793817
0.131674114965
0.174900553433
0.124383473456
0.120806380712
0.148262725078
0.190593100395
0.125181079438
0.143750012961
0.1205957061
0.125817929502
0.123016138768
0.185574851395
0.192567258952
0.15020246292
0.132745419744
0.1689140777
0.164855040397
0.152537948294
0.134297491856
0.121912996275
0.173139633526
0.193013407356
0.145890266634
0.213525352758
0.148412667885
0.163784795786
0.155853900237
0.14482644685
0.154718295291
0.132198331931
0.128405656571
0.149245369942
0.136999878931
0.187659542447
0.138982755672
0.139259224899
0.143433437965
0.126041110117
0.136206640511
0.142592603815
0.152839728966
0.166756974602
0.14629374768
0.137501464997
0.172616630952
0.169806055245
0.147116225485
0.131171168421
0.12774551707
0.200938820662
0.162438674758
0.196496216871
0.152578419201
0.189637192656
0.133434644505
0.162618152423
0.188838242669
0.153952184925
0.110536185921
0.145017363749
0.141390057007
0.153087331535
0.167616476918
0.1403604892
0.204609586479
0.156058989314
0.171649956752
0.136259277217
0.145298728821
0.212771545659
0.147798780075
0.136989110628
0.242314830787
0.217176976011
0.148044363754
0.189168835743
0.120226644855
0.138003528099
0.175555829466
0.161309179243
0.127403773578
0.253707466361
0.174421250359
0.154730430793
0.146248615864
0.188512751885
0.147329785318
0.149149288878
0.145108999725
0.16856547926
0.163254644742
0.161964980088
0.191415450994
0.180547592329
0.135154936625
0.145632455977
0.182994104459
0.132861278778
0.129864639911
0.155572074774
0.138597187496
0.180757208825
0.123173252438
0.116855380204
0.153805823354
0.164958913202
0.128043444316
0.145544092867
0.122526917964
0.131010455707
0.120884533742
0.188941600997
0.169516262227
0.152770402377
0.127443815197
0.176498811336
0.168025084365
0.152274156131
0.142591406926
0.122205970698
0.187178038391
0.192955335248
0.162989374816
0.213525352758
0.203985470572
0.169013478833
0.17550991083
0.149103557635
0.158634179997
0.137333502608
0.149880749318
0.154254130986
0.121432201605
0.180171783675
0.138993554227
0.129013134164
0.134846385766
0.129347024916
0.140468423901
0.15163469666
0.159393754867
0.155265601022
0.165452935581
0.130443889409
0.17486081187
0.179184540054
0.147927344198
0.141506775425
0.125297132503
0.184865312974
0.168583287558
0.196285998697
0.157786065491
0.196634295327
0.143416066153
0.16857856512
0.206417090614
0.15156121773
0.10977425811
0.159432909915
0.139484413835
0.157470020789
0.162588847924
0.139033764208
0.212245595241
0.154015922867
0.172731381831
0.140134643194
0.138818139006
0.206920108132
0.139583753885
0.144323767975
0.229148571986
0.15992585632
0.145014167058
0.170934540599
0.117639438133
0.131464703677
0.175625879525
0.162491908698
0.124517106873
0.220172234411
0.151770545912
0.157273101156
0.144891395958
0.171297670297
0.128129000389
0.150840628417
0.134720146576
0.151198383678
0.162769504998
0.169112555353
0.189238881655
0.154904136452
0.125428144627
0.15269016156
0.183301902653
0.136373172036
0.139026464419
0.133219274801
0.134276867391
0.207403615081
0.12460753498
0.12297413384
0.151091918835
0.168014121515
0.135921367289
0.142642405309
0.131754824574
0.139283008344
0.118682390888
0.173389726767
0.180831830778
0.161931281055
0.125066628204
0.163609236149
0.161499990725
0.145557202171
0.141516371511
0.120942004812
0.190675997414
0.178337780501
0.162344797033
0.202403533235
0.204652567853
0.128201221399
0.160347473207
0.130903806906
0.163468498596
0.157406117657
0.144131957944
0.154889090315
0.128894510644
0.181005046195
0.134902268466
0.142532633687
0.141366222542
0.13116059208
0.154963877547
0.139057948361
0.153649257405
0.160275400964
0.163709688797
0.130666831262
0.17293446413
0.167163923538
0.156521680762
0.138460770008
0.117954026829
0.165949118289
0.148016158175
0.191418362605
0.153628416202
0.204052900607
0.140734321479
0.158632865898
0.190211586192
0.167839725963
0.112431919502
0.156855604013
0.134485063861
0.163311675137
0.167616476918
0.139782427972
0.191602048936
0.163340304846
0.167769936555
0.140100191121
0.139158511977
0.211885656645
0.1423565293
0.133833640959
0.208776939351
