0.780173160436
0.761465076603
0.784797935332
0.084233050434
0.717124520806
0.194293697287
0.729096113455
0.690142096012
1.0
0.214100076344
0.707927202965
0.827142382884
0.83836197918
0.827705115697
0.858490239947
0.202847933169
0.206081383919
0.246788963453
0.693406202772
0.216605660703
0.212839074931
0.586792906618
0.601035666553
0.249675926444
0.801592941698
0.681022137695
0.827470651988
0.776905376896
0.134517847246
0.123332362877
0.66104868627
0.723338291238
0.569504070018
0.729576887681
0.744424016631
0.224839277649
0.176014707449
0.652508356564
0.196238170126
0.166793091315
0.796150384831
0.763770404299
0.128541112895
0.780450432051
0.909668171685
1.0
0.14632981452
0.570899712489
0.140626511848
0.950138926758
0.830163773712
0.680531275387
0.112272209533
0.128840259546
0.701719112188
0.828715229245
0.153767503404
0.775742103986
0.192590006595
0.201342724381
0.859688918405
0.7730822628
0.77595459957
0.204920079122
0.190745003509
0.600509351039
0.700333273924
0.893404617149
0.75279397714
0.527542464676
0.105152081638
0.666602505656
0.839850059479
0.111668823085
0.0616668917227
0.13882410837
0.955990593021
0.812729804955
0.209984700623
0.796492575624
0.773354081018
0.798750350007
0.168308425586
0.861368725702
0.671206372809
0.13143647705
0.146909939625
0.17795794438
0.208912618412
0.291786800648
0.14616728408
0.703945237413
0.78634320557
0.242323402969
0.24340271127
0.725265486896
0.816259619227
0.765881410874
0.592825050277
0.863174543555
0.728872757679
0.906337335242
0.813864995921
0.847527186434
0.12212802315
0.873062073696
0.736868103682
0.722630549293
0.846929712583
0.285758761141
0.680283903617
0.881635114631
0.796936216947
0.779902198907
0.804440397571
0.17045628648
0.91070248935
0.242143420053
0.816538357709
0.280085980642
0.142979430745
0.0946101763838
0.589480879038
0.236312296479
0.773996957596
0.762288211223
0.945214313235
0.810865363432
0.672626743353
0.816286966276
0.750322750636
0.761396334511
0.550237001219
0.672364410366
0.704139432629
0.740160354621
0.105622020552
0.145254768081
0.18837229009
0.282003592695
0.757155317343
0.156872174586
0.763248479826
0.815150017502
0.833683876636
0.850603567807
0.702737890384
0.65264315299
0.826090036925
0.958441662771
0.807635194674
0.767788153561
0.246452240472
0.762815118996
0.711169723438
0.81893515673
0.144126289147
0.727064920161
0.732366352246
0.167279280117
0.711099612886
0.867495931717
0.123114420603
0.32167220269
0.194734907018
0.161622102381
0.680034147137
0.885935632088
0.207546207601
0.560244128631
0.148074488419
0.760614520185
0.750970730141
0.685453547923
0.980812891024
0.244885851719
0.850270497558
0.135671277318
0.728311205775
0.682551873015
0.199762901628
0.769666078638
0.315301871566
0.849679238325
0.699016825654
0.152167422277
0.773548084106
0.639763595457
0.221921567002
0.0924420241409
0.166758187263
0.849956592987
0.109477734655
0.81078517755
0.155594696681
0.172635046435
0.893349401496
0.724841807546
0.638917939184
0.819545460116
0.247942156375
0.74329544571
0.817596783557
0.858109404698
0.864280496939
0.83108727213
0.716974033922
0.784359992395
1.0
0.0752011133007
0.756304206491
0.802176023443
0.809592969958
0.692070345284
0.658329421177
0.11055502546
0.67455932838
0.296665045272
0.684255814548
0.30518844226
0.225383292315
0.620869702812
0.286023557158
0.185999413518
0.75820374291
0.100667104585
0.77852143485
0.820040399426
0.133641810735
0.75235703028
0.737412846053
0.668330506514
0.165168051042
0.867469160244
0.7784402941
0.176578512086
0.673178493001
0.581412367846
0.183747923371
0.729079263014
0.240823133638
0.6570388619
0.117850055099
0.784143514756
0.837383036742
0.741093196009
0.696939967656
0.116674148999
0.6036216808
0.909405650893
0.823848916269
0.818889370853
0.450756448839
0.572736305138
0.804565629625
0.861468112765
0.758917572618
0.612837170608
0.781165851163
0.265479660944
0.687038250066
0.81846377489
0.674686049685
0.899747873139
0.208701681189
0.220437970201
0.748741492093
0.662347975266
0.817572123114
0.622254966477
0.173940171273
0.727246676602
0.654839964851
0.22831947017
0.894075586285
0.138281820208
0.566566203946
0.256870408505
0.205703813301
0.723337084908
0.778934118897
0.982516482123
0.158344197081
0.857042294602
0.612596134022
0.162446514045
0.759763681945
0.669769223032
0.220898017191
0.825938730832
0.123759516286
0.385030260856
0.179320810826
0.622323764463
0.741486778661
0.778529994663
0.91238710431
0.757997317442
0.681861168345
0.553529428355
0.54570753167
0.873260080249
0.267976756112
0.135446841599
0.805383948355
0.144129584852
0.751467917965
0.743092548663
1.0
0.170337227053
0.778183678947
0.728239938529
0.829063636004
0.8299288233
0.755493593991
0.238060277237
0.206081383919
0.242143420053
0.775912143018
0.172405799745
0.748859503006
0.595906847902
0.110707392892
0.324418555491
0.829467330926
0.806588306079
0.878349009269
0.887874327192
0.648036010971
0.746704898782
0.697639516865
0.720645272019
0.242894739186
0.677019619375
0.122629233423
0.730582544331
0.733392296214
0.146300984727
0.167652468778
0.380332414397
0.13318482836
0.755866781477
0.168396370422
0.802530957268
0.877307585855
0.88915159781
0.815167911604
0.121281681035
0.861464200907
0.897542868386
0.808365525424
0.702546866621
0.517701763877
0.146437380189
0.133009716984
0.778542985264
0.224321943224
0.674693037783
0.679518327686
0.126211194473
0.722319596465
0.799683213389
0.911888423745
0.169700918697
0.165366108236
0.5599970613
0.664976360838
0.775338619709
0.812812943843
0.567635821433
0.143756844846
0.828597447823
0.799325871119
0.184143769889
0.961359235688
0.128824810922
0.906973273844
0.978832502707
0.353818738455
0.0958248935789
0.864663508397
0.856183451954
0.842177242486
0.879939520967
0.667361747755
0.128662977562
0.82317885741
0.762242661012
0.0997449309192
0.858124770676
0.142281607158
0.693614423761
0.224290417181
0.944387646092
0.836406111255
0.16382991243
0.906564364667
0.806272303641
0.644456453932
0.773130033362
0.780173160436
0.848946783785
0.807850194256
0.164870145191
0.81842730448
0.921516118322
0.841385235716
0.779972461471
1.0
0.188614022964
0.153482854328
0.777852006159
0.821700321074
0.859160281221
0.867793350104
0.198891222967
0.210512760436
0.756185116963
0.703753774179
0.229484088222
0.18447648386
0.0852314059286
0.550651064742
0.261263261086
0.822485364849
0.668187799714
0.875060148066
0.116532358856
0.917475741748
0.809587037881
0.685694805037
0.814966038156
0.178047971835
0.765726605564
0.837064352408
0.725398347366
0.844511038593
0.784278612875
0.20486190635
0.389464676033
0.786912351009
0.780372577045
0.798089062915
0.728363276147
0.821415429153
0.904381577614
0.144538873594
0.676704141742
0.844466982594
0.950138926758
0.106134502918
0.702546866621
0.181889356238
0.280801100226
0.816857132618
0.781338196141
0.249492977783
0.719792074369
0.785235795495
0.0760613546228
0.77268050698
0.800777894397
0.867147621257
0.177140516961
0.202814407147
0.236724092563
0.667356846231
0.850188387401
0.657376989317
0.599840436421
0.164817815046
0.853857222171
0.762839665868
0.159387211761
0.982012085335
0.199592274231
0.95232314244
0.978832502707
0.694563250987
0.754606952335
0.0517729310429
0.799077688997
0.861674214062
0.96315968111
0.699478611101
0.08478143437
0.775921831816
0.763718715508
0.174130087124
0.237803379068
0.189759911585
0.862077909829
0.15544519856
0.832255125189
0.806350410184
0.147777581507
0.906564364667
0.832273363836
0.712467878254
0.803543156693
0.728872757679
0.872317037616
0.929717215315
0.173644600938
0.862730946797
0.973011585448
0.829505154739
0.771637872907
1.0
0.199734197552
0.750079278654
0.753983778158
0.827294111078
0.843446606435
0.726220826368
0.249425281152
0.25126870601
0.242143420053
0.800111178815
0.223513438321
0.257615396681
0.23896284415
0.627213098007
0.281316985849
0.78407294187
0.701988242047
0.917866981358
0.86079444528
0.142875465488
0.795580515326
0.788262475566
0.721041236835
0.279055914456
0.762673182793
0.924224586951
0.692079259862
0.723860472957
0.675221100948
0.601574689582
0.245075683735
0.765838140753
0.728778362591
0.850662891811
0.761084872623
0.82998145667
0.810974814376
0.832875838534
0.121281681035
0.256924919585
0.909556404952
0.830571933959
0.658643096705
0.564996726884
0.649050566731
0.702292437828
0.874993808571
0.0823711111875
0.77404272051
0.735695268559
0.619898518684
0.725472544189
0.774714969784
0.911888423745
0.25085037927
0.743846722576
0.189809944894
0.586160916101
0.804149112665
0.756498093595
0.6087174136
0.167012868647
0.889689797654
0.839850059479
0.646724608383
0.982012085335
0.193624302568
0.275456333263
0.978832502707
0.227525263208
0.199293154061
0.823433161419
0.817846523235
0.874545325165
0.833732635647
0.728624685333
0.130817929053
0.246497573023
0.704703322897
0.84859343969
0.868565667488
0.142281607158
0.678050121293
0.220765343355
0.893506682118
0.747100351108
0.200131829452
0.906564364667
0.78854230657
0.724256518695
0.822989463893
0.904043301502
0.864744289034
0.824903742744
0.182883172109
0.212084639828
0.920679077267
0.79220486098
0.819082755636
1.0
0.166700736839
0.158899176899
0.760937492164
0.75587605289
0.118303884736
0.14177603851
0.192162624879
0.206081383919
0.242461452475
0.816538357709
0.14758800573
0.193531788001
0.1656220518
0.130657462463
0.193632371197
0.698532864878
0.642377044072
0.873829761423
0.134847032067
0.252904757117
0.800082003709
0.690640985417
0.756134095972
0.745412254232
0.763389725307
0.853801992748
0.111782584795
0.121523320127
0.683947557187
0.184275189676
0.378483685111
0.212629698508
0.718623307749
0.181280358745
0.752628974659
0.923549517098
0.889265409204
0.934948938668
0.784117044621
0.836121179066
0.835368395901
0.830571933959
0.658643096705
0.143574177023
0.271666256257
0.801013612767
0.17340086996
0.269942185592
0.705794512918
0.781010613015
0.0655644676724
0.862637613842
0.842481931409
0.128637179042
0.26434197083
0.162171510762
0.200453309774
0.761722047863
0.841204665829
0.199148319313
0.190064000224
0.682039006578
0.831156049738
0.825290973977
0.215837971338
0.889093510287
0.113746951691
0.181926495602
0.170012992132
0.335219363477
0.0903060949374
0.156140702688
0.886396258698
0.864894965563
0.906196250363
0.630087122802
0.103267258584
0.155808387887
0.672018319996
0.939326575804
0.213164749315
0.153519676075
0.821391785443
0.201235999195
0.182731094364
0.179835786488
0.144218806892
0.913751721231
0.820176579761
0.644179855929
0.819545460116
0.728872757679
0.881852895882
0.870148794414
0.833684262985
0.824102899294
0.109279682793
0.740743101258
0.740713867839
1.0
0.209397747631
0.76358987271
0.745373060194
0.841905473976
0.85320767105
0.851566203364
0.122134563883
0.296306903285
0.233923152861
0.856948987845
0.160291050044
0.24393308687
0.0911619338253
0.668034618262
0.879872019029
0.668494693764
0.130101692944
0.829356680548
0.795490070664
0.117328043804
0.786190461973
0.734924860166
0.709662106449
0.501908829652
0.753172814697
0.961571407772
0.706306484432
0.190765040265
0.235485473155
0.20409679202
0.202089762407
0.12957208235
0.693518363493
0.834764214364
0.798311496641
0.900334769706
0.92015080973
0.906827436307
0.150821180455
0.80758973487
1.0
0.917418524523
0.658643096705
0.55815303198
0.85310689932
0.796112011199
0.211724392867
0.135093133813
0.668882928606
0.730106304965
0.62292474512
0.75627468144
0.764385272127
0.932221864419
0.126187192529
0.743095224086
0.203415313694
0.646026421558
0.801690837076
0.200916232695
0.550505901248
0.147557664364
0.709186380878
0.839850059479
0.608551079161
0.982012085335
0.191646745498
0.955990593021
0.186266864111
0.225160865827
0.737111807631
0.758102934238
0.804239920659
0.746419625841
0.943470379086
0.680516522513
0.0908551073697
0.204719354203
0.71593174762
0.123804035896
0.172711329546
0.145766544751
0.970422153664
0.120999753799
0.191919943582
0.161068186769
0.631148694397
0.851316723865
0.827092865154
0.682320833646
0.7955999258
0.728872757679
0.739553178343
0.775789241284
0.816567403842
0.211343762546
0.921516118322
0.808804432467
0.196534742221
0.872848611608
0.117015805802
0.696230410862
0.698323670072
0.822600036845
0.849770966635
0.280801356659
0.0916725178105
0.206081383919
0.295381742167
0.745028765329
0.172405799745
0.795220364851
0.149825446989
0.253826988363
0.364435294199
0.738442382709
0.740443522392
0.734452837244
0.133680507705
0.229889801143
0.680924596761
0.700885665462
0.681294739246
0.258367799351
0.831596416347
0.145359540108
0.151537109637
0.120356554261
0.701964405971
0.20965505366
0.265148286589
0.219701878149
0.744973816085
0.832605481516
0.713885061672
0.938066070783
0.934757538584
0.884507302323
0.219819742365
0.799288330793
0.883404941178
0.801173892649
0.927747879613
0.200398837391
0.065716302313
0.735520372198
0.796666470435
0.0854505766185
0.806276357873
0.679454725359
0.164087255454
0.750555389525
0.145948146938
0.1710455971
0.913718910129
0.795944480153
0.164038520633
0.649625781119
0.198131374748
0.633550294327
0.580978502843
0.135474823129
0.66121135978
0.839850059479
0.65017660115
0.157095004664
0.864794665201
0.95232314244
0.136488681496
0.39648466139
0.203212842448
0.274550134015
0.757518955195
0.338797017967
0.835661121815
0.144056527263
0.173748658461
0.819690875573
0.648845839534
0.18127770378
0.181750006589
0.134326006384
0.884174031448
0.172244852836
0.666341547642
0.170147848357
0.60505166108
0.68126113958
0.926858609729
0.698674396036
0.701301274204
0.0482033695244
0.783394209658
0.936734046017
0.219830612953
0.137075694966
0.153870342068
0.817051534742
0.758896798004
0.826088753494
0.182822533864
0.187661140824
0.718843286741
0.115681970907
0.883270234222
0.249166757653
0.210611700201
0.259569128466
0.233923152861
0.764633773351
0.166290750037
0.0991132271685
0.688624409351
0.102706682617
0.329688813063
0.723103104434
0.634783655101
0.921641143029
0.0963885522132
0.25948800239
0.171461864351
0.690162408249
0.714228049554
0.222831527746
0.701122341927
0.203045667391
0.113592361061
0.144167577332
0.161704496508
0.272339089663
0.230183217852
0.191628711983
0.735300077896
0.802986758795
0.821422970671
0.753538431084
0.681217325788
0.811520397476
0.593952152347
0.170200752682
0.75067959438
0.917418524523
0.119459904737
0.159546756895
0.155337365711
0.224280921028
0.174235492534
0.203787775151
0.144045771052
0.257496609095
0.196532560588
0.815214484034
0.127668404753
0.2926861617
0.226413749163
0.188827186031
0.160641002422
0.160303594282
0.66141126169
0.0960629995901
0.488166817276
0.256847300002
0.843702246268
0.785154221276
0.139788772591
0.130026092651
0.848010814219
1.0
0.152146232745
0.237363275915
0.159022580791
0.1142106162
0.133191164996
0.178088572471
0.807776689314
0.607480258454
0.132763659369
0.184116420412
0.124604048229
0.159382689686
0.213164749315
0.252244603643
0.763101975292
0.161734377496
0.88294999924
0.116101619235
0.162303386675
0.852512459625
0.820775026115
0.555471207871
0.855928657697
0.780173160436
0.880715369646
0.86172623747
0.153118585402
0.841438903872
0.955879751085
0.812998877681
0.15288863467
1.0
0.205633232402
0.132548208393
0.779085199863
0.830664930569
0.901601555772
0.816661534875
0.136329256365
0.206081383919
0.219710657284
0.816538357709
0.14675644049
0.29641339475
0.091495685039
0.590787895673
0.302417353111
0.740571960678
0.595038270543
0.830995624897
0.862244794073
0.241334624019
0.817075151854
0.662932309631
0.774921804174
0.548933049811
0.738653568503
0.881315353464
0.167947874822
0.160899104219
0.639165868235
0.194994795622
0.13844061737
0.764883091904
0.686198408465
0.852898822334
0.877386456518
0.855149167456
0.78253253121
0.857284680667
0.736570976875
0.749492157486
0.909556404952
0.917418524523
0.818889370853
0.587305929194
0.212700453649
0.747458354903
0.786931563777
0.209495601323
0.73389918682
0.769506875644
0.166204901232
0.768975200587
0.134478939191
0.155269101563
0.259339303465
0.743095224086
0.21496703447
0.646005822779
0.787655833724
0.159238448398
0.609728505746
0.151864951166
0.891120307225
0.839850059479
0.209948050967
0.982012085335
0.159603500875
0.229540095724
0.0698581134224
0.214371843171
0.740700186717
0.146453562268
0.832237105498
0.128115939931
0.947818811464
0.62966442119
0.0721232425767
0.799684689626
0.206915095964
0.174130087124
0.120801939496
0.0886686049831
0.216010649522
0.121355959289
0.922292901835
0.164909473047
0.143084159762
0.84022183126
0.820176579761
0.653909779762
0.7955999258
0.24903068404
0.775701755437
0.191150665444
0.752331430686
0.734542254927
0.908083945624
0.147459562221
0.807401440529
0.239929863702
0.240931077024
0.12948429208
0.736644457582
0.154069878268
0.534025680083
0.812015609279
0.200616485728
0.145997669524
0.202787431173
0.196864281022
0.166585836113
0.161820626724
0.149811379258
0.130952528906
0.15931429343
0.76466301023
0.119566221277
0.710055103729
0.829613216158
0.832070150071
0.721062162096
0.722024378023
0.633309897648
0.118334206104
0.799492639677
0.11295030296
0.716910528371
0.712956206529
0.171064974332
0.229714183777
0.218545778163
0.120660308633
0.599505128624
0.823624926467
0.774552830816
0.686439725011
0.218704181717
0.77059462448
0.356869196976
0.637064869766
0.905480194693
0.903540371704
0.817775170249
0.189093570175
0.713582357933
0.184694672773
0.175746176611
0.161139744212
0.592537179086
0.720746407302
0.158111841999
0.662591670996
0.761007449936
0.767554742536
0.674451255462
0.18062150014
0.27466139122
0.174448372556
0.666236550197
0.116225839529
0.207226246488
0.0800898135033
0.717930063049
0.661351465546
0.619609297261
0.237665707474
0.137833598739
0.612487253607
0.226364122082
0.724397257753
0.157513358653
0.226283660828
0.79144680139
0.733868424495
0.967043002772
0.698716794227
0.164978302952
0.180912905014
0.160832158657
1.0
0.213164749315
0.110770834215
0.291676772841
0.150416052137
0.516211501018
0.839007557583
0.678091943983
0.887252395631
0.788164976905
0.557075639049
0.733148650708
