0.217176976011
0.1390796219
0.185543668446
0.119269676023
0.122405353789
0.163382350805
0.158055725783
0.126980730282
0.256256805904
0.171094623983
0.150457653039
0.146718634575
0.183219069292
0.1403174495
0.151415339379
0.135386619968
0.164884938079
0.172672259479
0.145585980367
0.177266713858
0.171255567729
0.124067748306
0.143485160673
0.192374182405
0.134161487468
0.133569784468
0.155426378706
0.123386584347
0.188918479791
0.122628965165
0.117994072556
0.14750671683
0.197827485757
0.138848196098
0.134287228032
0.119473864085
0.130482509509
0.124029653332
0.18032441632
0.18161963326
0.159574263828
0.132346355554
0.163064037532
0.162611971387
0.147296412845
0.15274306386
0.122643392815
0.173025629064
0.199667076139
0.163791904789
0.19932177141
0.18349363355
0.162343756641
0.146792895
0.143434454147
0.167557292496
0.131882161478
0.143406549263
0.158497265175
0.130762789328
0.182255865424
0.130672536768
0.145613270277
0.124978404201
0.117790606432
0.141197523516
0.140230631743
0.17321373011
0.16781484496
0.14744385011
0.127156485633
0.164754622981
0.178538081093
0.146514984529
0.127560326542
0.12008991516
0.198827819876
0.167037168618
0.194566150083
0.152952167092
0.199843224109
0.136274285474
0.1474736151
0.183255067886
0.15927532558
0.100007656413
0.163348507705
0.136372514621
0.15423516905
0.160449345789
0.137170751332
0.180267976193
0.148702591027
0.166162862313
0.133128876611
0.145520576188
0.213417162291
0.135360417032
0.146164764799
0.24601087868
0.207874895246
0.147481047012
0.188764204852
0.117370218841
0.127545222417
0.163678136094
0.153009938919
0.122264527717
0.244713243472
0.171094623983
0.145572853134
0.147211911088
0.177345456269
0.140449301423
0.147382132296
0.146330788189
0.183379800464
0.169270808657
0.158110295721
0.184613028695
0.171165645495
0.106625030835
0.142977348844
0.200807922706
0.132527350309
0.131139348806
0.156169920434
0.127267557217
0.203652845713
0.123908459385
0.121331728293
0.147863642784
0.185667380417
0.133868574088
0.134015921637
0.125337960677
0.12921559361
0.119177468722
0.187897040371
0.180266145521
0.15137544089
0.123155447421
0.152833543993
0.1626406739
0.142073178231
0.149458818712
0.10858129536
0.183940352627
0.196196011591
0.16719090797
0.197033981908
0.192277125195
0.147312857952
0.174735340247
0.132764049984
0.15625962988
0.14188243609
0.153576874922
0.14536928699
0.127212353031
0.185119048143
0.134908699376
0.132207921399
0.140182884496
0.123579916925
0.125443136005
0.148578809396
0.174095361795
0.164518173558
0.167294226646
0.133695321024
0.165187885763
0.168335647895
0.15223464304
0.139597986615
0.119981769005
0.187624206766
0.159167837847
0.193476728326
0.149807367973
0.211079982504
0.13533730359
0.170532684362
0.177724456421
0.150360815599
0.0970066863304
0.151758463101
0.135748917309
0.146574588692
0.164360540895
0.131798366343
0.195049643145
0.148708702868
0.165251313043
0.137812423193
0.14202499533
0.22605968142
0.130736574826
0.147467807021
0.238774650732
0.201221588119
0.145220714813
0.178652275416
0.127023564183
0.133528800033
0.172031590951
0.148999993984
0.122971322653
0.256256805904
0.173161563373
0.15202750908
0.147631244474
0.177523916681
0.13490361748
0.130664887114
0.1352800676
0.142839588905
0.165903870796
0.140966773982
0.185826961194
0.160515439741
0.121952066465
0.142316301604
0.203197453097
0.134725961688
0.125717899902
0.145134034089
0.130698406179
0.195838006462
0.117374133415
0.123346727834
0.136119729197
0.192794525909
0.146982751924
0.135100049353
0.131406912062
0.133252122049
0.109369537389
0.179316133459
0.175318308473
0.1535373556
0.125839844896
0.166699324426
0.163107720878
0.147024369894
0.139191065146
0.114144695227
0.19594945518
0.18115902113
0.163087887848
0.187952249472
0.199749314211
0.121579181863
0.156261453724
0.149267772257
0.16906352897
0.161937777585
0.13843785453
0.158734927473
0.135465682593
0.175682003784
0.136091482096
0.127108136393
0.147301675077
0.133931833627
0.14276662631
0.156587566336
0.15025658505
0.173376384704
0.171108846344
0.126133706316
0.163353735219
0.171453482417
0.134859554005
0.127106285879
0.112382842839
0.157313305198
0.142135338625
0.19568712165
0.150255004321
0.208071408167
0.153791846969
0.171214356031
0.190997002052
0.157639887911
0.111086065474
0.158917517515
0.13680759369
0.151274870253
0.156303598156
0.135986387933
0.171862250364
0.155586038016
0.159063970047
0.133073106215
0.141490550844
0.193339171884
0.135105552447
0.13804506595
0.196152357204
0.187826690095
0.145392514925
0.197938925342
0.125582545358
0.133346193919
0.176751191365
0.169163100362
0.123283458055
0.256256805904
0.172280019055
0.157053794099
0.140936709623
0.17696375647
0.139006581195
0.137191365102
0.143366471974
0.164884938079
0.169270808657
0.15240569215
0.204580151722
0.181431576532
0.12079768562
0.139033317488
0.199174109185
0.141094625838
0.140969726435
0.140685927117
0.1311752285
0.192066963107
0.120985883118
0.118241417686
0.154353432867
0.160325854395
0.131381227571
0.137132418255
0.119107962527
0.126205292055
0.121483839746
0.180837371612
0.180695154052
0.147820724286
0.129471443982
0.17243349168
0.168770468165
0.14568585215
0.14721858523
0.119332987406
0.196759501966
0.195852941142
0.156357693422
0.200354999494
0.188037992018
0.156392533005
0.154273787902
0.142590161028
0.166691957159
0.131958511698
0.152231851906
0.146380348671
0.132080576567
0.174683516469
0.135425428378
0.147683712158
0.140779704208
0.122348671763
0.138669122583
0.14634467121
0.156281332427
0.172259733412
0.153540728204
0.125089586837
0.163621726553
0.172345461288
0.144701178861
0.136086878364
0.117596856925
0.193813472721
0.178644212082
0.190060857239
0.153171090315
0.207030926389
0.138869391595
0.17679190449
0.195116572545
0.153287625616
0.110946281776
0.16281340154
0.139316804559
0.143336115557
0.16569972734
0.141408037089
0.183302641398
0.150049890412
0.170047205626
0.136754112634
0.144047687702
0.229854342408
0.139827047407
0.145639135968
0.23142717703
0.217176976011
0.14543659556
0.185584440867
0.11868947778
0.137628251166
0.168543550307
0.164197720853
0.121535269673
0.247298933843
0.178805628618
0.156609544819
0.143061327394
0.181010508357
0.138584976347
0.149602434386
0.149928642298
0.164884938079
0.162719188542
0.15024609351
0.182292648636
0.173567105487
0.130075608168
0.137333616479
0.192607986712
0.13346244375
0.13823232674
0.155124187036
0.12932469942
0.210246048866
0.119389531542
0.11855584589
0.154222095211
0.195256039136
0.134311141136
0.14103921736
0.118606257134
0.140322704111
0.127608591078
0.184109923331
0.180938077036
0.156335405599
0.128009082639
0.166365947584
0.161171370787
0.149081671952
0.148582815275
0.117594930099
0.184680584735
0.201118499591
0.163316425947
0.178724376088
0.188037992018
0.16214362603
0.168952499245
0.150248476204
0.169113417927
0.134708884668
0.15336243178
0.152952737084
0.126445988081
0.180488076106
0.133644420025
0.140175880759
0.147419907798
0.125183989755
0.142614898576
0.145914253979
0.166949047697
0.168629414033
0.150768826191
0.129661255079
0.171533491357
0.162720412921
0.140124482658
0.137468333689
0.122587728523
0.197803294334
0.178644212082
0.176501784194
0.154236857424
0.179205248292
0.144699637727
0.172751633458
0.191569780644
0.156527781031
0.109033611998
0.155641008414
0.135144110623
0.153278580777
0.161909793837
0.135261750724
0.211344521187
0.146046486933
0.16835360124
0.139945076379
0.13692891079
0.216326697775
0.13959224855
0.152089880288
0.238341702795
0.207874895246
0.147583197753
0.190921183048
0.121813515196
0.137329267268
0.174255797107
0.160092998565
0.122321537597
0.256256805904
0.183621614668
0.155050249408
0.141326104172
0.183862018834
0.142078872436
0.137187700115
0.14526850942
0.172295231421
0.169270808657
0.16089393158
0.182280541403
0.170122467551
0.13422041491
0.143535077928
0.205569061331
0.130962539723
0.133349788398
0.150762281502
0.128617081511
0.190994140039
0.123679354566
0.128180672519
0.147179877018
0.173879623249
0.133208797309
0.146030160445
0.121106514451
0.124969402655
0.12152793677
0.187996114998
0.173933313822
0.154590990713
0.122775397444
0.172705066314
0.165928992759
0.14679015683
0.141613025908
0.12058357976
0.196759501966
0.196301887728
0.161519272652
0.202406589995
0.17679005221
0.155566513632
0.160159642714
0.147094856355
0.164418457881
0.134288487154
0.162142359912
0.14656868071
0.129926551584
0.173881809108
0.136723256352
0.147683712158
0.129810727484
0.127880914199
0.137728214787
0.138951572791
0.15979010017
0.174004063148
0.151469510137
0.128357612493
0.176693684336
0.178538081093
0.147682932948
0.137468333689
0.126087214392
0.187108172825
0.178644212082
0.178287706493
0.152847262224
0.204216617215
0.133973847883
0.172451377376
0.190297371694
0.157810206364
0.103407483785
0.164786495148
0.136348264937
0.151924381311
0.164050383028
0.141408037089
0.187323083933
0.151714491328
0.165361428224
0.134697235269
0.143119673931
0.229854342408
0.137592575332
0.146289153799
0.231744934523
0.221335901886
0.151296535248
0.193188938102
0.117142582883
0.141300898992
0.171195016607
0.163676871902
0.12504208756
0.256256805904
0.177427783375
0.155129494588
0.138648406829
0.17206856855
0.139556269548
0.128585499678
0.146233817316
0.164884938079
0.170987421635
0.158110295721
0.193422803222
0.162623904152
0.14491951091
0.143648146631
0.186234724679
0.130990803653
0.127007719806
0.143831230029
0.122485613437
0.206269033292
0.120005454724
0.120279341508
0.15009023465
0.208601140847
0.131401897479
0.139788249532
0.120275841529
0.136212085432
0.123323871241
0.180936875106
0.191662666238
0.150339104191
0.130637324224
0.167781155434
0.164598821798
0.149714118039
0.142241916463
0.122610654711
0.199407288269
0.198274588847
0.154562281671
0.202406589995
0.17679005221
0.16414890291
0.179434895777
0.148320422678
0.154185761984
0.130363714805
0.153546587646
0.149401746803
0.116684017567
0.186998850405
0.136498460754
0.12643911637
0.131392037317
0.114927639432
0.135673572105
0.150769276096
0.171315545578
0.150164390891
0.15285822269
0.126686213246
0.172892973794
0.176349334681
0.147799290871
0.13143662965
0.122300940708
0.193411083878
0.156394750813
0.193884830401
0.153684689192
0.187359654612
0.143791268976
0.168922414913
0.19509342338
0.152940231313
0.100312929101
0.155188851621
0.13064735035
0.153439036039
0.165532102682
0.135338494535
0.192437360528
0.15683356246
0.1667530288
0.139986385622
0.141141812225
0.216654641712
0.139079445526
0.143769601555
0.238774650732
0.207874895246
0.150679623352
0.189390234597
0.121953026687
0.130984968439
0.169868002519
0.16273436946
0.123800521291
0.256256805904
0.184266234512
0.154718555206
0.141823709472
0.180143215571
0.141269963282
0.146749979994
0.14767237361
0.178143346569
0.164698126032
0.156035808646
0.182509227682
0.181133381591
0.128810165592
0.152215037313
0.209055004592
0.121008187469
0.131097266687
0.158967117181
0.131213413259
0.203942779334
0.115618425175
0.120274227932
0.146185265759
0.162851053933
0.128753760513
0.143339534766
0.119452240577
0.138608227769
0.125717593762
0.178514701244
0.177973898635
0.153705208687
0.124536207648
0.172227342437
0.166935295868
0.149267027052
0.147562906024
0.119239027307
0.187283718886
0.198781071891
0.168444208575
0.212046862648
0.17679005221
0.1568199853
0.191848206317
0.148446446943
0.154011846416
0.14135752693
0.147986375143
0.149022737066
0.137505012815
0.175057171738
0.135223906344
0.150171860519
0.131653917915
0.128277165545
0.141696683019
0.138772591485
0.166985933047
0.161427477841
0.153770793955
0.131109382732
0.165592901521
0.178538081093
0.147373265655
0.14124799293
0.125280234546
0.198827819876
0.164789122072
0.193124513955
0.154476045698
0.198170228707
0.137550619398
0.163147658643
0.199412864128
0.155207488805
0.111222365051
0.167959954889
0.132931370312
0.15599733364
0.156123049139
0.134621785946
0.217113953471
0.144744855991
0.164604151466
0.141320810938
0.138440297397
0.22322102396
0.136745319889
0.15211647841
0.228756443112
0.207874895246
0.13710033752
0.182070944733
0.118072298421
0.131516191365
0.168543550307
0.15710408528
0.127488313835
0.217626620095
0.19180303135
0.152446289327
0.139447608643
0.18485237002
0.138962740625
0.14282442864
0.149300947581
0.164884938079
0.168407601656
0.154772477222
0.204580151722
0.177142877859
0.127338664337
0.143839356882
0.164576261118
0.134434782475
0.13251518107
0.142578672966
0.120156936886
0.223885610329
0.116042768506
0.117941803578
0.131421219295
0.202298758315
0.133728942802
0.135382268961
0.120619169135
0.131233616536
0.12256865366
0.188212976163
0.191824849141
0.147126414534
0.1274660145
0.165121028288
0.156083188454
0.155829624596
0.148582348642
0.117630422321
0.16805729187
0.193765407165
0.164711782235
0.196490118197
0.204835084697
0.150394477826
0.163556069721
0.144102487627
0.159653163577
0.137907041033
0.163219159503
0.1486478396
0.126823735543
0.174399385069
0.131592407433
0.138797582894
0.157399290135
0.132085036856
0.143050373912
0.138389475739
0.13831580386
0.150601509381
0.147222798896
0.137448582252
0.160128857688
0.178538081093
0.154934165473
0.126298223406
0.121789477466
0.201824214407
0.158224194565
0.18039621799
0.151113896563
0.206499050033
0.131320386821
0.166715652357
0.177708842524
0.152550752709
0.101442626311
0.163775575335
0.118175040291
0.151589931904
0.158746943406
0.13889070824
0.19915917736
0.150318722256
0.153452097405
0.136536797446
0.136045121098
0.20563435539
0.150830791738
0.143297237837
0.210546781024
0.204154860305
0.141118975143
0.19424044804
0.117602009745
0.132692489154
0.171049411232
0.164202773093
0.118597652467
0.222753446109
0.179467124781
0.14532308788
0.138459082915
0.162495246809
0.148830207747
0.14604007692
0.145233067988
0.156676625226
0.164698126032
0.162186655633
0.196426348455
0.151194100375
0.128227508293
0.141117910538
0.177506465641
0.130797980364
0.123398083252
0.149824083071
0.128368151392
0.171286533199
0.120714016611
0.118157846891
0.145641080152
0.190046603976
0.12311784645
0.140841431953
0.117855280311
0.123454219933
0.120053154959
0.183606746761
0.18907589873
0.147883787426
0.129591728796
0.16560050878
0.163316366995
0.149684511149
0.131709900766
0.119205426813
0.171098258728
0.191005989973
0.142912014323
0.212046862648
0.14461969083
0.161087156095
0.151753098717
0.141363756989
0.151565316579
0.129939674656
0.126764509946
0.146961018313
0.13512132285
0.185558200056
0.136473599662
0.136448491164
0.138727335559
0.124626975545
0.134331211519
0.140524621611
0.148166238455
0.165832180097
0.144599873617
0.134613143618
0.171057774826
0.168818844171
0.144630092759
0.127461928895
0.125047654341
0.200337517597
0.160404554219
0.194497715112
0.150366540184
0.185860427996
0.130643801192
0.160495006318
0.187304369687
0.1516560757
0.108289855071
0.143255738962
0.138084523263
0.149138640576
0.165532102682
0.138750269008
0.20393893943
0.152815149562
0.168518896157
0.133334721836
0.142419774101
0.21164812437
0.144701343603
0.135303096451
0.241986543118
0.217176976011
0.145125651223
0.186617823906
0.118331026159
0.13385822589
0.173719811479
0.158424319232
0.124975791802
0.253707466361
0.173007055446
0.151261657075
0.143705594339
0.186844923672
0.145359819379
0.14659605578
0.143535021533
0.164884938079
0.161482751163
0.158110295721
0.189132505725
0.177837607282
0.13241234897
0.141921991702
0.181140543914
0.130872285012
0.127411934247
0.153376406324
0.135359161921
0.176441023227
0.119801804039
0.1143070366
0.151136143897
0.163428116782
0.126790313445
0.142647373494
0.120244327985
0.128441031498
0.118090933987
0.186875573776
0.166484498014
0.15013421355
0.124694355639
0.172994200257
0.166383514923
0.149067716171
0.140598329496
0.119788579134
0.185820195208
0.190862913653
0.161043793809
0.212046862648
0.199749314211
0.166260597147
0.171566844029
0.145102666365
0.155848238794
0.135208499738
0.148862940386
0.151972034824
0.118417792566
0.178234164626
0.136452536803
0.126428382658
0.13047250748
0.128277165545
0.138361537693
0.150002113487
0.156354009113
0.153935844346
0.163320845694
0.127139134882
0.172251449523
0.178538081093
0.145399372142
0.137468333689
0.122300940708
0.184266401786
0.167214931832
0.193124513955
0.155796525424
0.192857530667
0.140524970365
0.166830085442
0.205320990445
0.149085252062
0.107164209346
0.157221658358
0.136463506278
0.153278580777
0.159881970976
0.137115329769
0.211692173843
0.150822169461
0.170007926674
0.137606252805
0.135753307429
0.205397607849
0.135924203147
0.142552148667
0.228756443112
0.158849093126
0.14196175976
0.167511614448
0.115366344406
0.128263597888
0.174264695994
0.159528991057
0.12152374693
0.220172234411
0.150484914174
0.153923912973
0.142220196546
0.169325150873
0.126361529925
0.1485908474
0.132837067109
0.148201227401
0.161834354451
0.166110836566
0.188253471042
0.15246113415
0.121964864749
0.1499729929
0.181803398555
0.134777240116
0.13692259745
0.130770530219
0.131385885398
0.203264027951
0.121475151845
0.120140626984
0.14916625883
0.167412975454
0.134855594067
0.139889213328
0.128922651711
0.136907020967
0.116078767892
0.171400214591
0.176443603948
0.159871585402
0.121661502037
0.160118892518
0.158669623672
0.142763974941
0.139911793948
0.118323401719
0.189453938549
0.176393118099
0.15911883105
0.199710671239
0.200416411492
0.124677758034
0.155759095579
0.128026708547
0.161111312429
0.154800909235
0.142925481388
0.152725400505
0.126704872114
0.179235463484
0.132373833832
0.14059291866
0.137512814449
0.129332975697
0.153373570677
0.137264255611
0.148892667187
0.158434311638
0.161871053231
0.127753636542
0.171220305465
0.165583080955
0.153806563588
0.135059489628
0.114581569172
0.165228172661
0.14710954948
0.187905601781
0.151154950923
0.199334701959
0.13776380914
0.156734168329
0.188192968005
0.165516155833
0.109975782433
0.156100182215
0.131212279996
0.15939678666
0.165532102682
0.137766024473
0.189382176342
0.160858561461
0.165276693617
0.13780447773
0.135482539939
0.210588962516
0.138919751558
0.131917762554
0.207518945231
