0.749737219959
0.732308393565
0.732458821125
0.799088281815
0.706649070418
0.816417556392
0.707060456669
0.675562938774
1.0
0.617616889334
0.724601194443
0.755427568058
0.826282085207
0.80126780135
0.774429164605
0.542076898241
0.825
0.761660629792
0.633333333333
0.788271128254
0.69485959787
0.519957243402
0.590258037037
0.875
0.763716436329
0.590207672775
0.721161102144
0.750558187436
0.613421838058
0.784087684808
0.585831579801
0.667155186779
0.457900323947
0.635630603112
0.666097411814
0.714645978764
0.724416076786
0.636860458658
0.605112754128
0.621149806797
0.743317145479
0.699946073822
0.78584269283
0.704534269476
0.909864814315
1.0
0.789620049828
0.542833712776
0.944258802085
0.825396825397
0.737336854687
0.623504273923
0.780067791955
0.475061371017
0.623553419476
0.789926147687
0.768018756655
0.750318934894
0.781706451601
0.576825407209
0.789714014967
0.763407622091
0.758254724988
0.509838644638
0.632807544101
0.604566735435
0.644473310391
0.833282249763
0.692307692308
0.483725314921
0.688010024045
0.626658029269
0.805888391866
0.576151040605
0.907945648149
0.88026139361
0.955990593021
0.755993357377
0.69777059323
0.783825694257
0.669642857143
0.740163293602
0.676498472994
0.817224612145
0.647857068289
0.667421026518
0.718635428077
0.684430753243
0.9375
0.897346897056
0.805646040201
0.62985886294
0.749356416962
0.683675157768
0.830851454765
0.635872990114
0.793918074266
0.761856852956
0.520865426046
0.781773616562
0.698436817202
0.786779193281
0.740867467612
0.775464064235
0.760126366821
0.849820531828
0.672362987843
0.693416921034
0.854292963242
0.617616889334
0.672653515591
0.789916947054
0.825329103065
0.741329548359
0.800825826198
0.586148131506
0.865167364882
0.761660629792
0.8
0.811231358373
0.724179390057
0.421422988795
0.561208393003
0.796623274547
0.723518405824
0.617883739672
0.787885130585
0.781023361289
0.637024407961
0.767662200449
0.634057760032
0.570671255748
0.473201892132
0.687198173346
0.66655763459
0.727215858855
0.836561327636
0.568823877673
0.534961058912
0.633931250321
0.743321627689
0.691280871522
0.701499149015
0.766909551497
0.689472324506
0.822151007501
0.660093631993
0.596162860461
0.819105101089
0.851948144686
0.760102045814
0.741559829479
0.468133349941
0.702394491008
0.655532135294
0.778996926975
0.692491923272
0.740146174548
0.688748014489
0.576902837558
0.703668859433
0.822229482597
0.699167702608
0.646996718077
0.754928288634
0.481842884891
0.618130007497
0.789763425168
0.684928580623
0.475771139033
0.746684846774
0.743131792865
0.668801342451
0.618749692598
0.947663291635
0.730658002008
0.698347476941
0.792124367067
0.696699509592
0.700452487353
0.792672576779
0.700965233745
0.764729110317
0.79523044555
0.625854965183
0.615328142814
0.773019534444
0.60116138255
0.869226293052
0.89010989011
0.767168979588
0.794650313491
0.811867298791
0.764536263022
0.795772946309
0.562664425775
0.835436161192
0.700991777908
0.592602774726
0.761302496394
0.789235482173
0.720110227467
0.776492121053
0.789938949819
0.808656293026
0.834698987158
0.701187260747
0.751513535372
1.0
0.58953228854
0.729528465823
0.747673787491
0.790665430106
0.689657680182
0.593225230722
0.51728418911
0.6
0.669993963125
0.629262535165
0.604595841008
0.588938528782
0.591788675456
0.604215560412
0.846814354211
0.655579526857
0.477185284972
0.675940373953
0.779197258923
0.812551695307
0.676421997133
0.659195460561
0.564019270416
0.554924259399
0.845308620545
0.729052571599
0.733535511045
0.668299780883
0.502845629515
0.493559751503
0.694326436359
0.709308704353
0.627676103894
0.893248636539
0.70846082981
0.705469279104
0.757413769672
0.635649053743
0.771911123951
0.501788261833
0.764272019901
0.708333333333
0.70300362442
0.370173518646
0.521446682757
0.749338838199
0.865726962275
0.75794777515
0.480120994664
0.74238215821
0.611730147029
0.597822776079
0.813017128851
0.61993205572
0.798517117966
0.855507030169
0.5150487798
0.693357935922
0.645781211652
0.792066840503
0.577860852852
0.624890296789
0.669138988905
0.589160597782
0.463163434172
0.813435499746
0.655518426595
0.546266933488
0.744858460328
0.593797383328
0.685782746731
0.787108615818
0.897249317411
0.935638474321
0.768798299783
0.606183071853
0.718210028518
0.771878907093
0.677347421832
0.747123179529
0.790758655041
0.828157252372
0.691499157626
0.900493676091
0.562665974897
0.755623708763
0.701024661707
0.699008700349
0.735530229979
0.613507377088
0.443363391055
0.611132215052
0.805537068829
0.97633238244
0.871410408813
0.791521011597
0.919134279308
0.736159620034
0.752128040536
1.0
0.687449280725
0.762693913326
0.700356512326
0.817410974242
0.779168610049
0.752867676317
0.603333711122
0.825
0.761660629792
0.759373785308
0.932304659956
0.738586649668
0.54798863448
0.53774844937
0.806682164362
0.759976596084
0.693097654414
0.704984029399
0.841141637631
0.625640332652
0.7520786073
0.666898454243
0.678098861251
0.333595294853
0.622057652414
0.808773715518
0.698887865653
0.754406599548
0.676727928899
0.561226125968
0.61476834375
0.690815698797
0.702050942047
0.856903795148
0.753609012407
0.817255270774
0.841240091396
0.760593039228
0.790378850173
0.850590235684
0.761904761905
0.693807089121
0.564114735531
0.455160159039
0.648093315754
0.668982060012
0.77184601684
0.666083951175
0.600824670859
0.653786464447
0.592944606619
0.667597964922
0.77574506531
0.835979903432
0.791873316643
0.747437340725
0.562856098758
0.633688444931
0.69966477222
0.721153846154
0.504334567782
0.731613828613
0.739264843938
0.77320900493
0.606302866139
0.961359235688
0.733456623851
0.879429969853
0.916704251414
0.69123368517
0.78711543197
0.810622039122
0.80471300306
0.805027576512
0.803404603427
0.658061898769
0.727255899496
0.82871487877
0.776613800496
0.812213510633
0.86016319454
0.849102862263
0.682374414247
0.83160269441
0.859706159726
0.829551191501
0.615278659572
0.859292671102
0.798088916217
0.592203795667
0.718457487083
0.749737219959
0.805046017739
0.766523010069
0.819083243557
0.831967345849
0.892753946154
0.772012384235
0.775062695383
0.9
0.645625042278
0.772858460467
0.712048470957
0.785637352973
0.836470826455
0.833609846106
0.670840193553
0.825
0.719661270291
0.590810781566
0.78700431956
0.741103504875
0.667929649686
0.491276564167
0.844602383637
0.709201502949
0.605039836298
0.739109473572
0.778110026521
0.904556120522
0.773141029457
0.548667766518
0.669419926739
0.623439622261
0.697419370954
0.783436847361
0.711561715725
0.809223334521
0.736235681866
0.542962111251
0.561299848155
0.775761617732
0.710160412113
0.806458654287
0.739420691166
0.747144423678
0.872377997072
0.827969687053
0.67446451969
0.808330695693
0.83551468812
0.68948353826
0.564114735531
0.506037773887
0.805270151396
0.743507807412
0.78510668221
0.701588090125
0.712125007723
0.731052381064
0.57984011971
0.718277943147
0.742960256044
0.858108562521
0.836163287519
0.685940384379
0.686640688306
0.654626365156
0.778740517723
0.622203774279
0.514965272091
0.702535979343
0.827857859309
0.69864676037
0.479009698154
0.977674653496
0.834136107067
0.915695329269
0.916704251414
0.622388976515
0.728704999954
0.675
0.704405726437
0.911475736467
0.904796391568
0.666119100127
0.70853610238
0.718155171799
0.727107726164
0.966666666667
0.885613060265
0.797432594906
0.844019843809
0.8370571816
0.760694499885
0.736699676852
0.550483862428
0.864846194345
0.76277612151
0.653928468444
0.713019918356
0.698436817202
0.804688330459
0.845197468469
0.849865504726
0.866226708581
0.925187665669
0.782085000507
0.737453730607
1.0
0.67642526168
0.765734777119
0.698646680519
0.817011822771
0.764802944303
0.703020840335
0.656051196392
0.808609409603
0.761660629792
0.738888888889
0.78700431956
0.663411710694
0.71023202579
0.566853167122
0.912237719917
0.699318586282
0.577592707441
0.750036751777
0.809185900711
0.664141436704
0.755061570104
0.623546546837
0.602709714846
0.404291035516
0.648813590125
0.883199606075
0.692733616077
0.731497101117
0.677826027864
0.568878195622
0.584601993435
0.718185117919
0.6727861914
0.867212858458
0.724991454404
0.770268790414
0.781026010711
0.751998491906
0.790378850173
0.835098570142
0.799356174616
0.737336854687
0.566665338027
0.48538225561
0.620005417315
0.68526890877
0.809216707195
0.734425207017
0.765012127091
0.692793504491
0.581602124104
0.654927208691
0.7684832599
0.835979903432
0.764723374358
0.707091787326
0.602632275935
0.54460350956
0.726097073489
0.665764718237
0.525093684113
0.734161578259
0.817758259273
0.805888391866
0.598354130976
0.977674653496
0.812397084727
0.838560669439
0.916704251414
0.563156187748
0.739698096069
0.807363338211
0.743057350595
0.854582234707
0.819087699
0.678425422393
0.680228001797
0.772229780424
0.665149130804
0.855101913628
0.86016319454
0.849102862263
0.65378747912
0.857188879119
0.906460685021
0.73113097766
0.638124444827
0.859292671102
0.792879971009
0.644896487009
0.755772563784
0.904043301502
0.855801796275
0.674725846388
0.780341495365
0.82183048133
0.891907856102
0.795715037613
0.793128938254
1.0
0.62547453285
0.741657986296
0.738473882914
0.74939622131
0.737767672028
0.602416413524
0.616074209663
0.825
0.776969032505
0.8
0.832356302269
0.691358965596
0.707182433466
0.577335356908
0.798783760429
0.687722184447
0.551433706442
0.751631603428
0.694011695749
0.885929974335
0.750008746114
0.644122166637
0.685936939808
0.725762776273
0.660955025393
0.828912660864
0.672165217441
0.776493325811
0.661000154227
0.549905031024
0.71577844476
0.640851924366
0.685594338504
0.824717709
0.760618150818
0.808743800097
0.854766529023
0.890336114666
0.698316231365
0.846358613368
0.805662418508
0.737336854687
0.566665338027
0.556962068522
0.889186235312
0.783670820291
0.758125744258
0.716969766156
0.65960561913
0.719891289259
0.491458664252
0.781483431738
0.830810975722
0.590597126034
0.645613734973
0.632305761778
0.599706382634
0.693595086825
0.797144403885
0.614611516731
0.501519804186
0.634449515246
0.686586326401
0.74997017362
0.514079085231
0.923399812325
0.892262723578
0.884280215569
0.803762039564
0.68295365335
0.814343202688
0.722163761491
0.823203991307
0.834479881345
0.827204591201
0.591621344056
0.66286375692
0.855303296205
0.652985575526
0.928571428571
0.904119238496
0.828378923314
0.808558277593
0.879908569687
0.873912613355
0.806783111334
0.629186394584
0.888619489379
0.815979718726
0.624313666607
0.761302496394
0.698436817202
0.859560475895
0.857432100978
0.81046944782
0.817162895527
0.871461818913
0.715587937217
0.723146217626
1.0
0.75144740858
0.718120143538
0.689764001771
0.852225598163
0.846261347979
0.835044785835
0.652877595647
0.837317276225
0.669993963125
0.774364877158
0.759245293244
0.798680649044
0.598080895477
0.644888464305
0.849139120381
0.625317008614
0.608560781583
0.726366498405
0.775163482812
0.640878679439
0.753242926196
0.593164319497
0.642940437467
0.414661909899
0.705202302711
0.920726850325
0.707002857473
0.789855887527
0.66241283707
0.544165303925
0.583130905357
0.674157765517
0.671243117841
0.814490468929
0.753830502498
0.869967911968
0.887695699595
0.896297204253
0.75633876239
0.812428318513
0.899006751612
0.855392410242
0.566665338027
0.504433780037
0.82288173596
0.729376964542
0.769013447222
0.715706198524
0.652423273619
0.723638871173
0.59798273274
0.671437505161
0.749762001433
0.947778926286
0.681743001022
0.707091787326
0.626130244674
0.608772772277
0.79278814329
0.755125333128
0.478233969837
0.73450162022
0.683222891804
0.805888391866
0.522394433174
0.953129376943
0.82419953876
0.955990593021
0.837627835251
0.650773109898
0.714948681839
0.679511583953
0.720929329536
0.741770078061
0.830469908993
0.649811809422
0.770819974204
0.772479658151
0.674559836079
0.979772465836
0.871332694525
0.828291932503
0.89577429569
0.776444466623
0.872357165828
0.886218028718
0.540222491801
0.838193915158
0.837026643438
0.582082362697
0.723941840053
0.698436817202
0.723618118196
0.711357129258
0.808592744337
0.803777709067
0.892753946154
0.761364802137
0.792526701007
0.872848611608
0.789502046868
0.710267929785
0.649367441346
0.796768749743
0.802374611157
0.808928303592
0.589725431103
0.825
0.761660629792
0.661864877158
0.932304659956
0.739432953198
0.6925109894
0.614380345718
0.623795459618
0.656223518151
0.678901521881
0.676948174524
0.683849519075
0.894250595344
0.626312711501
0.64053203771
0.528661115445
0.660734001031
0.749033717109
0.693356780491
0.718278400279
0.722251970141
0.657616942315
0.505880496895
0.687988321138
0.703618042652
0.711008429564
0.767725109947
0.656792477983
0.862660219192
0.933333333333
0.844722694472
0.620267677808
0.760207884108
0.727184375185
0.709572037894
0.74181740959
0.487508441541
0.606088604454
0.704813632169
0.779203736022
0.696818947277
0.777449259162
0.629448932746
0.587491616165
0.632576517593
0.680224954349
0.798530688423
0.892591319363
0.76849000414
0.588914767512
0.592974801785
0.676786386555
0.568832564603
0.501056910091
0.719130917594
0.612720344831
0.805888391866
0.629886762073
0.820809108956
0.767081159894
0.915695329269
0.718459457038
0.681949716426
0.767836103731
0.9
0.685620328379
0.858640416545
0.784000261865
0.615410246917
0.672456169186
0.803829440753
0.616643160302
0.897619047619
0.852930026098
0.864873366223
0.826980287738
0.811466400249
0.616479571428
0.803753811731
0.538387051535
0.613589572878
0.835512199001
0.578867533613
0.643095806659
0.830112147588
0.755374352551
0.928705865589
0.75886693624
0.77580581403
0.882575443335
0.767773262965
0.739233784306
0.836424305804
0.66547564914
0.696364874683
0.698010949923
0.739517566612
0.863030505691
0.883768502714
0.709764411281
0.770216317276
0.669993963125
0.750085410848
0.857304659956
0.657734935537
0.605307834718
0.575095157208
0.762268552757
0.687485346374
0.555329231149
0.798896473802
0.796097267721
0.751215411831
0.748713479193
0.644122166637
0.63884178354
0.632517984212
0.652353073229
0.863074572183
0.691951284521
0.744976374321
0.64135352367
0.529146191579
0.721216056233
0.645735109105
0.697858513859
0.787692209475
0.802743454752
0.6874094651
0.672011965183
0.759841485176
0.56488897848
0.66172832823
0.690622436104
0.855392410242
0.454570488631
0.580316591359
0.620707315061
0.655912532361
0.758751001182
0.685519020574
0.569063343455
0.6785375795
0.608262309142
0.740277345816
0.766450752557
0.744449318577
0.862988551748
0.72261838828
0.639740574737
0.634354189023
0.644139986748
0.741758241758
0.420329897461
0.643767694652
0.827050242721
0.776618550572
0.51758794551
0.906679687891
0.825320278718
1.0
0.819756957469
0.707886073223
0.765869244839
0.714548315967
0.756262387365
0.779852742109
0.797958524253
0.577536029734
0.700551150803
0.711501037642
0.717920525815
0.918085974209
0.904119238496
0.839518794947
0.773729234069
0.88733024859
0.889831076629
0.705347278397
0.58686899016
0.839379910486
0.813113801592
0.479396382515
0.820637669153
0.749737219959
0.83443195966
0.785235222565
0.777709081733
0.836762760257
0.926008508864
0.752905287547
0.701712507637
0.9
0.617616889334
0.72389259625
0.716990712912
0.800664687717
0.872686599767
0.786816477811
0.713645525692
0.825
0.669993963125
0.8
0.82144707646
0.780835838246
0.702001168993
0.570188976492
0.772450229865
0.698755779902
0.52981089187
0.763808814821
0.849109363701
0.745777990983
0.770051374331
0.622483508664
0.679236653972
0.440578279267
0.661781113394
0.867228625687
0.676046964955
0.787512496317
0.619859438111
0.592768057903
0.568370344854
0.715577338732
0.679074460293
0.869056111253
0.78327864249
0.751948966387
0.763493362316
0.816227145945
0.722303226407
0.754115996804
0.809474037339
0.855392410242
0.70300362442
0.512396713075
0.805270151396
0.710732107902
0.762710786291
0.775522345382
0.692993693495
0.716115306207
0.456898333741
0.697633563617
0.8261065526
0.633640325929
0.704307903952
0.707091787326
0.620736017211
0.642734617777
0.758668391908
0.659672272216
0.525898669839
0.733566468537
0.762574853442
0.805888391866
0.580508014556
0.977674653496
0.892262723578
0.792886767505
0.850259858213
0.650773109898
0.750679508721
0.744711073323
0.771286247603
0.863977180306
0.847958486185
0.575251150537
0.695790166961
0.817956370494
0.65317165612
0.966666666667
0.866939374485
0.798273320453
0.838116032758
0.826494174045
0.932080283193
0.86620696534
0.550483862428
0.789846194345
0.828669191782
0.657444312637
0.723941840053
0.512805219925
0.738145560632
0.767125473312
0.68510661854
0.713331890105
0.882402635666
0.710686450761
0.782352431831
0.834542052658
0.504915287947
0.678789419123
0.68839722843
0.77947215574
0.447834282019
0.786816477811
0.626146678939
0.624883763287
0.578327296458
0.790624447867
0.655368455937
0.621707116406
0.59675395696
0.654788741267
0.779906557107
0.692678356055
0.496850815824
0.589112143937
0.769614521936
0.853442550958
0.666074384747
0.616326056553
0.606561484316
0.440434375124
0.736986146587
0.680736968225
0.717418628508
0.711385236969
0.574206228736
0.443643702317
0.578134805023
0.779378927702
0.535629615056
0.773173099516
0.704339763122
0.627155350621
0.65396378802
0.693306705956
0.771911123951
0.578534475711
0.810229291691
0.888888888889
0.699485941437
0.325517143875
0.668512404456
0.556619115792
0.775908245368
0.681676481385
0.549899650582
0.655153785414
0.560779071651
0.594613962478
0.735654594252
0.775255178948
0.62017261222
0.779760974341
0.639470079
0.656936433172
0.625161931944
0.645958154063
0.553909070475
0.61293497218
0.697622883564
0.579236342546
0.59136402265
0.892467880092
0.652334101223
0.584453339795
0.762771018715
0.654298892127
0.653787951225
0.808167319528
0.747054844104
0.75464763246
0.923569366112
0.660223852
0.763535191247
0.628139435592
0.661364157883
1.0
0.904119238496
0.848186941294
0.705620040364
0.879479096313
0.496247297849
0.829551191501
0.606620144014
0.878583655571
0.744804730626
0.504479889184
0.623823879601
