0.749737219959
0.702884071862
0.744710436587
0.421052631579
0.684865373404
0.125
0.665759264437
0.626093687297
1.0
0.0987050164005
0.650056997844
0.77758576467
0.815654715371
0.777593001039
0.838964928323
0.0757998051387
0.1
0.145664760546
0.666666666667
0.0833333333333
0.108122737
0.512935699848
0.52550857947
0.268285520404
0.761567462775
0.625644282605
0.795700495848
0.705991552887
0.111111111111
0.0122033998146
0.552538084331
0.664932772857
0.448906470269
0.639390789293
0.692503814204
0.0610502787781
0.0784211331926
0.590601353956
0.0565000625006
0.0507596558985
0.755545341848
0.717743034542
0.0488089278996
0.727876518873
0.901234233456
1.0
0.133538072797
0.520990714161
0.0253448350338
0.928571428571
0.75
0.582160295663
0.0
0.183174502285
0.635551969312
0.799854144051
0.0714285714286
0.744087592845
0.0571261362492
0.124732697103
0.823529411765
0.741252898932
0.733552721779
0.0608426294773
0.0625
0.526405363873
0.632238743132
0.859500071316
0.692307692308
0.392929943064
0.04
0.575406416827
0.787983464738
0.133333333333
0.0588235294118
0.0769464451351
0.955990593021
0.768576243593
0.0976403047747
0.74843186613
0.714285714286
0.752352716012
0.0
0.818493336121
0.611084821584
0.0384615384615
0.17983583303
0.0858175428649
0.285714285714
0.10818445436
0.0
0.653248180403
0.738643385843
0.295625499603
0.127680218116
0.642183658066
0.79621248221
0.711728263411
0.478635078035
0.844521448806
0.698436817202
0.88153338772
0.773036669494
0.796642919554
0.0555555555556
0.869717353317
0.700403504245
0.662196531381
0.8
0.0987050164005
0.607238722685
0.857745432286
0.780191466877
0.705882352941
0.786816477811
0.0
0.91070248935
0.33720689997
0.8
0.166666666667
0.133944550959
0.0842075907622
0.496470978525
0.111111111111
0.721486186014
0.719743302309
0.945214313235
0.772727272727
0.586841982985
0.77078510479
0.689255713927
0.719476890358
0.443039134775
0.602153869435
0.637914160852
0.673126717457
0.0322580645161
0.0442051788758
0.0557220730179
0.161919639186
0.719739010365
0.0638892376761
0.6875
0.800591780752
0.783178489775
0.824619091943
0.654625837532
0.583660804307
0.806435127692
0.958441662771
0.75
0.707160295663
0.151178920688
0.66664084915
0.653987111965
0.785714285714
0.0819513680636
0.6624868187
0.688692921612
0.0833333333333
0.638492076551
0.851986531191
0.230769230769
0.0833333333333
0.125
0.0921772016495
0.593052400145
0.848263914495
0.230769230769
0.426253779776
0.073266807599
0.688377485539
0.677800143351
0.611866848661
0.980812891024
0.0526315789474
0.825319745475
0.0
0.654109430358
0.61770581534
0.25
0.736531502289
0.142857142857
0.785714285714
0.637448707144
0.053808014153
0.738279719483
0.581391114086
0.0714285714286
0.0769230769231
0.0526315789474
0.80868043983
0.0588235294118
0.75696395101
0.0526315789474
0.0526315789474
0.858191458276
0.668900646199
0.537888359729
0.80357920847
0.849945903879
0.674183583486
0.754095066537
0.796642919554
0.836195308828
0.788885137267
0.668677893181
0.741396410395
1.0
0.0
0.703012081105
0.751985494853
0.763012182608
0.640750852915
0.602384517629
0.0588235294118
0.6
0.145664760546
0.654459893344
0.166666666667
0.0666666666667
0.556286714432
0.222885277922
0.111111111111
0.703938132997
0.0287686028639
0.728634551724
0.761116756201
0.156430449668
0.704322410674
0.669793834556
0.597089499148
0.333333333333
0.820571675758
0.743361346668
0.08
0.587921895149
0.495838891464
0.0325262267808
0.672483437744
0.0625
0.580915692779
0.111111111111
0.749848277257
0.780687903541
0.738045981051
0.634733229102
0.333333333333
0.490787204928
0.909405650893
0.75
0.773123233011
0.370173518646
0.467127125838
0.753869593451
0.833155974709
0.726521319399
0.534160041719
0.740197127971
0.0
0.627837605187
0.787699970349
0.594198671193
0.871109583236
0.375
0.1294774391
0.687339400422
0.597574493893
0.769230769231
0.520704675289
0.08
0.638657793639
0.533442416714
0.0277441898482
0.894075586285
0.0699609815078
0.531306658897
0.138834471038
0.0
0.683916245124
0.75
0.982516482123
0.262577983544
0.829607446919
0.546003800523
0.115384615385
0.710669664322
0.601470001971
0.0
0.791563362654
0.0734290341238
0.246756195731
0.176470588235
0.559052147012
0.662958781665
0.745600214642
0.91238710431
0.719994849554
0.623895305946
0.401878285232
0.282032930576
0.84367252199
0.181818181818
0.0
0.754864761995
0.0511346086376
0.694815615737
0.685310279634
1.0
0.192866204052
0.718480287781
0.640791379744
0.797780833289
0.777593001039
0.709893400888
0.0822361789739
0.1
0.33720689997
0.759373785308
0.0335382164273
0.712753511065
0.515076569524
0.0
0.396441365933
0.805951897873
0.75
0.859862669118
0.841291130532
0.562888663234
0.692896719277
0.646228280702
0.680752638783
0.162595271562
0.611476271443
0.0596470434566
0.677486589417
0.679914873006
0.0344951050583
0.0960264634491
0.381624611239
0.1875
0.710520294933
0.197907208532
0.769090717468
0.842311628928
0.846343131394
0.779878467045
0.333333333333
0.850074190598
0.857142857143
0.714285714286
0.606456566345
0.423906193415
0.0
0.117647058824
0.735604216935
0.112943284293
0.583350001373
0.606956341078
0.0
0.660698606595
0.768830474537
0.9
0.0833333333333
0.1875
0.494073114565
0.576625404315
0.7
0.75
0.467724095367
0.12
0.778123992341
0.727369352066
0.10789516744
0.961359235688
0.0336178630562
0.906973273844
0.978832502707
0.208751415886
0.0833333333333
0.864663508397
0.837473948207
0.830345940492
0.856964910322
0.609844829204
0.0935060923774
0.800575794623
0.727884301366
0.142857142857
0.846153846154
0.0
0.621463571785
0.0588235294118
0.916666666667
0.777777777778
0.0
0.906564364667
0.770919320069
0.567014590781
0.757163781717
0.749737219959
0.82109967013
0.727272727273
0.0
0.793968908368
0.908144146418
0.827038300685
0.73254549275
1.0
0.06777158111
0.122294606506
0.704870517719
0.78815134916
0.8125
0.852384517629
0.199655623733
0.1
0.7
0.663134470524
0.166666666667
0.133333333333
0.0253840613505
0.443950052523
0.111111111111
0.775533631037
0.599705477938
0.849750552564
0.0909090909091
0.875
0.757805524937
0.587912678168
0.775581512286
0.161900274911
0.696683000947
0.790815840042
0.683764312237
0.804865882174
0.731722099438
0.146396873684
0.270513500127
0.776600509815
0.737419559191
0.735499363369
0.676268803279
0.761904761905
0.902459996971
0.115384615385
0.632101825272
0.821294330003
0.928571428571
0.222222222222
0.606456566345
0.151178920688
0.0
0.760440190046
0.733333333333
0.0
0.630946502045
0.730525862568
0.0452441360349
0.725864205825
0.762124205469
0.833333333333
0.128577469368
0.25
0.1875
0.596000758291
0.8
0.574768453286
0.472883715407
0.0988795957088
0.81859005776
0.677800143351
0.0667879023348
0.982012085335
0.18220960303
0.95232314244
0.978832502707
0.611086253643
0.694116069794
0.125
0.730424740832
0.857142857143
0.96315968111
0.64033840717
0.0948938922157
0.746944507304
0.71397495149
0.142857142857
0.307692307692
0.0526315789474
0.823397329073
0.272867023416
0.784084684521
0.733333333333
0.0777759410754
0.906564364667
0.783913880662
0.659992872638
0.783937129317
0.698436817202
0.842729479357
0.888888888889
0.0
0.852998973174
0.973011585448
0.805594928291
0.701742747797
1.0
0.0987050164005
0.700181912402
0.694253564565
0.815654715371
0.785714285714
0.66812958301
0.0588235294118
0.2
0.33720689997
0.777777777778
0.0833333333333
0.0989490357024
0.221525365299
0.539082206635
0.450757974118
0.729914005682
0.62166117003
0.917866981358
0.8
0.0453193385573
0.751467504311
0.743328775049
0.642248178953
0.222222222222
0.679242508927
0.91013269561
0.640468746814
0.667123340457
0.638553937553
0.539222349791
0.16187076701
0.727046858944
0.667922776823
0.809018319643
0.71415566622
0.772727272727
0.778910871083
0.795732169253
0.333333333333
0.165628950571
0.887988906765
0.75
0.52246890933
0.508495696354
0.558036216747
0.636777331572
0.846153846154
0.0
0.703892244869
0.661490630157
0.541399363769
0.64868224928
0.74102136685
0.9
0.144175962811
0.695035874455
0.087477372151
0.48034147482
0.763437523045
0.666666666667
0.489998583093
0.0972611617183
0.864213544644
0.787983464738
0.571075725417
0.982012085335
0.129578024082
0.230769230769
0.978832502707
0.111111111111
0.10162478997
0.807363338211
0.79660875813
0.854582234707
0.778681669106
0.673910246485
0.0161808082961
0.111111111111
0.659193833342
0.835711569613
0.846153846154
0.0
0.627706817002
0.117647058824
0.876585381161
0.666666666667
0.023431574621
0.906564364667
0.750851222287
0.659992872638
0.78116524793
0.904043301502
0.824938017592
0.75
0.0526315789474
0.0810850597616
0.920679077267
0.756586163576
0.78202424671
1.0
0.151794391436
0.0403375827798
0.693115209519
0.713760053938
0.199542150798
0.0769230769231
0.280685679713
0.1
0.0
0.8
0.0
0.129328792777
0.0588235294118
0.0555555555556
0.222222222222
0.641418180606
0.584100747248
0.862354822069
0.136363636364
0.156430449668
0.752439895015
0.609391038668
0.701873482461
0.725762776273
0.679242508927
0.824696273819
0.0235812832329
0.0410665099061
0.621543951221
0.0774857592423
0.49273572235
0.0625
0.646713986134
0.0555555555556
0.69746626293
0.894736842105
0.877368702217
0.916666666667
0.731352112558
0.807498571616
0.790108511454
0.75
0.52246890933
0.0909090909091
0.181818181818
0.732551735497
0.133333333333
0.142857142857
0.607880658423
0.727639693172
0.0833333333333
0.822802921195
0.805531973302
0.0
0.0833333333333
0.125
0.155167750691
0.715183051767
0.8
0.384615384615
0.0758922787183
0.583356727153
0.786241567767
0.76870923426
0.0
0.888776213211
0.0769464451351
0.0309583536252
0.301535625966
0.200035592917
0.0833333333333
0.0742172316356
0.856423762256
0.843396252762
0.881454361976
0.527796570469
0.0769230769231
0.0555555555556
0.590274972899
0.928571428571
0.307692307692
0.0
0.74647425215
0.0588235294118
0.10953808758
0.0526315789474
0.023431574621
0.913751721231
0.789822809513
0.57132585903
0.80357920847
0.698436817202
0.85
0.818181818182
0.775594711676
0.793528430542
0.087656000015
0.708242757244
0.672262395797
1.0
0.178140230765
0.702833185603
0.696984102452
0.823669727746
0.823529411765
0.835044785835
0.144170049077
0.6
0.0
0.830242661708
0.0833333333333
0.301831806235
0.176470588235
0.5841839804
0.849139120381
0.60747239085
0.2
0.776615666767
0.745267122324
0.0
0.734038678602
0.650412678168
0.656641810449
0.414661909899
0.677146535217
0.952380952381
0.645769504299
0.0784211331926
0.0554183669269
0.110746802552
0.0524433214133
0.0625
0.634621854337
0.764705882353
0.748809094345
0.869565217391
0.902459996971
0.897243880739
0.0
0.772982898826
1.0
0.875
0.52246890933
0.504433780037
0.842442712941
0.716269114776
0.0954352695305
0.0
0.572122972634
0.666750001437
0.541399363769
0.68862499509
0.727295219746
0.923076923077
0.127188080788
0.695035874455
0.149492229413
0.584508012398
0.764232049958
0.0769230769231
0.419183910148
0.0
0.68212199828
0.787983464738
0.5
0.982012085335
0.0
0.955990593021
0.0359607535798
0.111111111111
0.690739317588
0.707271428042
0.752352716012
0.706072542993
0.916666666667
0.612797914841
0.0384615384615
0.0795293912754
0.681199645497
0.428571428571
0.190574282502
0.0526315789474
0.970422153664
0.0588235294118
0.15502598081
0.105263157895
0.529884087639
0.836828644308
0.797906547609
0.579717136562
0.7631051641
0.698436817202
0.682166057912
0.7
0.765417349075
0.148390597232
0.908144146418
0.778286663431
0.0887361737455
0.8
0.089944144377
0.648902711953
0.626457419506
0.801099315365
0.8
0.153846153846
0.202993578489
0.1
0.147108066094
0.705242661708
0.0335382164273
0.737807490538
0.0253840613505
0.0778346331758
0.111111111111
0.677838771186
0.702567359528
0.701358486867
0.0454545454545
0.111111111111
0.622344387361
0.623583890823
0.616694477449
0.333333333333
0.777777777778
0.0416666666667
0.04
0.0322580645161
0.643167387508
0.114181879706
0.159402389016
0.125
0.694881723752
0.770821983571
0.667709033254
0.928143164603
0.933333333333
0.860436525208
0.172202405173
0.733333333333
0.833333333333
0.72060195869
0.927747879613
0.0602698297788
0.0
0.656095900378
0.775157908516
0.0
0.762096568992
0.616653957482
0.0380539671216
0.687745729222
0.0458263013169
0.0494040064173
0.892591319363
0.756348105152
0.0625
0.568379152778
0.0353247508059
0.576526042185
0.469640370983
0.0988795957088
0.583104533392
0.787983464738
0.598011254985
0.117647058824
0.842330077306
0.95232314244
0.0904178738328
0.208751415886
0.14152094252
0.25
0.706300971148
0.271396415517
0.804531285053
0.0416666666667
0.0384615384615
0.778017636605
0.595962872214
0.428571428571
0.307692307692
0.157894736842
0.879513062755
0.176470588235
0.552775816035
0.189274571138
0.494666050526
0.635076226872
0.891338838947
0.59941979274
0.632734810603
0.0
0.745004713496
0.909090909091
0.157894736842
0.111111111111
0.0
0.784146408033
0.713217967898
0.8
0.0567079734134
0.0841867035582
0.640662114859
0.0230475294065
0.863030505691
0.153846153846
0.0872388157503
0.3
0.0
0.740797036388
0.0335382164273
0.0931334839488
0.614326325113
0.0
0.333333333333
0.65630430488
0.57896535761
0.921641143029
0.0
0.222222222222
0.0551574425014
0.609391038668
0.646317926905
0.222222222222
0.624530271832
0.141998765162
0.08
0.0645161290323
0.0488691284315
0.120485107542
0.222222222222
0.0625
0.684204728454
0.738960573739
0.796002289227
0.674550322833
0.629650432786
0.779878467045
0.523957219672
0.0548560461794
0.700035155144
0.875
0.111111111111
0.0602698297788
0.0493572393108
0.235294117647
0.0666666666667
0.0714285714286
0.0588235294118
0.08
0.244672019974
0.775604794628
0.0
0.153846153846
0.25
0.1875
0.0625
0.0181534574123
0.586743981666
0.153846153846
0.340710572405
0.0584538224621
0.821410524885
0.710623091127
0.0666666666667
0.0
0.813964251272
1.0
0.301535625966
0.111111111111
0.102842260018
0.375
0.0674118121707
0.0482922692583
0.75
0.554152732993
0.0608065703758
0.111111111111
0.162189883545
0.0499972838989
0.307692307692
0.0
0.740728812128
0.0588235294118
0.872247749091
0.0526315789474
0.0526315789474
0.836828644308
0.78422289226
0.469541165166
0.836502684608
0.749737219959
0.852868255991
0.8
0.288643975555
0.813688291407
0.955879751085
0.782789237275
0.037037037037
1.0
0.0987050164005
0.0639986529035
0.728966242794
0.806876368484
0.875
0.786816477811
0.0588235294118
0.1
0.141456968364
0.8
0.0833333333333
0.116517397074
0.143031120174
0.489431884883
0.222222222222
0.682743233009
0.523720715433
0.776323881442
0.81026466412
0.222222222222
0.777648484447
0.582895776117
0.727107667768
0.466494648636
0.658155154936
0.864678150156
0.0831646006219
0.0578069278289
0.577830014955
0.0849695481941
0.111111111111
0.724265227812
0.605050907804
0.809018319643
0.860181267632
0.8
0.753595414604
0.830716864251
0.679940531989
0.690697886435
0.887988906765
0.875
0.773123233011
0.563636384383
0.272727272727
0.670976638276
0.753344236329
0.0
0.641392244869
0.718677428175
0.166666666667
0.707505778691
0.0361406700866
0.0405751610399
0.0833333333333
0.695035874455
0.0254921279385
0.576868243584
0.764232049958
0.0769230769231
0.496739909053
0.08
0.846153846154
0.787983464738
0.102819163954
0.982012085335
0.0769464451351
0.461538461538
0.0833333333333
0.0976403047747
0.67493232752
0.449217231636
0.795048056938
0.148474237688
0.923076923077
0.552093304602
0.0
0.751665850143
0.116627421211
0.142857142857
0.0769230769231
0.0
0.0769230769231
0.0588235294118
0.906499687609
0.102859160346
0.0526315789474
0.823231031334
0.789822809513
0.579535834192
0.7631051641
0.333333333333
0.712485963372
0.181818181818
0.65254688275
0.695749524619
0.908083945624
0.0420031586001
0.77958706908
0.2
0.0710521694745
0.146688039691
0.655321241842
0.0408122340595
0.432038978504
0.786816477811
0.0588235294118
0.2
0.0641941293665
0.1
0.166666666667
0.102861975495
0.0842075907622
0.126216541662
0.0
0.718206197406
0.0287686028639
0.65572814581
0.75
0.777777777778
0.655411205831
0.625915897148
0.586027924672
0.111111111111
0.755047879966
0.0416666666667
0.654687561892
0.669317095265
0.0706380774654
0.0501954964265
0.160294749954
0.0
0.498482978273
0.75
0.733552721779
0.604789813508
0.133333333333
0.717656857546
0.222222222222
0.58871544618
0.866666666667
0.888888888889
0.773123233011
0.0
0.700346328478
0.0588235294118
0.162101936197
0.0280875289865
0.500849940745
0.653479509752
0.124732697103
0.57835284794
0.711918448366
0.733552721779
0.576947908237
0.0625
0.0277435721885
0.0769230769231
0.60312502095
0.0
0.104323265729
0.0
0.658341839345
0.542541054367
0.528770195824
0.176470588235
0.0526315789474
0.569329208476
0.0482489813788
0.654298892127
0.0223410576303
0.0707808175545
0.754893055202
0.710902216254
0.967043002772
0.66247439355
0.132972182795
0.0555555555556
0.0645161290323
1.0
0.307692307692
0.0734290341238
0.153846153846
0.176470588235
0.40965559766
0.777777777778
0.581743620111
0.879648353842
0.743479189135
0.468997148583
0.642066113755
