0.749737219959
0.687502669607
0.668181818182
0.769778084694
0.6575318976
0.767513236851
0.678473635866
0.599505694467
1.0
0.596040437187
0.705634249428
0.698577863111
0.769842351824
0.727941176471
0.774429164605
0.516242558231
0.825
0.72313335327
0.633333333333
0.726018541264
0.671992509035
0.42428765436
0.519615401641
0.875
0.719075236381
0.573610401892
0.669568870436
0.702712608968
0.48492307473
0.732594447783
0.540024941366
0.60693582296
0.457900323947
0.58165261116
0.656523847736
0.635916350172
0.705154612168
0.545709130339
0.561520967103
0.603579156678
0.731934549916
0.630699497732
0.734893123984
0.674779423114
0.901234233456
1.0
0.728851942922
0.476118512954
0.93167700142
0.825396825397
0.708333333333
0.549818057015
0.767059111311
0.418253721743
0.568787630577
0.758303744339
0.730223439444
0.700317734443
0.781706451601
0.543198379334
0.758343962619
0.723053876426
0.758254724988
0.483090553956
0.553971933
0.526405363873
0.561851041939
0.814154409404
0.692307692308
0.433692956151
0.634125189114
0.577165081504
0.696428571429
0.539591594358
0.907945648149
0.860367091085
0.923076923077
0.736552233443
0.608080691129
0.745799203573
0.669642857143
0.700194296331
0.599889186186
0.736607142857
0.53621395568
0.597850821844
0.652507065325
0.634308399688
0.9375
0.897346897056
0.797432035624
0.504599236127
0.738643385843
0.656764583994
0.821090568515
0.625284088117
0.687126378691
0.69979537094
0.448908317184
0.707692307692
0.698436817202
0.698076923077
0.656406395935
0.754714344841
0.740032772499
0.836583091094
0.6257887487
0.661930120321
0.854292963242
0.596040437187
0.637012771461
0.739066563117
0.77022480815
0.705882352941
0.786816477811
0.561571075985
0.820366723445
0.72313335327
0.8
0.768665712636
0.700578133573
0.333328288916
0.440640362041
0.796623274547
0.683333333333
0.579555902975
0.78035616811
0.772727272727
0.617004740342
0.737171545444
0.606005716647
0.516554618214
0.429190730929
0.597633855844
0.66655763459
0.6745169223
0.824377211531
0.516118452895
0.522974141052
0.490967379025
0.719739010365
0.635400006142
0.691489315205
0.737508559098
0.677963658075
0.791536414788
0.61875748824
0.503558490286
0.779703106529
0.825396825397
0.708333333333
0.667873612571
0.452956555856
0.663485473991
0.581076706342
0.778996926975
0.63850031266
0.680872951334
0.64207371295
0.546641109965
0.658955777064
0.795077639487
0.657234644761
0.616082283423
0.712793779637
0.389547793812
0.543148936627
0.768510269214
0.627403846154
0.391638434861
0.65085327127
0.704346004139
0.568181818182
0.591471287039
0.947663291635
0.711711047223
0.65811965812
0.757559189064
0.609359503948
0.664363789791
0.73849609069
0.68023020054
0.690476190476
0.75357369387
0.489170919918
0.584689677772
0.726296108155
0.56105091054
0.869226293052
0.89010989011
0.749801152977
0.77757734599
0.792068661317
0.749928541085
0.755852394606
0.54185911574
0.810425911441
0.644073490922
0.538728772642
0.671328671329
0.789235482173
0.687756824296
0.719818018058
0.768956566474
0.785774216425
0.807439445176
0.655747578233
0.737974883143
1.0
0.56555845282
0.711667502172
0.718741122224
0.7144782804
0.654390545491
0.579215882336
0.453922074925
0.6
0.631466686603
0.589013904009
0.470828750519
0.52625983891
0.501466067
0.541010465163
0.806740828
0.611894013715
0.405597654414
0.649924771365
0.725272316361
0.771874325171
0.61407976052
0.619411513748
0.472359606481
0.554924259399
0.815682064208
0.70124879939
0.702132553043
0.597614449953
0.471330940467
0.386577798266
0.621674909669
0.695579879562
0.531139802511
0.882901952984
0.694554005659
0.695881983552
0.699488691581
0.580452002754
0.708870469799
0.390756302521
0.719183521656
0.708333333333
0.644269360843
0.332997102506
0.424218953773
0.725895147238
0.819473117451
0.716111325949
0.425424168414
0.697618549853
0.580108933024
0.561189184804
0.793064516852
0.57319308431
0.798517117966
0.831739269242
0.439953152288
0.645262744065
0.645781211652
0.792066840503
0.532234092801
0.51348029508
0.536976921962
0.475105683876
0.357894736842
0.813435499746
0.625275028954
0.431965005428
0.721278564211
0.535940109552
0.620578585166
0.787108615818
0.886958172289
0.935638474321
0.736807207319
0.482580660311
0.698150118172
0.704994611123
0.633154708433
0.747123179529
0.761118617936
0.828157252372
0.664302357383
0.857843137255
0.532747751087
0.716209061887
0.647511306116
0.661226265919
0.681500108465
0.571359697009
0.356546244604
0.611132215052
0.759305269791
0.958333333333
0.851839152744
0.735988577286
0.905703467383
0.698457606548
0.706925999768
1.0
0.643227923116
0.752185065574
0.629038545557
0.787096771684
0.727941176471
0.709893400888
0.558958376664
0.825
0.72313335327
0.759373785308
0.919791261769
0.712753511065
0.470861743042
0.457374617936
0.806682164362
0.704192181937
0.693097654414
0.697455066923
0.803050624598
0.510445341821
0.70580976365
0.631172523675
0.627231015647
0.314288734684
0.537331737252
0.798940592753
0.637050399139
0.700897881123
0.615703090613
0.510355843343
0.505050505051
0.668803151805
0.64276379776
0.814587240157
0.737508559098
0.817255270774
0.810625498683
0.717223476969
0.708870469799
0.823342169435
0.761904761905
0.634920634921
0.505380471954
0.455160159039
0.559418894391
0.599951405516
0.741556135425
0.607947593247
0.523998057683
0.603205312735
0.562259427393
0.628731458692
0.725585143569
0.820855849363
0.75650700209
0.704127715921
0.495955790232
0.573676158196
0.69966477222
0.721153846154
0.464433273482
0.653266600579
0.699607319397
0.667582417582
0.568565649129
0.961359235688
0.725178372532
0.844070902088
0.897263127481
0.608080691129
0.734069676304
0.74916131961
0.773551968592
0.738062803964
0.772674243671
0.536060057162
0.695081875713
0.792671816198
0.736706763861
0.800446147525
0.846153846154
0.813059500283
0.557746915934
0.810541626297
0.859706159726
0.798900321492
0.593174905214
0.816942203151
0.761949597213
0.548297975439
0.628483662018
0.749737219959
0.734491372086
0.727272727273
0.773278217828
0.770533662261
0.879764641842
0.750305347476
0.760941797244
0.9
0.621651206558
0.744307061217
0.636881590009
0.754296279486
0.788602941176
0.81960049772
0.573432100715
0.825
0.7
0.590810781566
0.747720974576
0.732082675745
0.58919688127
0.444384459838
0.844602383637
0.67803513613
0.589628084764
0.702791862564
0.767731671851
0.859374325171
0.748609289251
0.488704992009
0.605133974748
0.574877168158
0.666617446405
0.755567139893
0.657991116249
0.794552252615
0.694031417899
0.510355843343
0.40404040404
0.752331743883
0.65691674561
0.762358239663
0.686531283998
0.727844332329
0.872377997072
0.788508108254
0.587229624065
0.772071137273
0.825396825397
0.606060606061
0.505380471954
0.471089821331
0.755244755245
0.706566902421
0.770348349766
0.671554304761
0.663574856313
0.705057126042
0.562259427393
0.680409312599
0.706871050283
0.825984054491
0.819255240485
0.649753975125
0.609199676432
0.575185181314
0.759612677364
0.538461538462
0.469732995021
0.630176249461
0.802409183753
0.585776642327
0.452083333333
0.977674653496
0.814241804542
0.88141025641
0.897263127481
0.52938891739
0.708171366667
0.675
0.651102173317
0.878347780467
0.904796391568
0.554380644844
0.678008218991
0.657958497032
0.659282410264
0.966666666667
0.852930026098
0.779114190171
0.844019843809
0.796519643718
0.743652157625
0.706048806844
0.504830948172
0.794386910248
0.716581332709
0.610493407191
0.619230769231
0.698436817202
0.758456531421
0.808080808081
0.822321280029
0.831396838155
0.912198361357
0.736549111988
0.700011662054
1.0
0.67642526168
0.747587014519
0.631484053198
0.769842351824
0.716386554622
0.689011491949
0.63087858506
0.775975351227
0.72313335327
0.738888888889
0.747720974576
0.619108349478
0.648693147542
0.493531133532
0.912237719917
0.668903208611
0.543097654414
0.718105272726
0.763636363636
0.623464066568
0.691856052146
0.586336979587
0.53618950239
0.387431322903
0.61652286584
0.883199606075
0.623770125532
0.685117468952
0.609096028645
0.534685823864
0.462317290549
0.68160643026
0.605320300026
0.835877195937
0.710041033474
0.751845975945
0.718731522958
0.734522002387
0.708870469799
0.799720197224
0.761904761905
0.708333333333
0.464416808293
0.447091455419
0.539806664337
0.602680138814
0.809216707195
0.696605009885
0.702724797708
0.667479829132
0.564021431787
0.578628372863
0.726809705407
0.820855849363
0.730569619161
0.669443489522
0.537092646821
0.469740123379
0.726097073489
0.665764718237
0.483329119262
0.626350548748
0.778100734733
0.696428571429
0.571075725417
0.977674653496
0.802666072997
0.807841244158
0.897263127481
0.479488686559
0.696647398687
0.75
0.72232231739
0.824145884978
0.766445530295
0.560702304959
0.625584422214
0.717065434313
0.618256626607
0.855101913628
0.846153846154
0.813059500283
0.537192730605
0.811222526526
0.891852963084
0.690713186989
0.593174905214
0.816942203151
0.755410378821
0.610493407191
0.721075613474
0.904043301502
0.824938017592
0.647727272727
0.761020217368
0.751230393936
0.86142517553
0.759505862823
0.762850747011
1.0
0.62547453285
0.700166275581
0.669453562911
0.683268286411
0.686274509804
0.546752207753
0.590239869654
0.825
0.754136652233
0.8
0.79932562313
0.651217386154
0.644756804994
0.486910651876
0.798783760429
0.636368469464
0.501815530097
0.713161797707
0.66830338109
0.844444444444
0.674001660948
0.589866059203
0.624158375593
0.62268815288
0.61652286584
0.819339096787
0.621023618134
0.751487725755
0.622455584316
0.501913769523
0.606060606061
0.619639341979
0.641490301472
0.772391320199
0.735029665163
0.799052291523
0.810625498683
0.88141025641
0.598808251053
0.823012603778
0.759432570888
0.708333333333
0.464416808293
0.522014115966
0.839160839161
0.720327197638
0.715628964947
0.679677332836
0.609537081452
0.702855865218
0.440448106189
0.753871374987
0.804098881184
0.508269882905
0.605847322903
0.588996136974
0.523743412827
0.628252212653
0.759612677364
0.614611516731
0.43871558286
0.567318858381
0.655674400953
0.649350649351
0.41292689601
0.923399812325
0.872368421053
0.855544316394
0.78432091563
0.556966940155
0.761297447022
0.722163761491
0.788983675509
0.802872902779
0.78379347409
0.460804828256
0.618949639675
0.842058250478
0.593641681519
0.928571428571
0.89010989011
0.811011096703
0.74647425215
0.844290254089
0.861882724701
0.767288839556
0.58423685497
0.830716122281
0.761949597213
0.57133033446
0.671328671329
0.698436817202
0.85
0.818181818182
0.789882333582
0.773578255041
0.845041702677
0.692232077483
0.694118060218
1.0
0.75144740858
0.699972380938
0.602740182657
0.796448649159
0.823529411765
0.835044785835
0.627043255637
0.837317276225
0.631466686603
0.774364877158
0.694791261769
0.777158683081
0.514705882353
0.573896047664
0.849139120381
0.586454543859
0.582394463715
0.687671616313
0.7396120371
0.552123399625
0.71105776789
0.541694122444
0.569656772683
0.414661909899
0.665474878985
0.892857142857
0.662619076133
0.776815689927
0.614228107178
0.501861630858
0.411510956906
0.650788252093
0.60776061157
0.770322928582
0.739201558919
0.860352118255
0.872377997072
0.863076923077
0.678344947176
0.764189074366
0.888888888889
0.826388888889
0.464416808293
0.467966351283
0.763636363636
0.690506461425
0.72738321768
0.652594410058
0.590509105268
0.689632981829
0.564021431787
0.651847139495
0.70752063238
0.947778926286
0.653243901567
0.669443489522
0.541943127626
0.513420123779
0.723249041001
0.646153846154
0.417558475788
0.659010429461
0.644460638067
0.696428571429
0.483333333333
0.953129376943
0.814931908541
0.923076923077
0.802774959783
0.608080691129
0.664973914875
0.654013436211
0.700194296331
0.664062066182
0.819049884346
0.529594650766
0.739546338684
0.708332791684
0.618134308485
0.966666666667
0.825552025261
0.782421726887
0.89577429569
0.725871284491
0.861739799731
0.867760550121
0.491276802133
0.781476543388
0.783659741132
0.53623835132
0.671328671329
0.698436817202
0.655671376803
0.668181818182
0.779072364464
0.791012956964
0.879764641842
0.730771913499
0.734079651357
0.8
0.789502046868
0.650052247177
0.556991114907
0.754429182294
0.752941176471
0.79261946054
0.492317338265
0.825
0.72313335327
0.661864877158
0.919791261769
0.725167042525
0.645170554034
0.551851594863
0.6062425446
0.597458984241
0.645405273687
0.619621865078
0.647078097114
0.871590926065
0.547257704209
0.621830537379
0.470243749161
0.590187686005
0.738888888889
0.668847297098
0.658271698405
0.690187916085
0.601609280566
0.428363405244
0.624570656963
0.692235447088
0.652346121148
0.721668196952
0.613484661433
0.853891711434
0.933333333333
0.8273428127
0.555796088047
0.707778648215
0.717066512462
0.68056851654
0.721581684144
0.459656503861
0.503496503497
0.646622930328
0.763776446077
0.65699324766
0.738104976036
0.58084382453
0.542603038536
0.624361080275
0.635840807252
0.781530234463
0.892591319363
0.731943489522
0.511045365981
0.530570451347
0.645326963079
0.480769230769
0.47050117334
0.635878859688
0.548826972105
0.696428571429
0.589173379831
0.776608152209
0.753663753379
0.88141025641
0.699018333105
0.578891528751
0.713838309841
0.9
0.630301341496
0.828571428571
0.714081935628
0.51207251411
0.620318067407
0.74131167364
0.536420539128
0.897619047619
0.852930026098
0.864873366223
0.811858211774
0.743257197556
0.561898995893
0.752048413248
0.473087839879
0.51879910034
0.797888698154
0.539477813466
0.608398856349
0.830112147588
0.699779076853
0.909090909091
0.74040137918
0.714872228415
0.858465478041
0.738383807189
0.70815663731
0.8
0.643899196993
0.656202759298
0.629003283637
0.69221065544
0.863030505691
0.857069880608
0.667269398004
0.733836849041
0.631466686603
0.729686892654
0.844791261769
0.622202866157
0.549777850439
0.51879781067
0.762268552757
0.631751505824
0.483717875683
0.791367511327
0.759986629834
0.713540991838
0.709821077293
0.589866059203
0.586444285476
0.524144197643
0.56795499442
0.853501008105
0.643317796706
0.712461256772
0.575007950836
0.486665934274
0.641187768183
0.599325275127
0.63945921535
0.733515269814
0.76088348129
0.658364356289
0.628990304788
0.717223476969
0.523957219672
0.575562982552
0.62908496732
0.826388888889
0.411235640306
0.546654349432
0.505341721228
0.571895424837
0.745480872094
0.625443510903
0.535573509225
0.62407272809
0.562259427393
0.691492110544
0.729377133201
0.727448864616
0.828834796551
0.675833331463
0.542412835146
0.536739911389
0.579143946569
0.741758241758
0.359750740676
0.538041777928
0.786838180923
0.699709325467
0.466040806534
0.906679687891
0.789473684211
1.0
0.78432091563
0.65425300904
0.714793496874
0.660371829878
0.726983247807
0.736607142857
0.75
0.41050882285
0.627238644928
0.639056326835
0.661223451426
0.918085974209
0.89010989011
0.79529378734
0.677590380378
0.866269180476
0.876197202821
0.666436118446
0.547228573839
0.781476543388
0.768296031889
0.435490562286
0.768655266605
0.749737219959
0.788903136792
0.763636363636
0.758387803736
0.79317811977
0.926008508864
0.731198250789
0.673418980804
0.9
0.596040437187
0.695341197
0.647740182657
0.742772514783
0.849264705882
0.786816477811
0.687811185682
0.825
0.631466686603
0.8
0.79932562313
0.769244785825
0.62908496732
0.512076386525
0.772450229865
0.668949979398
0.484764321081
0.736105651649
0.822603973947
0.691105094402
0.727519004177
0.587694262806
0.623875625757
0.440578279267
0.630979188845
0.85765506161
0.592068633834
0.761493217622
0.55238338543
0.55112885585
0.456349206349
0.678998651074
0.605688580939
0.835877195937
0.78327864249
0.731683870471
0.684625483944
0.781494700463
0.635068330783
0.706064625801
0.761904761905
0.826388888889
0.644269360843
0.471877347793
0.755244755245
0.661503668226
0.747705879236
0.751257009712
0.657195393487
0.707957825266
0.425347028262
0.628873470902
0.813691476216
0.538545911526
0.671205033531
0.669443489522
0.537301361575
0.574583638977
0.723249041001
0.557692307692
0.497501046352
0.642277791425
0.762574853442
0.696428571429
0.553229608998
0.977674653496
0.872368421053
0.761148585773
0.830818734279
0.608080691129
0.712653018038
0.690534587235
0.750551214398
0.863977180306
0.836538461538
0.426354730644
0.65981838815
0.782782435647
0.595887262029
0.966666666667
0.852930026098
0.762956176795
0.838116032758
0.815781142926
0.918446409384
0.83765390965
0.504830948172
0.719386910248
0.774639070268
0.597722727129
0.671328671329
0.512805219925
0.697309922174
0.69696969697
0.665289923159
0.676993527267
0.867181048817
0.67408161973
0.757227071041
0.834542052658
0.440196603399
0.652505158823
0.651273725044
0.714583319114
0.380937139248
0.786816477811
0.576482157767
0.572727272727
0.539800019937
0.790624447867
0.512363922261
0.55708517533
0.495894504978
0.596915787499
0.742996730333
0.664004349596
0.3875
0.559575583399
0.715909090909
0.81076321406
0.592500377857
0.555590728311
0.529386934312
0.422222222222
0.717295485968
0.680736968225
0.674399259896
0.672058170857
0.529284214973
0.343352477668
0.46414890778
0.755274005708
0.453268646487
0.740987516811
0.704339763122
0.595965669188
0.640092001925
0.676253577303
0.708870469799
0.472312288221
0.794444444444
0.888888888889
0.644269360843
0.251748251748
0.62338851486
0.448704195301
0.719908629414
0.626318081692
0.435628897834
0.607638197056
0.543198379334
0.535552178485
0.694677796024
0.758254724988
0.568266567381
0.748355263158
0.546376520814
0.599376381631
0.604274155775
0.645958154063
0.470808630025
0.511506247312
0.606027535053
0.446166252716
0.483333333333
0.892467880092
0.602903980227
0.48468484486
0.716990561918
0.609359503948
0.600538731226
0.808167319528
0.747054844104
0.70790658438
0.923569366112
0.566463726154
0.723434060657
0.551277468361
0.622660339035
1.0
0.89010989011
0.828157252372
0.622794931612
0.857843137255
0.415204442931
0.798900321492
0.573614181795
0.878583655571
0.708340746843
0.446282317911
0.551651139708
