0.749737219959
0.734951453616
0.771466659823
0.029166788198
0.70002515026
0.0805320501861
0.712582954128
0.680978082176
1.0
0.2237050164
0.685343139771
0.816990074448
0.836556704223
0.820184659318
0.838964928323
0.111260539864
0.1
0.178666492619
0.666666666667
0.110822782658
0.16298662744
0.534963427245
0.576056514256
0.191990717834
0.775321507529
0.661967045483
0.816527419221
0.752336840504
0.0377562148869
0.0200934955516
0.622486710376
0.694543686326
0.522325959993
0.70292846997
0.724303649323
0.0744410932597
0.134169959455
0.632037102744
0.171640513401
0.100029557805
0.778622536072
0.755661816706
0.053681057921
0.755439252744
0.901234233456
1.0
0.0686340400566
0.54701669279
0.142920838768
0.950138926758
0.830163773712
0.654228020871
0.231017165546
0.0697363850836
0.680192552419
0.811288970485
0.0918438976785
0.764359226592
0.143294908426
0.122515765237
0.838495460736
0.766966674454
0.757662673723
0.14544015769
0.100627682488
0.568557277503
0.694337292335
0.893404617149
0.737799343674
0.49647098527
0.0150671003988
0.632533912372
0.839850059479
0.10526585177
0.041893727374
0.0243148661877
0.955990593021
0.795083549736
0.0889254842258
0.778153704851
0.765654477039
0.7726685821
0.0403149697108
0.861368725702
0.664245753636
0.0501406003814
0.101147286208
0.097632691859
0.142857142857
0.177109932348
0.032425385269
0.686053210753
0.771996492345
0.147486272214
0.19450612608
0.695915358674
0.816259619227
0.750195905871
0.585365361843
0.844521448806
0.698436817202
0.906337335242
0.813864995921
0.836382378745
0.0555555555556
0.869717353317
0.720750732796
0.689133692607
0.846929712583
0.294757185875
0.665097413124
0.873477685804
0.789599623305
0.760494861317
0.797642824505
0.106077503592
0.91070248935
0.33720689997
0.8
0.201032270449
0.133944550959
0.0827271128483
0.56034158302
0.182603244687
0.750376641915
0.747676929428
0.945214313235
0.78443255363
0.656948637791
0.797548063692
0.721257603422
0.74512911766
0.508300903419
0.664691730239
0.681346423642
0.712337095939
0.0360945744727
0.0640973723015
0.126394297026
0.225420668504
0.739160370524
0.0694901639385
0.759303187434
0.800591780752
0.819697427133
0.843670736454
0.665207577835
0.65264315299
0.806435127692
0.958441662771
0.792418524523
0.741484899045
0.172614131539
0.762815118996
0.69062070369
0.785714285714
0.0958939328316
0.719094963549
0.724286106838
0.132561808825
0.702407181359
0.86173114084
0.118656318862
0.166666666667
0.109492381318
0.0990792458201
0.674065955782
0.885935632088
0.132513959521
0.549603271246
0.0856303236514
0.729307327889
0.734381883068
0.651140780519
0.980812891024
0.105263157895
0.825319745475
0.0705668214253
0.728311205775
0.668191929386
0.168985975689
0.736531502289
0.202468304162
0.849679238325
0.699016825654
0.0897230279381
0.755232480763
0.622639093411
0.142857142857
0.101497480907
0.10130574885
0.831283017538
0.094456491559
0.801242366014
0.0570575061298
0.0811082425662
0.893349401496
0.709052170632
0.615806498359
0.80357920847
0.256825110894
0.722316024277
0.817596783557
0.858109404698
0.851673055955
0.818996287017
0.706094086854
0.779666527578
1.0
0.0698920018572
0.745459029153
0.779326390728
0.809592969958
0.679525705673
0.602384517629
0.0642928152415
0.62951103432
0.178666492619
0.654459893344
0.242344642396
0.107404852715
0.590279462178
0.25874580783
0.145390707521
0.739041020735
0.0287686028639
0.76669335756
0.820040399426
0.230812885053
0.739196502156
0.723247934748
0.643930474121
0.0963295766464
0.856823973336
0.75433132904
0.112179480671
0.651472040767
0.541288971022
0.0939242276968
0.710605773645
0.165245196026
0.641258530992
0.0533788925672
0.749848277257
0.823346016374
0.738045981051
0.671381499728
0.0265472737959
0.585073477229
0.909405650893
0.823848916269
0.818889370853
0.402603626237
0.531007832715
0.798012940826
0.850890415828
0.751218361438
0.612837170608
0.772422038281
0.0
0.67902254818
0.806020061453
0.653096389334
0.899747873139
0.140840540728
0.1294774391
0.73878869347
0.658432931873
0.807520254528
0.616390513863
0.122753590252
0.727246676602
0.654839964851
0.12738708822
0.894075586285
0.0243148661877
0.565638428799
0.200171395656
0.101521920339
0.698108021319
0.778831583816
0.982516482123
0.357142857143
0.857042294602
0.575863534246
0.100809459
0.752556513954
0.656343782668
0.157405202942
0.791563362654
0.0122955032548
0.353923424582
0.380767076976
0.597449668891
0.727798956083
0.762296399597
0.91238710431
0.735578758897
0.658089981431
0.530896763164
0.508085839381
0.863825729352
0.236143595736
0.0658441074496
0.796189835894
0.11239077528
0.736541333455
0.71999264808
1.0
0.125
0.775634093736
0.711440579672
0.829063636004
0.82020928591
0.743012920654
0.225272053883
0.1
0.33720689997
0.759373785308
0.108114165669
0.728561386468
0.569112076307
0.0529264193329
0.389134007219
0.821183568031
0.796110367388
0.878349009269
0.887874327192
0.643917115662
0.719881808607
0.665367077752
0.700896017299
0.139751037247
0.648146735595
0.0884852837115
0.703073322873
0.707298463514
0.0573098812895
0.124611396266
0.423457458467
0.0404117474456
0.735706024735
0.0944833254631
0.787972720518
0.857723437795
0.875436785509
0.792248261203
0.0265472737959
0.850074190598
0.897542868386
0.808365525424
0.702546866621
0.46729579591
0.0806849387357
0.0383868885184
0.767612120283
0.0998464461437
0.665670622384
0.670774514804
0.0
0.698122350591
0.78723055142
0.9
0.0833333333333
0.0844182492504
0.53170203391
0.647827851573
0.759923782574
0.806429949048
0.551789879433
0.0747801621607
0.828597447823
0.799325871119
0.10789516744
0.961359235688
0.0989557545244
0.906973273844
0.978832502707
0.105685778624
0.0554173883638
0.864663508397
0.837473948207
0.830345940492
0.879939520967
0.6543173284
0.0485237705124
0.816480027828
0.744601067412
0.0188206412767
0.846153846154
0.0430430227485
0.693614423761
0.13884435395
0.944387646092
0.811435413651
0.0884251835018
0.906564364667
0.786503229413
0.618699820537
0.757163781717
0.749737219959
0.840067394705
0.807850194256
0.0662588501999
0.812329454766
0.908144146418
0.827038300685
0.757175518
1.0
0.152133832537
0.122735558374
0.758399978429
0.820440361568
0.836007921436
0.852384517629
0.0764497670253
0.1
0.735777492802
0.663134470524
0.167419622283
0.150240680083
0.0624544426356
0.511879284465
0.182549310185
0.811772108219
0.64743939699
0.875060148066
0.0272345301346
0.917475741748
0.787365127416
0.649069480032
0.814966038156
0.0507891637998
0.755677020021
0.820917207449
0.707218817904
0.837665917219
0.777396541487
0.122024092793
0.350468683257
0.776600509815
0.764704099809
0.787503523097
0.695444915921
0.794406181206
0.902459996971
0.0485237705124
0.673141216877
0.836217222639
0.950138926758
0.0339141417211
0.702546866621
0.0843989667468
0.209091247544
0.804583537421
0.748874580421
0.0476280227617
0.694620117405
0.779206235632
0.0452441360349
0.761715429207
0.796671646134
0.857240601469
0.108377708593
0.209241166653
0.12665637628
0.651904204573
0.833904545834
0.62769184594
0.568692759909
0.0744756648522
0.840881779143
0.762839665868
0.0714010924943
0.982012085335
0.194915915551
0.95232314244
0.978832502707
0.694563250987
0.737122978558
0.125
0.789365129686
0.857142857143
0.96315968111
0.690052412603
0.0136051250587
0.764956816164
0.754736669892
0.142857142857
0.253408891369
0.15389447298
0.862077909829
0.0588235294118
0.832255125189
0.791379506607
0.0710558508317
0.906564364667
0.819433651443
0.695317738908
0.783937129317
0.698436817202
0.862882686719
0.929717215315
0.105263157895
0.852998973174
0.973011585448
0.818676189967
0.765184674761
1.0
0.134437576281
0.741994014229
0.735491596376
0.820998113495
0.830191344816
0.696148279782
0.20649436033
0.177812727899
0.33720689997
0.777777777778
0.276243263275
0.222299768521
0.264643260243
0.607210800611
0.231939194977
0.76390277733
0.691510303355
0.917866981358
0.850319870619
0.0980647323826
0.78404922379
0.763332091684
0.706124057214
0.152323741944
0.762673182793
0.924224586951
0.672827582777
0.700527524209
0.648272219704
0.567070368227
0.147779702303
0.747416116842
0.706618402388
0.8362887104
0.731688954767
0.803751354788
0.799078107389
0.807756874143
0.0265472737959
0.243796712556
0.909556404952
0.830571933959
0.658643096705
0.556012521255
0.616233778792
0.670306245908
0.846153846154
0.0
0.765684736569
0.727348901718
0.58978666679
0.717095902977
0.767742832223
0.9
0.166601509239
0.727050045328
0.127099215412
0.561382560882
0.788734275529
0.756498093595
0.578546516926
0.100257261609
0.889689797654
0.839850059479
0.607731395151
0.982012085335
0.0769464451351
0.248771051294
0.978832502707
0.111111111111
0.120453481261
0.807363338211
0.79660875813
0.874545325165
0.833732635647
0.728624685333
0.0356951157474
0.159279271539
0.691569815375
0.835711569613
0.864258185034
0.0430430227485
0.65194441043
0.147205868198
0.893506682118
0.713153128312
0.130927850619
0.906564364667
0.765678730642
0.713825311309
0.806460953839
0.904043301502
0.85989445898
0.824903742744
0.0713120978112
0.21657109042
0.920679077267
0.776310782223
0.806661066969
1.0
0.0710521694745
0.0759707720004
0.737050993739
0.752276199242
0.0959960940498
0.0769230769231
0.139593221827
0.1
0.199459676176
0.8
0.0737746481602
0.203035973793
0.0976001159963
0.0612288400983
0.222222222222
0.668932900511
0.625451057036
0.862354822069
0.120608766863
0.154470903366
0.793146616329
0.66752789383
0.733129446678
0.725762776273
0.763389725307
0.838421045392
0.0259921907753
0.0691663166517
0.646894306827
0.0843792335217
0.49273572235
0.076909699091
0.700658678848
0.158475913628
0.716642375573
0.912582094478
0.877368702217
0.929355726123
0.784117044621
0.807498571616
0.827335423058
0.830571933959
0.658643096705
0.0210516950947
0.181818181818
0.790183969946
0.162849998222
0.142857142857
0.685056240621
0.772526355336
0.0196509872907
0.862637613842
0.837101459924
0.0746160199873
0.220218015877
0.0844182492504
0.17468562622
0.728997107527
0.833904545834
0.0244904752689
0.100679851905
0.670272773675
0.814729547603
0.825290973977
0.135147180074
0.888776213211
0.0553345020978
0.220972866022
0.108016647437
0.105685778624
0.0
0.118694799556
0.87569959891
0.864894965563
0.906196250363
0.615889151269
0.0384615384615
0.0430043969913
0.657184565735
0.928571428571
0.0948688743794
0.0190219053357
0.804154638875
0.0923885787684
0.106170100079
0.105041953138
0.067098185169
0.913751721231
0.805406718856
0.602411042234
0.80357920847
0.698436817202
0.866122565889
0.870148794414
0.827367021134
0.814822496253
0.0342916055685
0.724541383279
0.732860399293
1.0
0.0987050164005
0.76358987271
0.728949613452
0.836137098826
0.823529411765
0.835044785835
0.0533267664335
0.223707260959
0.164535239839
0.830242661708
0.0832501737126
0.178707217019
0.0782597594679
0.658596923221
0.879872019029
0.637883397061
0.107914130682
0.829091553778
0.774420282128
0.110112340636
0.775666730336
0.711770171513
0.686351003032
0.485735383539
0.746672096772
0.952380952381
0.690675465352
0.101310666435
0.110160050188
0.137414747007
0.130549053848
0.0831509944347
0.670588307214
0.823555995733
0.770935378163
0.884498696098
0.92015080973
0.897243880739
0.0267823641795
0.795130970134
1.0
0.917418524523
0.658643096705
0.526172029203
0.842442712941
0.783838416002
0.149510921597
0.0219695384893
0.647964922118
0.719408853959
0.609437654081
0.748779791935
0.757761027374
0.923076923077
0.109642651244
0.726814279127
0.11904281399
0.625529990833
0.795054364353
0.119661378427
0.53687681818
0.0382126027579
0.68212199828
0.839850059479
0.564228962031
0.982012085335
0.0204863404838
0.955990593021
0.119294086913
0.111111111111
0.721378154148
0.758102934238
0.787332910044
0.741402204066
0.943470379086
0.672805888676
0.125913914788
0.141141753393
0.69979362654
0.142857142857
0.135656205531
0.13424962755
0.970422153664
0.0858547691594
0.091999368295
0.0838796193662
0.613983921933
0.836828644308
0.812891075824
0.67364861098
0.7631051641
0.698436817202
0.719043364295
0.757163673856
0.816315958833
0.111598303952
0.908144146418
0.78771913733
0.0814179777727
0.872848611608
0.089944144377
0.689643642938
0.681827612169
0.821533738465
0.825075116198
0.173354408782
0.0655438263563
0.1
0.147108066094
0.705242661708
0.108114165669
0.762892739609
0.0570515122323
0.1112576762
0.32508002333
0.730338243186
0.723376338076
0.714759745756
0.154478658068
0.202459166821
0.672099614947
0.659487691563
0.663407666091
0.169617764455
0.811123352736
0.134741994972
0.0631657502205
0.0333061140288
0.687944497956
0.185782947232
0.198357195246
0.25596403426
0.721857271318
0.832605481516
0.688716692466
0.928143164603
0.933333333333
0.873125584664
0.268953156021
0.784803242081
0.883404941178
0.801173892649
0.927747879613
0.151178920688
0.0508165251102
0.725177081037
0.775157908516
0.0197286261709
0.784561248571
0.669011144347
0.0196509872907
0.750555389525
0.0616824449148
0.0182229394913
0.913718910129
0.782956903856
0.0804133971956
0.594992184567
0.0353247508059
0.605000964412
0.556236501516
0.0416564051429
0.644212045794
0.839850059479
0.617589060499
0.0802495916494
0.842330077306
0.95232314244
0.0876330030823
0.35147422318
0.109569548959
0.21083878994
0.732766300655
0.190461312875
0.825273182905
0.0974538925953
0.0480829347591
0.801794123735
0.632145182924
0.022051050231
0.0645252013927
0.0717308683686
0.879513062755
0.091419750875
0.649011329189
0.164539865295
0.585867657127
0.662175200112
0.926858609729
0.677347229307
0.676841647851
0.0
0.762918675595
0.936734046017
0.205143699141
0.136640615317
0.0919969048935
0.796995080879
0.7398117788
0.8
0.233739404675
0.118492382264
0.685414297146
0.0776307811335
0.863030505691
0.172558000419
0.174514289272
0.2
0.164535239839
0.740797036388
0.102669578382
0.127504985998
0.675035370499
0.0318540815225
0.421496151201
0.686715311092
0.603578332664
0.921641143029
0.0117271829619
0.412338445017
0.105161509601
0.680580264565
0.67638839847
0.144231605618
0.684783884349
0.129256906209
0.0
0.0484041273224
0.0906199572527
0.193068139641
0.261177028451
0.125014458256
0.72080659813
0.793215744609
0.796002289227
0.743701872443
0.651679960391
0.779878467045
0.552358249521
0.0565048210294
0.73523080191
0.917418524523
0.0575389813885
0.19528921295
0.0756273018206
0.149553344035
0.233821831215
0.0714285714286
0.133471774541
0.154652364583
0.199427883939
0.814051871328
0.0315379190454
0.14114838271
0.279577488201
0.183268727302
0.114060162211
0.0926703591437
0.641156587835
0.0234623349867
0.470831791095
0.166317370558
0.843702246268
0.77016898934
0.152656320096
0.0588235294118
0.840986308627
1.0
0.0487507552157
0.166583705838
0.0865362239734
0.0439859756893
0.099886375719
0.104273137851
0.805113505558
0.599029019215
0.0726161739135
0.191540620778
0.0630948228297
0.0930785449511
0.0948688743794
0.176994026263
0.763101975292
0.13884435395
0.88294999924
0.0526315789474
0.0822776955661
0.836828644308
0.812819494386
0.525695750163
0.855928657697
0.749737219959
0.871835980567
0.86172623747
0.0957982549218
0.834982357117
0.955879751085
0.798343991202
0.072253746581
1.0
0.2237050164
0.0150007873059
0.759668408992
0.828773690138
0.875
0.786816477811
0.0653609705187
0.1
0.206378793019
0.8
0.0737746481602
0.149601477174
0.057828926336
0.568314036531
0.147779702303
0.727153728479
0.574576000498
0.823193497435
0.85261302472
0.111111111111
0.805211936371
0.6216454791
0.760936948279
0.541918775224
0.731770455406
0.864678150156
0.0831646006219
0.0657217183075
0.607105488745
0.111380623294
0.0268324381262
0.746461067994
0.661447697795
0.84406540851
0.860181267632
0.834126490267
0.780610950567
0.830716864251
0.720979923594
0.721237661456
0.909556404952
0.917418524523
0.818889370853
0.563636384383
0.117518559925
0.730596609946
0.771243743241
0.108008851719
0.720986791178
0.761426630235
0.102984320624
0.768975200587
0.0474789988634
0.0893173792475
0.203447633801
0.726814279127
0.111988431465
0.625542622351
0.764232049958
0.0835502164627
0.58604425474
0.0995894933505
0.891120307225
0.839850059479
0.120229513009
0.982012085335
0.110155097795
0.17480491189
0.0858503440088
0.111111111111
0.717469342228
0.0742172316356
0.814335564847
0.165195780738
0.947818811464
0.620470966061
0.0384615384615
0.77280050537
0.14997305534
0.142857142857
0.246412398931
0.0156914668946
0.129510764364
0.0140693265937
0.922292901835
0.0879794820551
0.065035821149
0.823231031334
0.805406718856
0.611087686923
0.7631051641
0.333333333333
0.764248597606
0.0909090909091
0.752331430686
0.708647647225
0.908083945624
0.0593241899685
0.790121149121
0.2
0.202248478943
0.0557789487817
0.72962418106
0.098819545378
0.48774522031
0.786816477811
0.109090577273
0.098379947526
0.115460944232
0.1
0.0772254936978
0.0361953088279
0.0775688150685
0.0670824899316
0.111111111111
0.747585660034
0.0287686028639
0.709566164563
0.819138641497
0.815533992665
0.710802087439
0.708511599619
0.612838715516
0.0602292218989
0.785339385161
0.0633925062218
0.681325114395
0.698098626227
0.102227882951
0.107484893066
0.310360667295
0.0404397127209
0.58483837217
0.815657590489
0.733552721779
0.661989915349
0.192098682194
0.74033639502
0.263046348234
0.611409481616
0.905480194693
0.888888888889
0.817775170249
0.11234430176
0.704781315922
0.150828419573
0.112139683338
0.0995161004151
0.573710629623
0.707026661447
0.136404299068
0.653194136591
0.7424383631
0.752661872431
0.674451255462
0.09758760151
0.132260684887
0.149068480936
0.62497128548
0.0437864078918
0.0743686991173
0.0523998871688
0.711190693564
0.642210473852
0.589385224097
0.0755911237654
0.0893627132475
0.595808124006
0.0747262572535
0.724397257753
0.068599102045
0.181397488282
0.767014642124
0.710902216254
0.967043002772
0.691463385959
0.0803998158867
0.0901836787178
0.0885513558244
1.0
0.0948688743794
0.145166930728
0.254381725136
0.0434394405646
0.487611996474
0.826512612961
0.675719909229
0.879648353842
0.771118456452
0.511439509178
0.733148650708
