0.749737219959
0.732308393565
0.732458821125
0.780456851242
0.69653174592
0.793933353087
0.700437681654
0.661910053302
1.0
0.617616889334
0.715665422283
0.738007812216
0.809426816818
0.767414649331
0.774429164605
0.542076898241
0.825
0.745965733543
0.633333333333
0.777967970546
0.671992509035
0.497147313053
0.568871844932
0.875
0.755043982566
0.590207672775
0.705788908808
0.723757941805
0.534744230072
0.768460170714
0.549913540675
0.667155186779
0.457900323947
0.591797439381
0.666097411814
0.684312430062
0.724416076786
0.630410166005
0.573507884963
0.621149806797
0.731934549916
0.664947490728
0.757169626951
0.688686247265
0.909864814315
1.0
0.782657630459
0.520990714161
0.944258802085
0.825396825397
0.737336854687
0.578691960613
0.767059111311
0.459374053306
0.612124850215
0.776656018598
0.730223439444
0.73875499445
0.781706451601
0.576825407209
0.789714014967
0.750793036685
0.758254724988
0.497474855388
0.595855196871
0.568570871617
0.644473310391
0.814154409404
0.692307692308
0.464657715366
0.675588319009
0.603546810981
0.761677613327
0.539591594358
0.907945648149
0.871155317159
0.955990593021
0.755993357377
0.69777059323
0.775565222997
0.669642857143
0.720929329536
0.676498472994
0.779965670868
0.622539686185
0.656893550441
0.707878437793
0.660810023576
0.9375
0.897346897056
0.797432035624
0.581079182641
0.738643385843
0.683675157768
0.821090568515
0.635872990114
0.767919314892
0.734211570187
0.460708064502
0.781773616562
0.698436817202
0.772070768826
0.702760608631
0.754714344841
0.760126366821
0.849820531828
0.666211530595
0.678748831007
0.854292963242
0.617616889334
0.646235342571
0.789916947054
0.808862397329
0.718574383616
0.786816477811
0.586148131506
0.865167364882
0.745965733543
0.8
0.80080352655
0.713270164248
0.398613058446
0.514278719441
0.796623274547
0.714845952061
0.617883739672
0.78035616811
0.772727272727
0.617004740342
0.757061172194
0.626139432683
0.570671255748
0.429190730929
0.639304877727
0.66655763459
0.710685155204
0.830900748751
0.568823877673
0.534961058912
0.612088251706
0.719739010365
0.672575678871
0.691489315205
0.766909551497
0.677963658075
0.822151007501
0.660093631993
0.551235204068
0.819105101089
0.851948144686
0.737336854687
0.696747516169
0.452956555856
0.683662617401
0.643823197862
0.778996926975
0.668922677862
0.717718865738
0.679494618525
0.576902837558
0.686839044043
0.822229482597
0.657234644761
0.632990330457
0.746176595824
0.470957449596
0.60863961678
0.768510269214
0.684928580623
0.436742405649
0.733849084904
0.732058392128
0.635157381205
0.606183673893
0.947663291635
0.721985548246
0.698347476941
0.777000312998
0.654109430358
0.700452487353
0.792672576779
0.700965233745
0.751584410608
0.769963219073
0.572932276003
0.610307012539
0.763009700635
0.58182945774
0.869226293052
0.89010989011
0.749801152977
0.794650313491
0.792068661317
0.764536263022
0.767060924717
0.562664425775
0.810425911441
0.679294597546
0.562605012215
0.74338627798
0.789235482173
0.710549751572
0.741416876986
0.768956566474
0.798538968528
0.834698987158
0.694599247021
0.737974883143
1.0
0.58953228854
0.711667502172
0.747673787491
0.756081908286
0.667082576166
0.579215882336
0.507251487175
0.6
0.654299066876
0.609412422203
0.561557319702
0.554529031782
0.568978745107
0.564972110921
0.806740828
0.646907073094
0.477185284972
0.649924771365
0.725272316361
0.79453399445
0.670879900241
0.640088339131
0.564019270416
0.554924259399
0.825826892428
0.729052571599
0.719422174191
0.625380377424
0.49640529332
0.444795486418
0.672483437744
0.709308704353
0.587395614956
0.882901952984
0.70846082981
0.705469279104
0.757413769672
0.627247880157
0.751499060945
0.464608869073
0.764272019901
0.708333333333
0.682767898973
0.370173518646
0.487304269248
0.725895147238
0.865726962275
0.731011494682
0.468557054221
0.718386073293
0.597689625341
0.597822776079
0.807077368522
0.57319308431
0.798517117966
0.831739269242
0.495838957729
0.693357935922
0.645781211652
0.792066840503
0.542112807707
0.578396232476
0.655749347978
0.528828303326
0.397430872507
0.813435499746
0.646938569043
0.516585808384
0.734060929742
0.577139508241
0.651452351799
0.787108615818
0.897249317411
0.935638474321
0.768798299783
0.589954248708
0.712427301962
0.729063754197
0.653329452181
0.747123179529
0.776749306655
0.828157252372
0.676668312649
0.857843137255
0.562665974897
0.716209061887
0.701024661707
0.661226265919
0.707722821231
0.571359697009
0.426806888417
0.611132215052
0.79358647396
0.97633238244
0.862445713283
0.760701123214
0.919134279308
0.72930031734
0.738007142397
1.0
0.687449280725
0.762693913326
0.677268004068
0.817410974242
0.767414649331
0.709893400888
0.581677010277
0.825
0.745965733543
0.759373785308
0.919791261769
0.726222860418
0.513412541248
0.517377671511
0.806682164362
0.751304142321
0.693097654414
0.697455066923
0.812858102847
0.562888663234
0.740842275977
0.658778030346
0.678098861251
0.333595294853
0.591903026585
0.808773715518
0.683507514649
0.729016348042
0.670613369851
0.522342761203
0.61476834375
0.668803151805
0.674807962805
0.826680163202
0.753609012407
0.817255270774
0.841240091396
0.751938607214
0.751499060945
0.850590235684
0.761904761905
0.668067516467
0.543879010084
0.455160159039
0.619203581246
0.625091264848
0.77184601684
0.634336038872
0.551911675207
0.620240736775
0.57984011971
0.667597964922
0.763191942907
0.820855849363
0.791873316643
0.727699649412
0.538121297976
0.626477550843
0.69966477222
0.721153846154
0.474311988388
0.703877917701
0.713437651718
0.731370556991
0.583278035983
0.961359235688
0.725178372532
0.879429969853
0.916704251414
0.650773109898
0.78711543197
0.810622039122
0.794287001798
0.805027576512
0.803404603427
0.650528876088
0.72051065768
0.82871487877
0.758317060201
0.800446147525
0.846153846154
0.813059500283
0.623929565851
0.810541626297
0.859706159726
0.810108851603
0.615278659572
0.846401425255
0.77028150747
0.56104538393
0.700541268669
0.749737219959
0.793798399038
0.766523010069
0.783884778367
0.821850021351
0.892753946154
0.772012384235
0.760941797244
0.9
0.645625042278
0.763933268976
0.688116297206
0.785637352973
0.801294971852
0.81960049772
0.625536888634
0.825
0.7
0.590810781566
0.747720974576
0.732082675745
0.626055994076
0.480973406458
0.844602383637
0.700529049187
0.605039836298
0.702791862564
0.778110026521
0.88203399445
0.767598932564
0.529251228847
0.661207807844
0.623439622261
0.676762274625
0.783436847361
0.703599638271
0.809223334521
0.736235681866
0.522342761203
0.561299848155
0.752331743883
0.682327781059
0.775122991766
0.713832205511
0.73837591592
0.872377997072
0.827969687053
0.632101825272
0.797138614414
0.825396825397
0.68948353826
0.543879010084
0.506037773887
0.790861017852
0.73207923815
0.78510668221
0.671554304761
0.689697698913
0.731052381064
0.57984011971
0.718277943147
0.730614676284
0.842984508451
0.836163287519
0.674593642853
0.651365184176
0.654626365156
0.759612677364
0.607723173315
0.503233961291
0.683336760671
0.816239516073
0.638185275099
0.466443679449
0.977674653496
0.825030030616
0.915695329269
0.916704251414
0.577137017329
0.728704999954
0.675
0.684529237198
0.911475736467
0.904796391568
0.658079288365
0.702302975143
0.694888971497
0.702738127607
0.966666666667
0.885613060265
0.779114190171
0.844019843809
0.796519643718
0.760694499885
0.717257336954
0.550483862428
0.839399031499
0.733484530921
0.635808774382
0.6933120781
0.698436817202
0.792737735589
0.808080808081
0.832927840568
0.856109384082
0.925187665669
0.782085000507
0.716052860633
1.0
0.67642526168
0.756809585629
0.691419083535
0.800156554381
0.729078585297
0.689011491949
0.656051196392
0.794128808639
0.745965733543
0.738888888889
0.747720974576
0.619108349478
0.698666572678
0.542942187101
0.912237719917
0.690646132519
0.577592707441
0.742507789301
0.773443841885
0.646123735846
0.74446054185
0.609697702375
0.602709714846
0.387431322903
0.626667694061
0.883199606075
0.66900526642
0.69968840823
0.671545975139
0.546672741724
0.571738294617
0.68160643026
0.638495491505
0.835877195937
0.724991454404
0.761898851191
0.781026010711
0.751998491906
0.751499060945
0.823906488863
0.78932347268
0.737336854687
0.497415555262
0.48538225561
0.602891979812
0.651222176269
0.809216707195
0.711505178618
0.741905857759
0.684515253172
0.581602124104
0.647388465577
0.756335302188
0.820855849363
0.764723374358
0.695035874455
0.579258154565
0.522541516026
0.726097073489
0.665764718237
0.514052450419
0.712369708124
0.791931067053
0.761677613327
0.585788112271
0.977674653496
0.802666072997
0.838560669439
0.916704251414
0.563156187748
0.739698096069
0.807363338211
0.743057350595
0.854582234707
0.807755367656
0.670385610631
0.673772262872
0.762375860296
0.646852390509
0.855101913628
0.846153846154
0.813059500283
0.62383455818
0.836127811006
0.906460685021
0.7019217171
0.638124444827
0.846401425255
0.772606846475
0.635790410558
0.755772563784
0.904043301502
0.836410685235
0.674725846388
0.761020217368
0.811130814174
0.891907856102
0.795715037613
0.778778273809
1.0
0.62547453285
0.718685363929
0.71575218574
0.723717781108
0.737767672028
0.546752207753
0.616074209663
0.825
0.776969032505
0.8
0.79932562313
0.651217386154
0.696723622015
0.55699549122
0.798783760429
0.679049730684
0.551433706442
0.744102640952
0.678110859339
0.867104113723
0.732269522186
0.626946930836
0.685936939808
0.725762776273
0.626667694061
0.828912660864
0.657655393936
0.776493325811
0.661000154227
0.522398063362
0.71577844476
0.619639341979
0.665232082903
0.784484243244
0.735029665163
0.799052291523
0.854766529023
0.890336114666
0.650090766718
0.835166532089
0.784129571403
0.737336854687
0.497415555262
0.556962068522
0.874777101768
0.760878635862
0.758125744258
0.694577501568
0.636499349798
0.719891289259
0.491458664252
0.781483431738
0.818492812341
0.580121775854
0.635852848723
0.612568070465
0.576905178911
0.684009743192
0.759612677364
0.614611516731
0.477101354478
0.602215227201
0.686586326401
0.716326212374
0.495599497406
0.923399812325
0.883156647127
0.870825663154
0.803762039564
0.642493078078
0.814343202688
0.722163761491
0.823203991307
0.834479881345
0.815784566554
0.549750752913
0.652498007866
0.855303296205
0.622031710782
0.928571428571
0.89010989011
0.811011096703
0.77971808423
0.869195538568
0.873912613355
0.778230055645
0.629186394584
0.875728243531
0.788172309979
0.604725182247
0.74338627798
0.698436817202
0.85
0.857432100978
0.800561100129
0.786343007144
0.871461818913
0.715587937217
0.709025319487
1.0
0.75144740858
0.709194952048
0.682536404787
0.835095536348
0.823529411765
0.835044785835
0.652877595647
0.837317276225
0.654299066876
0.774364877158
0.730347503148
0.777158683081
0.554094633114
0.623966988332
0.849139120381
0.616644554851
0.608560781583
0.699606708337
0.749419515349
0.601944554968
0.74217160885
0.573128253243
0.642940437467
0.414661909899
0.675619707206
0.920726850325
0.69911972137
0.789855887527
0.656379379951
0.523545953877
0.561287906742
0.662775169953
0.651238484631
0.781911948707
0.739201558919
0.869967911968
0.887695699595
0.896297204253
0.719137857364
0.812428318513
0.888888888889
0.855392410242
0.497415555262
0.504433780037
0.804149862353
0.706239457849
0.755743318133
0.695858412916
0.62999596481
0.708205107724
0.581602124104
0.66150579697
0.749762001433
0.947778926286
0.670151948601
0.695035874455
0.595346489959
0.601487911116
0.758668391908
0.740644732164
0.458866952731
0.722468093467
0.670842367544
0.761677613327
0.483333333333
0.953129376943
0.814931908541
0.955990593021
0.837627835251
0.650773109898
0.714948681839
0.679511583953
0.720929329536
0.741770078061
0.819049884346
0.641619613467
0.764364235279
0.753609515443
0.662504328316
0.966666666667
0.871332694525
0.81125147564
0.89577429569
0.736812500579
0.861739799731
0.867760550121
0.540222491801
0.810935765492
0.809518925255
0.549961497626
0.706025621639
0.698436817202
0.713554459358
0.711357129258
0.779072364464
0.803777709067
0.892753946154
0.761364802137
0.778811617797
0.8
0.789502046868
0.701342738295
0.633337525349
0.786899813802
0.765633207146
0.808928303592
0.544422126184
0.825
0.745965733543
0.661864877158
0.919791261769
0.725167042525
0.680945536288
0.576473127721
0.6062425446
0.647551064388
0.678901521881
0.661673916684
0.666489289942
0.894250595344
0.593247308525
0.631719136688
0.528661115445
0.660734001031
0.749033717109
0.686020173522
0.711036806874
0.722251970141
0.657616942315
0.484785315693
0.666145322523
0.692235447088
0.677000762539
0.721668196952
0.656792477983
0.853891711434
0.933333333333
0.844722694472
0.598424679193
0.73749004781
0.717066512462
0.709572037894
0.721581684144
0.474261524487
0.563281190351
0.682475837099
0.779203736022
0.671893416393
0.76601859356
0.58900130547
0.587491616165
0.624361080275
0.680224954349
0.798530688423
0.892591319363
0.731943489522
0.579584394402
0.584696550466
0.676786386555
0.554351963639
0.480379888246
0.704868959961
0.59022470125
0.761677613327
0.617320743368
0.811703032505
0.767081159894
0.915695329269
0.718459457038
0.621583947521
0.759575632471
0.9
0.66502099832
0.858640416545
0.758701196348
0.576478062138
0.640681894905
0.79326211314
0.604158636793
0.897619047619
0.852930026098
0.864873366223
0.811858211774
0.768815861412
0.590412145443
0.774745220252
0.518107846726
0.587590813504
0.806220608411
0.554058656416
0.643095806659
0.830112147588
0.744751601556
0.928705865589
0.74040137918
0.748546858678
0.882575443335
0.760090843947
0.724565694279
0.8
0.66547564914
0.674115567968
0.674922441665
0.739517566612
0.863030505691
0.857069880608
0.689960526793
0.770216317276
0.654299066876
0.750085410848
0.844791261769
0.622202866157
0.593742381606
0.554259663217
0.762268552757
0.678812892611
0.514699447998
0.791367511327
0.770364984503
0.736200661117
0.733085965098
0.626946930836
0.63884178354
0.615961481573
0.611437113383
0.863074572183
0.67753878301
0.733351923028
0.635436208461
0.508959415309
0.721216056233
0.636224099932
0.670877602087
0.745564729308
0.789159435714
0.66851998104
0.659719758846
0.751938607214
0.523957219672
0.628028194645
0.680589734168
0.855392410242
0.434334763184
0.580316591359
0.596145660321
0.633971586641
0.745480872094
0.667561500262
0.5482655399
0.66479499567
0.595157822233
0.740277345816
0.749023030715
0.744449318577
0.862988551748
0.700672999191
0.59557460123
0.616801311327
0.613023325697
0.741758241758
0.401262297907
0.614055822913
0.827050242721
0.734112809371
0.505021926806
0.906679687891
0.825320278718
1.0
0.819756957469
0.707886073223
0.757844194256
0.714548315967
0.747714008978
0.779852742109
0.775206168262
0.559733056315
0.666010136546
0.661502389694
0.694512685192
0.918085974209
0.89010989011
0.804867351417
0.758607158104
0.866269180476
0.889831076629
0.666436118446
0.58686899016
0.826488664639
0.785191027559
0.448237970778
0.820637669153
0.749737219959
0.82318434096
0.785235222565
0.758387803736
0.805942871873
0.926008508864
0.752905287547
0.687759163163
0.9
0.617616889334
0.71496740476
0.709763115928
0.783383850706
0.849264705882
0.786816477811
0.713645525692
0.825
0.654299066876
0.8
0.79932562313
0.769244785825
0.668473718082
0.548802784387
0.772450229865
0.679628745946
0.52981089187
0.74625047987
0.822603973947
0.731918221093
0.764509277438
0.614484753657
0.679236653972
0.440578279267
0.641124017065
0.867228625687
0.654191406218
0.781685429818
0.600217756717
0.56311577371
0.568370344854
0.678998651074
0.652578523202
0.84864194804
0.78327864249
0.742742033241
0.763493362316
0.816227145945
0.679940531989
0.731516007667
0.78932347268
0.855392410242
0.682767898973
0.512396713075
0.790861017852
0.699303538641
0.762710786291
0.766022596769
0.669887424163
0.716115306207
0.442927720579
0.697633563617
0.820166792271
0.598301282009
0.704307903952
0.695035874455
0.579466869319
0.642734617777
0.758668391908
0.617371159276
0.507379761257
0.714723937766
0.762574853442
0.761677613327
0.567941995852
0.977674653496
0.883156647127
0.792886767505
0.850259858213
0.650773109898
0.742419037461
0.744711073323
0.771286247603
0.863977180306
0.836538461538
0.549059957425
0.689959176965
0.80738904288
0.617394549091
0.966666666667
0.852930026098
0.762956176795
0.838116032758
0.815781142926
0.932080283193
0.83765390965
0.550483862428
0.764399031499
0.800861783034
0.619882195143
0.706025621639
0.512805219925
0.708933259433
0.734322837397
0.665289923159
0.713331890105
0.882402635666
0.704662484515
0.774972860327
0.834542052658
0.488358785309
0.661312009408
0.680185811219
0.763376261587
0.436298500738
0.786816477811
0.626146678939
0.572727272727
0.56263240021
0.790624447867
0.614106876592
0.586182567212
0.573944026611
0.645062295752
0.742996730333
0.664004349596
0.48508532754
0.581583181462
0.715909090909
0.833422883339
0.649391783717
0.569313874616
0.606561484316
0.422222222222
0.727440314188
0.680736968225
0.702046745034
0.686275306389
0.563933381463
0.4026760211
0.578134805023
0.7690028305
0.50887088699
0.740987516811
0.704339763122
0.617570006988
0.65396378802
0.693306705956
0.751499060945
0.567342394432
0.810229291691
0.888888888889
0.67925021599
0.325517143875
0.668512404456
0.54519054653
0.775908245368
0.656535952948
0.502747191382
0.647789720398
0.560779071651
0.575988897108
0.723848405125
0.775255178948
0.587387680118
0.748355263158
0.581613438043
0.643123143638
0.625161931944
0.645958154063
0.538019404179
0.574827944628
0.697622883564
0.520236622887
0.526556274164
0.892467880092
0.644144237197
0.554772214692
0.750597780538
0.654298892127
0.637931779834
0.808167319528
0.747054844104
0.741532918964
0.923569366112
0.660223852
0.745469596591
0.608857700302
0.649110679892
1.0
0.89010989011
0.848186941294
0.653882648414
0.857843137255
0.471291123171
0.810108851603
0.606620144014
0.878583655571
0.7166726571
0.446282317911
0.623823879601
