0.29847459
0.31114909
0.32408078
0.21841938
0.05256886
0.18747026
0.11099009
0.10327354
1.00000000
0.07655123
0.07516178
0.12015762
0.13169160
0.48734837
0.33870542
0.04886496
0.07994607
0.15226278
0.43554520
0.26512298
0.14299133
0.05315322
0.08863826
0.31268073
0.27872230
0.18670483
0.19087210
0.14341165
0.19564751
0.20562376
0.03848754
0.25323955
0.05416212
0.25045978
0.23690468
0.09626616
0.10783529
0.15975311
0.21053835
0.11268706
0.11811895
0.19432638
0.25847543
0.25615281
0.79314475
1.00000000
0.41600795
0.05934203
0.41151680
0.44806402
0.22824844
0.10600313
0.28182922
0.07439821
0.21161547
0.25367536
0.09970223
0.17224898
0.19333307
0.11369306
0.35427152
0.08000298
0.29166981
0.18598827
0.13375401
0.08880233
0.11582368
0.49135606
0.48676437
0.03891113
0.30266437
0.18931748
0.47908663
0.15884362
0.47508549
0.54626777
0.83943271
0.09878913
0.17242221
0.24797854
0.16747659
0.26546959
0.08085298
0.20915990
0.07083981
0.15538246
0.15533439
0.11185189
0.62925445
0.36414106
0.39556469
0.14421623
0.12536107
0.23705266
0.40910327
0.06757879
0.15533356
0.12161792
0.09904701
0.42311785
0.20164946
0.21424427
0.27851136
0.25281307
0.09962011
0.29055638
0.16643637
0.20026774
0.43167001
0.04246549
0.14820464
0.18176550
0.18254308
0.46791039
0.21786556
0.05369019
0.16664088
0.16320642
0.47720918
0.40507102
0.12409597
0.04089940
0.05822948
0.14216646
0.27505083
0.15409041
0.11709095
0.27919894
0.21188545
0.32836376
0.16636803
0.13010858
0.05651776
0.29339837
0.31237540
0.18446248
0.31623626
0.14811043
0.07162251
0.28051550
0.24587679
0.09553728
0.27495837
0.32053117
0.28806452
0.56038991
0.29603361
0.05300157
0.30340334
0.35744953
0.31530788
0.34484443
0.19333137
0.18167142
0.19483794
0.22419057
0.10815594
0.28582347
0.14216973
0.08248720
0.22153230
0.27058364
0.13138200
0.29615165
0.28303159
0.16974145
0.07135298
0.23309867
0.41332750
0.04521920
0.28768328
0.18556676
0.17865896
0.18587462
0.66677397
0.21355575
0.26926402
0.13397113
0.14211672
0.22684498
0.22629440
0.20176817
0.22592502
0.23994189
0.12010605
0.22653213
0.27642196
0.14558570
0.16451929
0.28817613
0.26036803
0.21822535
0.34766858
0.28910426
0.24943151
0.05474871
0.18920789
0.15983591
0.18585285
0.39375553
0.29847459
0.20922033
0.14896741
0.19301581
0.47575115
0.22187080
0.11153175
0.17613897
1.00000000
0.12571193
0.15675845
0.24090753
0.17058180
0.30389059
0.18503200
0.02357385
0.33887144
0.12398992
0.13188275
0.12512237
0.11902002
0.08371749
0.08371749
0.09905893
0.35614891
0.13191043
0.06589608
0.12668810
0.55120034
0.13873626
0.05124234
0.16511558
0.15844917
0.23017424
0.27710420
0.11920370
0.19001561
0.11239341
0.06757879
0.31149022
0.09349611
0.14003083
0.12867164
0.17851737
0.17548543
0.10293612
0.17630884
0.14211672
0.05868917
0.22834888
0.31440065
0.16409149
0.15837807
0.10181128
0.08053988
0.38550318
0.11237847
0.03556740
0.15652740
0.11369306
0.15345074
0.35763737
0.31279373
0.37945668
0.44543825
0.05063099
0.08204539
0.39670883
0.33813434
0.13123578
0.16401222
0.15025903
0.09486196
0.09241714
0.27532495
0.18559542
0.07021050
0.07205335
0.08054496
0.21198371
0.40176826
0.47640202
0.10883507
0.25266192
0.04741377
0.34291327
0.21631187
0.17434558
0.40289980
0.44072168
0.38511593
0.37518405
0.36210393
0.33216915
0.31875380
0.15575649
0.04285873
0.19078166
0.05189096
0.06608974
0.09425160
0.23238887
0.44500507
0.46838203
0.16144314
0.34850534
0.12682240
0.19107099
1.00000000
0.07141816
0.10814410
0.20203953
0.19710661
0.37447819
0.18784408
0.05727751
0.20105373
0.18436944
0.46480353
0.58357933
0.15306882
0.02527441
0.07232823
0.20590188
0.13673044
0.25684003
0.10255943
0.24305976
0.19564751
0.23969521
0.16094234
0.27153278
0.07299304
0.24034793
0.36465396
0.19920646
0.19099282
0.11232964
0.17550354
0.16542742
0.18518627
0.13928832
0.34852215
0.17077932
0.46449561
0.28973130
0.27463978
0.08450311
0.30340334
0.43125298
0.40292759
0.22613617
0.21579764
0.32785340
0.19808484
0.29546200
0.08218074
0.26150584
0.11375432
0.10308675
0.20462873
0.25710222
0.24180681
0.26745767
0.28171719
0.06277860
0.09097352
0.12728062
0.51325619
0.04628076
0.36365731
0.26719942
0.48009802
0.10571911
0.64955442
0.25656709
0.62685933
0.11827820
0.17242221
0.24690888
0.17474336
0.27501707
0.22985562
0.31642572
0.10272579
0.31135530
0.28041176
0.20472172
0.23793665
0.37844811
0.45067506
0.14400124
0.29366151
0.39423710
0.36416261
0.09687142
0.19286220
0.24046287
0.12704164
0.28039501
0.29847459
0.42060321
0.30752617
0.35994988
0.11297784
0.40660116
0.16793389
0.34283312
0.39763536
0.04246549
0.19269390
0.19871342
0.20114130
0.38393430
0.29437998
0.05604764
0.21468316
0.35663252
0.16140045
0.46507551
0.22060236
0.16927319
0.08501265
0.20590188
0.25269807
0.20738307
0.12106575
0.26508688
0.35909935
0.26614427
0.03778104
0.32013319
0.16102643
0.25821462
0.39474067
0.10575869
0.25404984
0.21632617
0.16500463
0.07439821
0.31490695
0.11690599
0.34068518
0.32053117
0.45894104
0.58206170
0.46690596
0.14323145
0.35039151
0.49913756
0.27225894
0.22613617
0.11802370
0.38176665
0.31896056
0.17320326
0.09932580
0.17981051
0.16335537
0.10048427
0.23976573
0.14364699
0.47740260
0.44120064
0.28003612
0.36763083
0.17345334
0.43660022
0.42601467
0.08023340
0.38325891
0.43413855
0.41621551
0.25281307
0.48752159
0.29271573
0.69269898
0.31814598
0.23801761
0.26274606
0.15396504
0.14052549
0.48952091
0.35138749
0.07130473
0.22714462
0.11276959
0.18125094
0.90671103
0.52690039
0.41108862
0.41547946
0.34243900
0.15580390
0.22361511
0.06106433
0.19245591
0.04600758
0.18503301
0.25336549
0.20164946
0.34552699
0.36733413
0.35454475
0.11278700
0.29703346
0.25341127
0.28679021
1.00000000
0.09461203
0.20481272
0.22969233
0.23512968
0.44566169
0.26274588
0.08702340
0.17200673
0.16320642
0.52401242
0.40644583
0.10435503
0.21281701
0.09637412
0.46248926
0.19619341
0.16884045
0.07325733
0.21896767
0.20149416
0.30175823
0.05375409
0.22609838
0.04896628
0.27410578
0.42201573
0.10163671
0.24366029
0.16565331
0.17360862
0.09849349
0.26039653
0.14579729
0.35157873
0.21355575
0.50125355
0.19732705
0.26768275
0.24384183
0.41151680
0.41621551
0.42502814
0.22741221
0.25617078
0.07439821
0.20463864
0.35099782
0.21849712
0.16983215
0.11949126
0.09846108
0.23023627
0.29413084
0.32114223
0.26669960
0.26385613
0.19230188
0.07425056
0.14360035
0.30181295
0.07910714
0.35889368
0.23479992
0.42625200
0.18965508
0.69696399
0.32469867
0.58521876
0.12227582
0.08130851
0.24420029
0.22824844
0.16286434
0.28262503
0.24298612
0.07173791
0.26232857
0.25940689
0.16884009
0.40193707
0.34047843
0.37755958
0.15291567
0.29002572
0.36660280
0.37529574
0.09379219
0.19286220
0.25276237
0.16433709
0.36821398
0.33031643
0.32540747
0.32408078
0.21841938
0.11069588
0.38398171
0.17633097
0.27791932
1.00000000
0.08225965
0.13493275
0.16087361
0.06990007
0.41677582
0.13584753
0.06153484
0.49890710
0.19765442
0.48415247
0.50979605
0.10832996
0.05645215
0.06590657
0.35846689
0.12402094
0.09775396
0.06386607
0.16092190
0.50719609
0.25378000
0.10622513
0.27214831
0.04490479
0.25599227
0.31397644
0.12738149
0.17958492
0.13126310
0.14085859
0.33813073
0.16768512
0.23333436
0.28805942
0.36514837
0.53038819
0.33854331
0.63275989
0.05063997
0.41983447
0.41690806
0.42502814
0.14473711
0.15289332
0.56828549
0.38114538
0.15353533
0.24048179
0.25202988
0.06788639
0.09614272
0.33135396
0.29243783
0.09537963
0.17620698
0.10500614
0.26234190
0.06909793
0.23374921
0.08383925
0.04438037
0.31462011
0.17467448
0.32071731
0.14499468
0.47166136
0.41165970
0.57585224
0.27558922
0.15727801
0.26056870
0.16900622
0.20665100
0.32682485
0.16133949
0.06299895
0.19042416
0.21896650
0.15047149
0.83757179
0.52348986
0.34095108
0.35448014
0.17997078
0.38342409
0.37765495
0.07531470
0.32930766
0.18512056
0.19517274
0.39375553
0.20164946
0.46444344
0.37754324
0.25759337
0.14745426
0.42382856
0.23428062
0.21364841
1.00000000
0.09238430
0.15217452
0.10001481
0.05637986
0.45433339
0.36967521
0.10332091
0.42610827
0.12109013
0.27637383
0.22063121
0.22354445
0.17098324
0.09632047
0.32934060
0.11739802
0.25442445
0.17458903
0.24530146
0.18842394
0.32637476
0.04496102
0.29597915
0.02561169
0.27151392
0.39639669
0.11133997
0.30278068
0.14527968
0.16954555
0.09379601
0.17101457
0.17206208
0.33588998
0.32266475
0.74177621
0.64138653
0.74766210
0.14211672
0.40567820
0.52062032
0.47587331
0.22741221
0.17049213
0.41920610
0.17746640
0.16550396
0.15919639
0.24048911
0.10755355
0.11728147
0.27495701
0.13723323
0.41334724
0.28264104
0.33260752
0.05613782
0.11741876
0.32825185
0.47740260
0.07803326
0.36921601
0.27412293
0.47908663
0.16955899
0.76091009
0.47367652
0.83943271
0.11487150
0.15727801
0.23241680
0.09730314
0.28721492
0.20575840
0.22493124
0.14046790
0.31172042
0.11605958
0.21425775
0.78485183
0.54899388
0.30889165
0.51793510
0.29926947
0.57830504
0.39165418
0.08635800
0.22020099
0.21508489
0.18359967
0.39375553
0.20164946
0.21454592
0.40029168
0.27200576
0.09924984
0.33118407
0.06464068
0.23853966
0.50000000
0.15727801
0.30827611
0.09965977
0.13014778
0.17536012
0.49618259
0.05151111
0.37184214
0.13612947
0.15020005
0.73317655
0.33071084
0.11159373
0.10142431
0.26220676
0.12269883
0.24384764
0.06937733
0.11682600
0.70184912
0.16534066
0.20908842
0.30896090
0.06334124
0.26087214
0.27993046
0.08428169
0.17818243
0.10059825
0.04807547
0.32225386
0.28487595
0.26374345
0.14640541
0.15072896
0.51106331
0.49610742
0.61953552
0.14323145
0.19144177
0.38559621
0.15909385
0.15749997
0.09970223
0.11643948
0.22022483
0.07797126
0.20915990
0.14575039
0.10195625
0.09386875
0.20240251
0.16086673
0.39358867
0.35691888
0.18675070
0.19865161
0.07294981
0.16394326
0.41872969
0.03860010
0.38865297
0.22377493
0.31849056
0.46630474
0.34779168
0.39091615
0.71954835
0.10145272
0.24384183
0.32258456
0.69975223
0.16400004
0.25794337
0.18199982
0.12092556
0.14689096
0.27751903
0.05412648
0.61660260
0.43044856
0.42191166
0.09708795
0.25710987
0.08025135
0.28248052
0.06152390
0.08234354
0.12443837
0.11877577
0.11643948
0.47987821
0.28310535
0.41037576
0.19123302
0.08442512
0.30329296
0.19380075
0.11598099
0.21364350
0.07188960
0.09436100
0.18576766
0.20774928
0.50443887
0.30912638
0.08613223
0.24688499
0.12109013
0.41607517
0.59321806
0.08821755
0.04501737
0.04802935
0.11485930
0.22065987
0.18989193
0.12044430
0.25821037
0.23183230
0.22706575
0.07205153
0.35484932
0.06770327
0.24670930
0.26683797
0.05862727
0.22312963
0.08990845
0.10727296
0.15226278
0.27373916
0.18203995
0.23705266
0.38190462
0.24190862
0.24766825
0.36890511
0.05604233
0.09761236
0.33713541
0.27867928
0.06608974
0.12582206
0.04717193
0.19208357
0.11635402
0.07779637
0.14622859
0.13716549
0.08415986
0.17052302
0.20128950
0.21215981
0.29194986
0.14585629
0.15295559
0.07442350
0.03953653
0.33096730
0.04626647
0.20565184
0.31622033
0.27551393
0.09604820
0.37480749
0.43253077
0.63745969
0.17809171
0.12874331
0.26868447
0.12874331
0.19767013
0.08972943
0.34382635
0.03665335
0.18145345
0.17361123
0.16364502
0.68853262
0.36720563
0.25854077
0.18458958
0.25350572
0.30962955
0.23005567
0.08345883
0.26904561
0.16609680
0.10185742
0.24072001
0.29847459
0.15731308
0.53125839
0.25013742
0.11520018
0.47922598
0.19253510
0.10938546
0.35930411
0.08889176
0.17569487
0.14770172
0.13220370
0.74453733
0.35955975
0.06601618
0.23287897
0.12109013
0.47720918
0.34537866
0.18038303
0.20074370
0.08248720
0.24338218
0.13366719
0.08821382
0.18142414
0.24534658
0.37542807
0.27619949
0.15248119
0.26969836
0.04752558
0.28164975
0.34787451
0.10758215
0.27913085
0.13111199
0.10724315
0.11451997
0.26876738
0.21107114
0.31842601
0.34026527
0.55678325
0.24515352
0.67639565
0.25965359
0.31268515
0.40539547
0.47587331
0.25433143
0.23496706
0.37754324
0.19631974
0.21232142
0.25823078
0.22879214
0.20632318
0.09165852
0.22081160
0.24101741
0.17278331
0.44582687
0.29083013
0.27061634
0.08705930
0.30861725
0.47022156
0.05005863
0.32788353
0.36665669
0.47908663
0.16079299
0.47263896
0.58603467
0.59321806
0.18838250
0.17242221
0.24485284
0.17474336
0.15112246
0.33236171
0.25306188
0.14683999
0.27881921
0.25449927
0.14509860
0.78485183
0.63839648
0.36161812
0.46298523
0.30474857
0.40949415
0.32854296
0.06106433
0.29817922
0.22542530
0.14223934
0.39375553
0.14991107
0.19786837
0.36105260
0.15552757
0.17400447
0.16276036
0.19583236
0.20545647
0.27301209
0.06250382
0.08003559
0.16408651
0.26424330
0.08430841
0.41325841
0.16784460
0.32014061
0.11643948
0.57575756
0.20973426
0.10765326
0.08416627
0.13121551
0.19496249
0.13317871
0.08430841
0.07947040
0.15321905
0.65549136
0.17847300
0.06472806
0.27735343
0.12927752
0.35565214
0.32171986
0.18335383
0.18405436
0.13341456
0.08251013
0.12398992
0.41105738
0.20705096
0.26597830
0.30664391
0.11764972
0.14611783
0.30897089
0.17242221
0.06394767
0.49114878
0.84236267
0.25433143
0.10580332
0.12802091
0.11174524
0.28542065
0.06108557
0.09106556
0.30867740
0.11124662
0.12938658
0.30755789
0.26660902
0.25924946
0.54480536
0.11391857
0.10645482
0.14461871
0.43504038
0.07587139
0.22306918
0.21849712
0.15033805
0.17864866
0.42729103
0.14291174
0.17250481
0.10795069
0.24384183
0.33401286
0.35740464
0.30559457
0.14937639
0.37842941
0.07112899
0.37437156
0.09491773
0.11099472
1.00000000
0.54910049
0.38723235
0.33384973
0.44242522
0.38573056
0.45899252
0.15465401
0.23050899
0.15006534
0.06237923
0.08616198
