0.35057830
0.29668923
0.34734332
0.35558536
0.23202486
0.29371026
0.28189213
0.26304993
1.00000000
0.12283701
0.19914661
0.28614350
0.30110079
0.42023240
0.30967087
0.21136205
0.35871021
0.33844549
0.34151406
0.40299757
0.26657042
0.19609760
0.22856203
0.43767019
0.30896563
0.21921405
0.21957341
0.29576836
0.26598139
0.28664249
0.17324151
0.23347357
0.11553303
0.19885641
0.31624162
0.28155606
0.28885511
0.19003879
0.24296737
0.22313430
0.30003285
0.26798156
0.37560498
0.29170666
0.53780068
1.00000000
0.36769387
0.16000000
0.35547976
0.36741642
0.32598157
0.20859234
0.31290541
0.16448487
0.25945148
0.27817241
0.34551970
0.27287841
0.29845515
0.25811370
0.29006130
0.21980234
0.32806393
0.24229621
0.28335434
0.18010486
0.19864677
0.37355131
0.35432804
0.10747271
0.33339515
0.24834579
0.39657093
0.22956630
0.44279878
0.46995092
0.55817513
0.21910276
0.26742244
0.28848833
0.29574808
0.28517592
0.23169664
0.31237744
0.18579463
0.21229159
0.25420918
0.20612820
0.51931908
0.40735172
0.37049170
0.21408314
0.32788451
0.22570129
0.36296058
0.25605738
0.29127059
0.29861397
0.21892594
0.30720823
0.24352604
0.32707263
0.34119262
0.38111611
0.25676056
0.36743820
0.25912996
0.25637388
0.44788040
0.10313076
0.23078763
0.31348719
0.29349432
0.37898911
0.37745869
0.22047623
0.31053793
0.36113485
0.36134879
0.46296141
0.22981111
0.15577830
0.19509952
0.34544674
0.34006181
0.19106786
0.23848947
0.35929230
0.28306350
0.33260499
0.27408849
0.22718082
0.11501339
0.25244925
0.28869796
0.30368092
0.37280861
0.17983151
0.14484022
0.30289677
0.35725391
0.27645871
0.34431579
0.31579230
0.24596211
0.40857085
0.28715688
0.15647922
0.35159742
0.35593947
0.38329072
0.28805105
0.25182440
0.22611582
0.29073550
0.28325689
0.31266578
0.27668717
0.24351798
0.24846459
0.23365028
0.32172667
0.27587237
0.28493132
0.35971903
0.18741263
0.22067875
0.32843681
0.35366721
0.10439820
0.36683693
0.30861311
0.27395076
0.31684406
0.49742407
0.33480140
0.25579043
0.27928387
0.24898757
0.25299717
0.35841234
0.26488405
0.27417803
0.34488784
0.18838302
0.25736152
0.30990480
0.19531496
0.39645469
0.38267984
0.34640553
0.33287048
0.41878516
0.31266459
0.34602714
0.20492440
0.27331904
0.21052263
0.28197491
0.30324141
0.34557004
0.31093224
0.31914194
0.32733651
0.43237671
0.33621691
0.23680125
0.31376442
1.00000000
0.13163470
0.20764970
0.33381972
0.26555915
0.29662447
0.30831047
0.16433854
0.33858340
0.27603154
0.23775166
0.26500387
0.21020485
0.22230282
0.26165880
0.30171822
0.31194243
0.19071697
0.18810574
0.29492483
0.45320661
0.22937065
0.23488354
0.24545118
0.24190297
0.31228056
0.34755815
0.28399848
0.27754319
0.14698169
0.15670391
0.31901101
0.28969005
0.23675229
0.40208734
0.27666212
0.21040242
0.27519366
0.23387764
0.31738415
0.13534153
0.26302361
0.37731218
0.26642929
0.22678265
0.15449058
0.25472827
0.39871316
0.30504581
0.13179172
0.29237342
0.25640434
0.17253884
0.32788287
0.25948866
0.39373625
0.42226907
0.15462958
0.22979458
0.27814174
0.36459061
0.15585235
0.29227289
0.24307455
0.21712672
0.24181373
0.26759906
0.28432718
0.16123234
0.21335649
0.16674904
0.21209783
0.34862818
0.37686529
0.31834281
0.27395076
0.16405582
0.30724075
0.28251751
0.20775814
0.35805701
0.40276435
0.38419947
0.25881806
0.44623150
0.13887407
0.32581003
0.29431852
0.10180398
0.28112275
0.24469053
0.11053880
0.22009735
0.35000806
0.48724914
0.41604373
0.31571487
0.38867947
0.30189457
0.30449591
1.00000000
0.13973393
0.25163272
0.28909856
0.29802624
0.37229345
0.32208002
0.19998896
0.39260880
0.36465811
0.35555040
0.54093003
0.25809521
0.16727273
0.19810606
0.34986699
0.25157557
0.28101208
0.21680174
0.34306041
0.26598139
0.27202941
0.25479496
0.27681373
0.13858045
0.19873589
0.36439927
0.30889886
0.28347812
0.19201572
0.20178476
0.27753196
0.31390444
0.28404929
0.40914112
0.28692791
0.34878267
0.39509736
0.29066769
0.30232470
0.35159742
0.33174967
0.38329072
0.21802570
0.26095189
0.28019193
0.30089370
0.27815080
0.30161593
0.25821880
0.23084321
0.25471747
0.26207491
0.27688673
0.33892037
0.31194774
0.37462712
0.16342710
0.25096506
0.28750289
0.35953237
0.11109334
0.37277897
0.30399999
0.39229139
0.26604694
0.50646060
0.34260194
0.43449867
0.32695069
0.26742244
0.28306350
0.33287084
0.31799524
0.26259563
0.33237119
0.19115139
0.29344364
0.38904409
0.25295848
0.35289416
0.42898350
0.35838052
0.21130685
0.41178419
0.35838214
0.38246153
0.26468622
0.30119391
0.31285828
0.24832775
0.23894156
0.35057830
0.38270856
0.39213843
0.39858453
0.32510409
0.35804847
0.26823547
0.35904051
0.43778043
0.10428305
0.25848507
0.30357528
0.28561277
0.40357086
0.37967903
0.21188180
0.40152369
0.38138861
0.24540827
0.40877344
0.29231771
0.26700338
0.18508915
0.34662247
0.28485435
0.24743713
0.20694460
0.35958252
0.41997142
0.28260610
0.16777788
0.30006651
0.19440044
0.24344203
0.37705036
0.27829637
0.31376453
0.24289221
0.20308978
0.22821916
0.34134664
0.28721177
0.36274974
0.31401984
0.30577905
0.42472440
0.38654343
0.24470820
0.30883814
0.38184325
0.34234221
0.21802570
0.24050327
0.35569192
0.33812875
0.28228010
0.29147472
0.28253025
0.29117719
0.25947169
0.26480676
0.25911174
0.38864475
0.39313086
0.34760702
0.30367414
0.23321753
0.35861236
0.33522363
0.14831260
0.34145907
0.35047171
0.36178813
0.30874857
0.42375830
0.38503108
0.48161120
0.36100353
0.22567071
0.28361350
0.26324088
0.25207121
0.36020117
0.39795046
0.18579463
0.24643816
0.22468098
0.24226430
0.66476855
0.42465932
0.38526358
0.36867359
0.41878516
0.24818625
0.30335835
0.23997271
0.34660222
0.26552829
0.27482771
0.24206725
0.24352604
0.38051663
0.42258123
0.40007086
0.31442799
0.36246428
0.32655074
0.32586508
1.00000000
0.17690582
0.26879900
0.30774753
0.30470099
0.39971374
0.34163237
0.25233083
0.35004800
0.36113485
0.35165517
0.39242589
0.23349684
0.29784372
0.20501768
0.46562792
0.29996738
0.21008985
0.22880625
0.33199288
0.28893576
0.30232918
0.17486353
0.26182037
0.11248377
0.22726849
0.42805441
0.28292927
0.28468957
0.21164812
0.21101873
0.26598581
0.32382686
0.27480176
0.42663465
0.29671600
0.33032383
0.33755471
0.30978576
0.33752346
0.34596751
0.33460139
0.40085377
0.21673814
0.26419689
0.18979023
0.30460589
0.29491493
0.38138999
0.26245042
0.25994215
0.24038665
0.22454848
0.28529758
0.34956859
0.29826939
0.35136106
0.21898896
0.20634018
0.31286058
0.28376416
0.14059737
0.35450153
0.30784296
0.37919884
0.31792966
0.52473544
0.39618857
0.46399128
0.33191854
0.19341545
0.28299088
0.36029542
0.26204126
0.30019905
0.35978186
0.17968642
0.24536813
0.34024854
0.19621881
0.37918001
0.39880121
0.38026360
0.22025114
0.42743945
0.34857272
0.34189490
0.26285519
0.30119391
0.34374567
0.27482771
0.30194180
0.31844644
0.40094883
0.35020604
0.36881095
0.28501311
0.38479749
0.32068109
0.34397740
1.00000000
0.12351194
0.24195365
0.29483849
0.25060196
0.37148792
0.26007492
0.23831245
0.48701172
0.34511437
0.36564903
0.45773455
0.23637332
0.23399744
0.22343615
0.38102669
0.29757904
0.20155827
0.23240580
0.27896116
0.48200136
0.26259078
0.24241751
0.31077971
0.17693502
0.22374393
0.37496038
0.29442490
0.33657399
0.22977709
0.19404671
0.35093150
0.31624028
0.28131714
0.39256389
0.30215361
0.36233869
0.42469808
0.46761499
0.21674877
0.33672538
0.36221223
0.40085377
0.19729898
0.22724218
0.43973375
0.38246153
0.24742337
0.38003112
0.29637622
0.25571802
0.23303501
0.32131154
0.30677422
0.24467688
0.25324313
0.27356906
0.23087028
0.20960090
0.34883614
0.28376189
0.14580681
0.31304472
0.26074930
0.32605975
0.29829478
0.43544441
0.45139857
0.46696623
0.34477014
0.26588846
0.31026104
0.32003488
0.28462182
0.29318730
0.32532669
0.15959826
0.25523852
0.34910377
0.20295897
0.57807032
0.48219686
0.36792023
0.34787285
0.38139817
0.37122114
0.37559554
0.22518496
0.36586119
0.30671868
0.29043973
0.30324141
0.24352604
0.42323949
0.43896020
0.37668436
0.27120219
0.37455456
0.30122743
0.31605211
1.00000000
0.17788320
0.24430602
0.27811164
0.28255591
0.43208158
0.35591073
0.26915826
0.41341201
0.29518308
0.33598461
0.37031655
0.32149299
0.22993717
0.24752275
0.38060550
0.22845616
0.25956989
0.21931832
0.33134865
0.31771969
0.29993978
0.18885330
0.29195354
0.09552239
0.25717064
0.42330868
0.27969024
0.36088369
0.21008422
0.17980936
0.25014312
0.30804179
0.26721003
0.38109581
0.30646599
0.45917113
0.48374111
0.49274223
0.31738415
0.32923100
0.41529612
0.46319198
0.21673814
0.24553119
0.37847049
0.32196657
0.29498766
0.33904376
0.30817398
0.27164452
0.25019876
0.23914541
0.25353523
0.39997449
0.27042601
0.34212775
0.22173953
0.24838279
0.34545454
0.42765292
0.14455785
0.34266573
0.27851797
0.39657093
0.29335311
0.53944920
0.45077081
0.55817513
0.28743525
0.26588846
0.27668279
0.22376721
0.28304079
0.26526996
0.34938095
0.19630260
0.30155779
0.28754629
0.23014052
0.60359219
0.42090496
0.37723585
0.39028774
0.40382667
0.42909185
0.42745957
0.22585667
0.28893900
0.31596207
0.24832775
0.30324141
0.24352604
0.30076469
0.39386545
0.38541172
0.28092716
0.37380414
0.27267985
0.31973173
0.50336780
0.18884646
0.25611443
0.28072824
0.23869298
0.32255747
0.39124384
0.21039160
0.43032001
0.31728174
0.26356776
0.58056228
0.32373266
0.26495893
0.22554935
0.26604196
0.24209676
0.25076477
0.20320154
0.27682489
0.52667904
0.19759593
0.25032844
0.27169296
0.19312965
0.34778926
0.33499200
0.25962552
0.25755700
0.17133528
0.11380960
0.31631134
0.35507730
0.30817398
0.33813535
0.26258848
0.38087605
0.45368278
0.43174987
0.24470820
0.26356089
0.31509425
0.24226423
0.27129311
0.25577880
0.23943497
0.28245024
0.23115155
0.31554274
0.29523328
0.19414227
0.23802992
0.22264802
0.21892639
0.35540259
0.39466602
0.32815262
0.22714931
0.20378261
0.28950066
0.30419653
0.13957518
0.32886508
0.23782051
0.34084848
0.31369327
0.35673908
0.39358785
0.49071028
0.22224707
0.26742244
0.33935338
0.51267562
0.21694163
0.29868202
0.30217546
0.19663366
0.21394753
0.33492512
0.15541498
0.52051650
0.43350903
0.41744115
0.30193081
0.36665247
0.18428678
0.30911259
0.18890919
0.19518744
0.28496421
0.24282062
0.21423129
0.41947317
0.33420586
0.45862068
0.33402608
0.31320662
0.37907701
0.30256629
0.27317643
0.38627685
0.16851188
0.24821775
0.28749344
0.30265168
0.43397526
0.44030779
0.28640762
0.37072869
0.29518308
0.35747720
0.48995019
0.20480699
0.22670649
0.20580041
0.31748437
0.29810698
0.21862424
0.26760877
0.33959545
0.34888326
0.26587543
0.22393863
0.28799391
0.17799604
0.21603848
0.39386413
0.24680253
0.29752548
0.18046306
0.14679375
0.29518912
0.31730686
0.26178179
0.33662698
0.33802722
0.23383263
0.31760474
0.32070877
0.17866005
0.21411334
0.32215818
0.39736818
0.17331140
0.22983670
0.15227101
0.32526513
0.26163448
0.28429344
0.23476041
0.23734279
0.24319816
0.24247164
0.31927178
0.31625412
0.35249739
0.30928060
0.22107224
0.25201002
0.17533875
0.37078059
0.11532435
0.30926877
0.31819520
0.35633752
0.26098890
0.39305289
0.40671067
0.53770654
0.32037760
0.30367856
0.28602262
0.30820424
0.29109074
0.25892087
0.35693235
0.13451375
0.23630118
0.25961659
0.23469986
0.58612489
0.45502514
0.33294588
0.27295409
0.43735134
0.36448137
0.29049579
0.24441442
0.28747335
0.28685581
0.19170519
0.31053339
0.35057830
0.36630420
0.43304555
0.37971770
0.32219439
0.41206609
0.31631283
0.27673566
0.41824362
0.12419433
0.22735708
0.30516963
0.27432166
0.50112207
0.37245198
0.25712866
0.40652737
0.29518308
0.36134879
0.41526271
0.30240540
0.29859236
0.20709070
0.35990792
0.27695882
0.19993759
0.26242884
0.34624983
0.37770370
0.30935896
0.23916918
0.27275926
0.11398801
0.26299608
0.38586949
0.27159425
0.34323302
0.18753159
0.19805291
0.25214401
0.33444147
0.27537760
0.39552044
0.29605513
0.34171887
0.34906629
0.43681770
0.32701102
0.29559972
0.33460139
0.46319198
0.28740479
0.25659941
0.37368645
0.33916871
0.24362698
0.36983338
0.27421496
0.26719913
0.23075035
0.23738190
0.29512580
0.28637958
0.33677913
0.34312523
0.25592118
0.22973446
0.33583282
0.40002987
0.11063872
0.35549894
0.36768949
0.39657093
0.30083778
0.42965777
0.49865674
0.42034627
0.31029486
0.26742244
0.26944264
0.33287084
0.25287171
0.31314856
0.35802112
0.17604401
0.26787769
0.36867122
0.18467171
0.59962119
0.48488184
0.34319157
0.38199551
0.43581089
0.41867108
0.41297781
0.23775416
0.28970764
0.29539678
0.26800954
0.30324141
0.24647462
0.28910691
0.39056778
0.31802753
0.30714191
0.34589404
0.27026281
0.28872545
0.40453071
0.09528516
0.15792389
0.29121101
0.30218232
0.18395458
0.40386104
0.20112978
0.32087733
0.24577668
0.40297703
0.29789766
0.20062929
0.23423115
0.26933156
0.36154635
0.24367541
0.16926433
0.18774903
0.29745884
0.47937145
0.24350697
0.19249045
0.25097031
0.17907634
0.31896320
0.32081673
0.29441540
0.26678227
0.18669091
0.12805996
0.21698569
0.36850495
0.21651854
0.34518343
0.32998499
0.16708199
0.27637589
0.30841884
0.32683479
0.19070875
0.36165169
0.52063093
0.28740479
0.14282029
0.22892164
0.24493435
0.36629865
0.15231280
0.21697764
0.32064589
0.24937029
0.17259272
0.30003931
0.31514840
0.31289840
0.45535284
0.18720334
0.25153069
0.24771445
0.36832587
0.12997635
0.30014602
0.27500724
0.23415180
0.30615449
0.38378110
0.26934865
0.18653766
0.26313524
0.26742244
0.25148969
0.40504388
0.30347501
0.24782255
0.40082375
0.18531495
0.30868884
0.24669349
0.19029291
1.00000000
0.48076742
0.40458491
0.27445042
0.46343701
0.15861989
0.39914992
0.26059994
0.31117216
0.27979645
0.19764026
0.19144538
