0.749737219959
0.720651691538
0.744710436587
0.0
0.684865373404
0.125
0.685739460041
0.649818032732
1.0
0.15264614677
0.679518985443
0.816990074448
0.836556704223
0.820184659318
0.838964928323
0.0492768148851
0.1
0.178666492619
0.666666666667
0.110822782658
0.108122737
0.534963427245
0.565969364816
0.268285520404
0.761567462775
0.644203346809
0.816527419221
0.740074165273
0.15115044635
0.0207918372414
0.608690489575
0.674589914664
0.491178389775
0.685224719427
0.724303649323
0.143865973593
0.100418532407
0.6125446199
0.107381896381
0.127118715102
0.778622536072
0.733166773179
0.0451711897579
0.755439252744
0.901234233456
1.0
0.0950765343354
0.520990714161
0.0456239493386
0.950138926758
0.830163773712
0.619903417489
0.0318810898188
0.0429081720654
0.660651205582
0.799854144051
0.0714285714286
0.764359226592
0.124750856349
0.124732697103
0.823529411765
0.741252898932
0.757662673723
0.08618217166
0.0837918808466
0.568557277503
0.647244470939
0.893404617149
0.718592235902
0.459030912619
0.0550671003988
0.614049723557
0.839850059479
0.155313756899
0.041893727374
0.0769464451351
0.955990593021
0.768576243593
0.0889254842258
0.770571156291
0.765654477039
0.7726685821
0.0
0.842108391983
0.659234408244
0.115384615385
0.157882963677
0.0807436312982
0.285714285714
0.158956349857
0.01736933267
0.686053210753
0.757108433825
0.19338900608
0.251607794421
0.68107430538
0.816259619227
0.750195905871
0.516729575791
0.844521448806
0.698436817202
0.906337335242
0.813864995921
0.836382378745
0.0555555555556
0.869717353317
0.70837350889
0.689133692607
0.8
0.0987050164005
0.665097413124
0.873477685804
0.785302543343
0.745991797526
0.797642824505
0.0179476841342
0.91070248935
0.33720689997
0.8
0.132811487757
0.15984541846
0.112158610737
0.56034158302
0.151574263102
0.737429722281
0.719743302309
0.945214313235
0.772727272727
0.624598197872
0.77078510479
0.70669492591
0.74512911766
0.480614174336
0.636339791371
0.679347397215
0.699338537657
0.0221910753238
0.0899011255476
0.0971208617774
0.198588230378
0.739160370524
0.0595536761496
0.727062311851
0.800591780752
0.807225455453
0.824619091943
0.654625837532
0.629830119863
0.806435127692
0.958441662771
0.792418524523
0.707160295663
0.151178920688
0.735715933232
0.653987111965
0.785714285714
0.0754786065817
0.702100291091
0.711739012653
0.128577469368
0.673169274013
0.851986531191
0.102452424944
0.166666666667
0.125
0.0831041182436
0.625281044751
0.885935632088
0.11097328843
0.462630581992
0.125630323651
0.729307327889
0.734381883068
0.633520646572
0.980812891024
0.0526315789474
0.825319745475
0.0
0.696699509592
0.646630177549
0.168985975689
0.736531502289
0.164286691442
0.832303952221
0.699016825654
0.0703192509228
0.738279719483
0.604017792987
0.142857142857
0.024574403984
0.215684760725
0.80868043983
0.112213502785
0.780827039764
0.0195217724999
0.0686120092105
0.893349401496
0.698887687017
0.573256333888
0.80357920847
0.742434213614
0.707751595645
0.790840560321
0.858109404698
0.836195308828
0.788885137267
0.697672235158
0.767840281285
1.0
0.0376872352001
0.719406556166
0.767348974305
0.797109572077
0.662829498385
0.602384517629
0.137215307342
0.6
0.178666492619
0.654459893344
0.221623855732
0.0885237213697
0.575722944488
0.299047148894
0.145390707521
0.739041020735
0.0507697575792
0.76669335756
0.79731812541
0.156430449668
0.722339613598
0.689182216804
0.629579801381
0.333333333333
0.856823973336
0.743361346668
0.107630797124
0.643691451405
0.507142984721
0.0939242276968
0.710605773645
0.20711911348
0.620402892577
0.075575223175
0.749848277257
0.823346016374
0.738045981051
0.634733229102
0.0
0.539805028627
0.909405650893
0.788153409436
0.773123233011
0.370173518646
0.531007832715
0.779774350444
0.850890415828
0.751218361438
0.564152084617
0.772422038281
0.0
0.664914538929
0.796883330102
0.628448164978
0.871109583236
0.25
0.1294774391
0.703292577744
0.597574493893
0.769230769231
0.566595072654
0.0523747513135
0.689217645577
0.630444499916
0.110876025185
0.894075586285
0.0699609815078
0.565638428799
0.138834471038
0.0706342623559
0.683916245124
0.75
0.982516482123
0.262577983544
0.857042294602
0.575863534246
0.102426708246
0.752556513954
0.623941983864
0.140360645044
0.791563362654
0.0526315789474
0.353923424582
0.176470588235
0.559052147012
0.701428337017
0.745600214642
0.91238710431
0.735578758897
0.642002760513
0.492108794932
0.341419172714
0.863825729352
0.120910665521
0.0
0.796189835894
0.0444242655514
0.719435040297
0.711227703167
1.0
0.125
0.763906993557
0.689454525845
0.815568967428
0.82020928591
0.738858327931
0.120096065788
0.1
0.33720689997
0.759373785308
0.0631157046284
0.712753511065
0.558775450841
0.038468123816
0.327885198518
0.805951897873
0.75
0.859862669118
0.860483797323
0.643917115662
0.711682293487
0.646228280702
0.689926923499
0.162595271562
0.632567601028
0.0834176649326
0.677486589417
0.691500873728
0.0468751659425
0.124611396266
0.423457458467
0.0225886467849
0.724671938405
0.0867960974204
0.769090717468
0.857723437795
0.875436785509
0.779878467045
0.0
0.850074190598
0.878710355329
0.808365525424
0.656780728779
0.42690583828
0.0
0.0206231327096
0.735604216935
0.0998464461437
0.630438315916
0.645985044836
0.0
0.675457600382
0.768830474537
0.9
0.0833333333333
0.179456279871
0.51609158449
0.618439515774
0.734627030089
0.806429949048
0.521958546007
0.151256541852
0.828597447823
0.799325871119
0.10789516744
0.961359235688
0.0336178630562
0.906973273844
0.978832502707
0.243872951719
0.0554173883638
0.864663508397
0.837473948207
0.830345940492
0.879939520967
0.642071089031
0.0520666635203
0.800575794623
0.738512493356
0.0
0.846153846154
0.0
0.674716907289
0.0800208245382
0.944387646092
0.797479108321
0.0357936045544
0.906564364667
0.786503229413
0.586805298344
0.757163781717
0.749737219959
0.840067394705
0.78352635495
0.157894736842
0.812329454766
0.908144146418
0.827038300685
0.746225289951
1.0
0.109023746201
0.101291140009
0.758399978429
0.806786537305
0.836007921436
0.852384517629
0.160166277073
0.1
0.735777492802
0.663134470524
0.167419622283
0.2
0.0253840613505
0.479687038209
0.151574263102
0.795463051371
0.599705477938
0.875060148066
0.0154710522715
0.917475741748
0.779382667287
0.630528212291
0.808922625926
0.273011386022
0.755677020021
0.820917207449
0.683764312237
0.828229865523
0.756367665428
0.123317790479
0.350468683257
0.776600509815
0.752750506286
0.772870597443
0.676268803279
0.794406181206
0.902459996971
0.115384615385
0.673141216877
0.821294330003
0.950138926758
0.0339141417211
0.656780728779
0.151178920688
0.209091247544
0.786344947039
0.733333333333
0.0476280227617
0.694620117405
0.779206235632
0.0452441360349
0.725864205825
0.786566125017
0.833333333333
0.108377708593
0.271741166653
0.145336200202
0.622349324358
0.833904545834
0.62769184594
0.536173836782
0.145394660224
0.840881779143
0.762839665868
0.0667879023348
0.982012085335
0.18220960303
0.95232314244
0.978832502707
0.659000092781
0.711322501656
0.125
0.789365129686
0.857142857143
0.96315968111
0.676491028406
0.0520666635203
0.746944507304
0.738948428498
0.214285714286
0.230769230769
0.122307341282
0.823397329073
0.117647058824
0.81012543701
0.756974929985
0.0710558508317
0.906564364667
0.819433651443
0.681201384663
0.783937129317
0.698436817202
0.862882686719
0.929717215315
0.0
0.852998973174
0.973011585448
0.818676189967
0.743898904331
1.0
0.0987050164005
0.729643900001
0.723460163936
0.820998113495
0.812580481641
0.696148279782
0.0588235294118
0.308426466525
0.33720689997
0.777777777778
0.276243263275
0.120806090405
0.28680076083
0.607210800611
0.404694675936
0.748671107172
0.62166117003
0.917866981358
0.837444061626
0.0453193385573
0.774483122818
0.743328775049
0.706124057214
0.222222222222
0.725492415779
0.924224586951
0.650311257336
0.691720542626
0.638553937553
0.539222349791
0.147779702303
0.727046858944
0.695142952605
0.8362887104
0.71415566622
0.803751354788
0.778910871083
0.795732169253
0.0
0.184973183144
0.909556404952
0.830571933959
0.619414978555
0.508495696354
0.589518492908
0.659634470096
0.846153846154
0.0
0.747627897081
0.690319914947
0.570255222177
0.702897310222
0.74102136685
0.9
0.0833333333333
0.695035874455
0.107241258506
0.536254126538
0.763437523045
0.695141588894
0.529224622059
0.0932166364382
0.889689797654
0.839850059479
0.591285936801
0.982012085335
0.129578024082
0.230769230769
0.978832502707
0.111111111111
0.0847690737935
0.807363338211
0.79660875813
0.854582234707
0.819447627299
0.71503167408
0.0280872281716
0.184649275456
0.682848089224
0.835711569613
0.846153846154
0.0
0.627706817002
0.117647058824
0.876585381161
0.68636799721
0.040800907291
0.906564364667
0.76362348276
0.699521784933
0.78116524793
0.904043301502
0.85989445898
0.791458463699
0.0713120978112
0.131345760108
0.920679077267
0.768313163403
0.806661066969
1.0
0.151794391436
0.0403375827798
0.724967064574
0.72871293409
0.0818950919741
0.0769230769231
0.0776921012236
0.1
0.0745475351334
0.8
0.0307547738459
0.150975316998
0.0601617866832
0.0195342570137
0.222222222222
0.65660250086
0.584100747248
0.862354822069
0.0909090909091
0.0730625142426
0.776555296485
0.643741510269
0.712067132145
0.725762776273
0.726208958293
0.838421045392
0.0504470535749
0.0537733128104
0.621543951221
0.0589529785602
0.49273572235
0.0
0.684943587073
0.0555555555556
0.69746626293
0.912582094478
0.877368702217
0.929355726123
0.784117044621
0.807498571616
0.812256582762
0.830571933959
0.619414978555
0.0909090909091
0.181818181818
0.790183969946
0.266666666667
0.0714285714286
0.652025953307
0.759351906442
0.0413993637695
0.822802921195
0.82486770876
0.0746160199873
0.0833333333333
0.0844182492504
0.17468562622
0.715183051767
0.833904545834
0.0244904752689
0.0790483566068
0.61434481189
0.814729547603
0.825290973977
0.183766072385
0.888776213211
0.148142211958
0.0568026049071
0.0833333333333
0.23515712875
0.0
0.118694799556
0.87569959891
0.843396252762
0.906196250363
0.583843140349
0.0520666635203
0.0
0.631668687669
0.928571428571
0.0769230769231
0.0190219053357
0.804154638875
0.0782363129842
0.116705143324
0.0526315789474
0.040800907291
0.913751721231
0.805406718856
0.587527265747
0.80357920847
0.698436817202
0.866122565889
0.845824955108
0.811631924267
0.814822496253
0.105310609909
0.708242757244
0.710966069463
1.0
0.219392395856
0.76358987271
0.715053094912
0.823669727746
0.823529411765
0.835044785835
0.0219222273815
0.2
0.164535239839
0.830242661708
0.0586129014671
0.325887350583
0.100407830776
0.658596923221
0.849139120381
0.624255060605
0.0880687025448
0.816135685503
0.762715001225
0.142460241527
0.750641808105
0.694267269458
0.673743295317
0.45223694946
0.715688124261
0.952380952381
0.660041868361
0.118900398299
0.0900317760629
0.137414747007
0.0524433214133
0.0434161855622
0.657615719969
0.823555995733
0.748809094345
0.884498696098
0.902459996971
0.897243880739
0.0
0.795130970134
1.0
0.917418524523
0.619414978555
0.504433780037
0.842442712941
0.76559982562
0.0954352695305
0.0219695384893
0.613671485465
0.696059620906
0.570255222177
0.7106402486
0.73944093627
0.923076923077
0.127188080788
0.695035874455
0.193157998882
0.6088223994
0.795054364353
0.0769230769231
0.454326507783
0.0286272829897
0.68212199828
0.839850059479
0.526681392806
0.982012085335
0.0204863404838
0.955990593021
0.119294086913
0.111111111111
0.708765103348
0.758102934238
0.787332910044
0.706072542993
0.943470379086
0.65919628722
0.115384615385
0.141141753393
0.685315180779
0.285714285714
0.190574282502
0.0694559767769
0.970422153664
0.176470588235
0.0954673183449
0.0715979165353
0.568772371304
0.836828644308
0.812891075824
0.642024032625
0.7631051641
0.698436817202
0.719043364295
0.730407450619
0.800189348633
0.111598303952
0.908144146418
0.778286663431
0.0516991367085
0.872848611608
0.089944144377
0.675646452666
0.65798269193
0.80842617069
0.825075116198
0.153846153846
0.0
0.1
0.147108066094
0.705242661708
0.0631157046284
0.762892739609
0.143031120174
0.117084270774
0.213968912219
0.69847456479
0.702567359528
0.701358486867
0.0909090909091
0.14879849441
0.657673039166
0.623583890823
0.663407666091
0.333333333333
0.795544218168
0.095941947711
0.04
0.0440157925988
0.677879134299
0.131774067043
0.195772453696
0.238950017096
0.721857271318
0.81566746446
0.667709033254
0.928143164603
0.933333333333
0.873125584664
0.211291579539
0.733333333333
0.858985560636
0.801173892649
0.927747879613
0.151178920688
0.028328472431
0.678953038901
0.775157908516
0.0
0.784561248571
0.650842305846
0.0380539671216
0.720804896235
0.0682719825849
0.0
0.892591319363
0.756348105152
0.0625
0.583061863683
0.0353247508059
0.605000964412
0.508009933854
0.110932067702
0.626762239653
0.839850059479
0.598011254985
0.139073121061
0.842330077306
0.95232314244
0.066693468837
0.243872951719
0.115669538673
0.416361222019
0.732766300655
0.271396415517
0.804531285053
0.0960656388229
0.0384615384615
0.801794123735
0.622098400819
0.022051050231
0.126071884891
0.0972169491863
0.879513062755
0.135739619932
0.628594367139
0.136642992191
0.550298665313
0.635076226872
0.926858609729
0.64146589184
0.632734810603
0.0
0.762918675595
0.936734046017
0.125079853276
0.131186631985
0.0585205305428
0.796995080879
0.727992148876
0.8
0.0943952086135
0.100127248468
0.673961781507
0.0807261142021
0.863030505691
0.153846153846
0.0872388157503
0.330613738627
0.164535239839
0.740797036388
0.0335382164273
0.088667821382
0.637814421614
0.0184378624594
0.333333333333
0.673086974635
0.603578332664
0.921641143029
0.0
0.412338445017
0.0884266149924
0.643741510269
0.663419411774
0.111111111111
0.668288330101
0.125
0.107743020027
0.0322580645161
0.0721906245729
0.203551586146
0.261177028451
0.0625
0.710181181665
0.7785301157
0.796002289227
0.71950442651
0.651679960391
0.779878467045
0.523957219672
0.0776718618955
0.717796624239
0.917418524523
0.162442495285
0.0602698297788
0.0493572393108
0.176220001044
0.266666666667
0.0969366564427
0.0588235294118
0.127158400128
0.199427883939
0.775604794628
0.0238923868702
0.102309024672
0.279577488201
0.213092384933
0.0820178755287
0.0516297908806
0.641156587835
0.0498777448102
0.404942247306
0.138453822462
0.843702246268
0.77016898934
0.133333333333
0.0588235294118
0.813964251272
1.0
0.066693468837
0.111111111111
0.116264555821
0.168985975689
0.112866357625
0.0482922692583
0.790765958194
0.592931538333
0.0608065703758
0.0913946762883
0.124579160859
0.0736168410533
0.0769230769231
0.0717308683686
0.740728812128
0.0800208245382
0.872247749091
0.0526315789474
0.0694748531742
0.836828644308
0.812819494386
0.489331872729
0.836502684608
0.749737219959
0.871835980567
0.834970014233
0.148429833869
0.834982357117
0.955879751085
0.788974301871
0.0618580657715
1.0
0.0987050164005
0.0150007873059
0.759633172133
0.828773690138
0.875
0.786816477811
0.0388379802651
0.1
0.182913936728
0.8
0.114088107179
0.0882559656236
0.163660060645
0.568314036531
0.304954111597
0.699525902764
0.539805237743
0.795478428661
0.827712543021
0.222222222222
0.78826125658
0.598893286129
0.746346838245
0.508766568142
0.698963896276
0.864678150156
0.0617171852967
0.0569511961655
0.589814807733
0.0812867467072
0.0
0.746461067994
0.651555068672
0.8362887104
0.860181267632
0.834126490267
0.780610950567
0.830716864251
0.720979923594
0.690697886435
0.909556404952
0.917418524523
0.773123233011
0.563636384383
0.0909090909091
0.71450373608
0.753344236329
0.142857142857
0.687984824083
0.748879536051
0.0833333333333
0.740982253255
0.0445735426361
0.0893173792475
0.203447633801
0.695035874455
0.131846388371
0.60080325504
0.764232049958
0.0363069148246
0.54437581426
0.0835636668456
0.873073910355
0.839850059479
0.102819163954
0.982012085335
0.095510633011
0.307692307692
0.1222155812
0.149597780555
0.704696790559
0.324217231636
0.814335564847
0.148474237688
0.947818811464
0.606081118043
0.041548858313
0.77280050537
0.144062789327
0.214285714286
0.255841574406
0.0165965830347
0.129510764364
0.0211972951265
0.906499687609
0.122393001671
0.0724367158901
0.823231031334
0.805406718856
0.598361694804
0.7631051641
0.333333333333
0.748538850826
0.0909090909091
0.740282801207
0.695749524619
0.908083945624
0.0586809917505
0.77958706908
0.2
0.202248478943
0.0522356286386
0.717345721248
0.0559669845188
0.472335715032
0.786816477811
0.0977246723792
0.0727076987388
0.0641941293665
0.1
0.0526963210038
0.0
0.104836531233
0.144654404121
0.0
0.734988867161
0.0287686028639
0.679581132838
0.806262832504
0.815533992665
0.695291687901
0.708511599619
0.598923152716
0.222222222222
0.755047879966
0.0416666666667
0.681325114395
0.689575740825
0.0491002135206
0.110911454086
0.310360667295
0.0233462187049
0.545675190339
0.815657590489
0.733552721779
0.62824904641
0.153968329258
0.717656857546
0.263046348234
0.58871544618
0.887907917848
0.888888888889
0.773123233011
0.0
0.700346328478
0.0907605666129
0.153507116338
0.0961256134669
0.541215497206
0.701818428971
0.0
0.612710460461
0.729782758448
0.733552721779
0.628225130147
0.114658712676
0.132260684887
0.115384615385
0.60312502095
0.0769230769231
0.151617398938
0.0361494012922
0.679322283
0.617152772812
0.577033210642
0.0588235294118
0.0526315789474
0.595808124006
0.0747262572535
0.692785561571
0.0564415340993
0.195780817554
0.754893055202
0.710902216254
0.967043002772
0.679588655243
0.0704876422412
0.129525451468
0.0462781129402
1.0
0.0769230769231
0.0526315789474
0.206433841287
0.0
0.471233525277
0.797479108321
0.634567835021
0.879648353842
0.759712428034
0.486966102468
0.674335848566
