0.749737219959
0.759943596341
0.779579320167
0.817043240271
0.71608903625
0.816417556392
0.707060456669
0.699289062352
1.0
0.634117755371
0.754106758025
0.762538756965
0.840808280674
0.82127460013
0.774429164605
0.589569794953
0.838165987045
0.761660629792
0.64983419937
0.797088576178
0.726067563131
0.519957243402
0.62805797006
0.875
0.779604085814
0.624054749179
0.728465087985
0.758365035875
0.650655384351
0.797359021771
0.608789654734
0.684143693452
0.538050673338
0.674331747827
0.703198186654
0.734062374009
0.754402837414
0.665069164733
0.623459989554
0.653407167944
0.765673177384
0.713056122233
0.809681503831
0.7411084712
0.916561013991
1.0
0.801567454445
0.56180284791
0.944258802085
0.873653039865
0.811388422584
0.677145231615
0.780067791955
0.518354083216
0.642879937026
0.789926147687
0.778925502908
0.750318934894
0.809408751776
0.604571424909
0.802990338015
0.763407622091
0.806908012915
0.549979843659
0.639981833682
0.614633457287
0.665216109347
0.833282249763
0.731557267173
0.522078312341
0.71358990777
0.658014088449
0.817961019235
0.588044262979
0.907945648149
0.888727497822
0.955990593021
0.770994144683
0.734332929202
0.798272085462
0.763842907868
0.748133566057
0.707051012933
0.827539494185
0.674698548818
0.693296318014
0.727202613592
0.699974254678
0.947645374336
0.909282242139
0.812957675656
0.655827598652
0.769377278984
0.714316050584
0.865394437578
0.69078595181
0.793918074266
0.784817647772
0.563798157886
0.781773616562
0.698436817202
0.803607775926
0.757000642994
0.802257032451
0.769507997959
0.871120753038
0.680417213838
0.718180391299
0.854292963242
0.634117755371
0.709475661171
0.811457130079
0.825329103065
0.7715342793
0.813111560098
0.657033976428
0.865167364882
0.761660629792
0.8
0.820980522292
0.735146348433
0.47000580448
0.590689953414
0.796623274547
0.756395284352
0.628416529308
0.815957961076
0.788475352981
0.692522537906
0.787973319204
0.658216146594
0.614563389507
0.5487120146
0.704436357752
0.707515354547
0.761033028033
0.841849837869
0.607622056883
0.553308294338
0.666188611468
0.762742987848
0.702001487281
0.749105734705
0.777623844575
0.720451991225
0.822151007501
0.673003630439
0.615131995596
0.819105101089
0.880002223261
0.815280989117
0.759554505446
0.498290193388
0.733659380713
0.664523673203
0.790683368844
0.715471040391
0.74939602882
0.709898792423
0.602151713664
0.731321312743
0.822229482597
0.734077290632
0.65942714653
0.773431784313
0.529933315335
0.653630222583
0.804191354372
0.708748948255
0.508823512276
0.758329070524
0.784010526871
0.691899494935
0.651468030128
0.947663291635
0.756263755413
0.723820221827
0.831259973722
0.714517545745
0.728750931838
0.812447484595
0.726817330202
0.774729566323
0.826885015385
0.625854965183
0.654019479701
0.782878697178
0.618477116753
0.869226293052
0.915715737875
0.767168979588
0.822632577978
0.82888503151
0.797393018495
0.83226232317
0.603717864388
0.857743550332
0.70688494435
0.628364410342
0.761302496394
0.814587614917
0.754266657322
0.808611832789
0.81807673923
0.817823440824
0.834698987158
0.718286314121
0.765116108336
1.0
0.58953228854
0.752831222372
0.767281460228
0.806203352635
0.69974852967
0.593225230722
0.555390281815
0.616500866037
0.702789998193
0.629262535165
0.631919224433
0.599288462005
0.591788675456
0.638366049476
0.846814354211
0.691408315552
0.541238699371
0.690755188946
0.787004107362
0.827802213049
0.696956834114
0.667138643323
0.589318590627
0.62672220033
0.869639826442
0.735990658461
0.759789110705
0.685209932735
0.548451688603
0.529348316493
0.73244877226
0.709308704353
0.627676103894
0.893248636539
0.733042944831
0.746647694587
0.757413769672
0.643272792613
0.788406747545
0.544876503618
0.773995400491
0.763736303789
0.739332595983
0.386114063555
0.579882297791
0.758330376109
0.865726962275
0.782387617213
0.509156957462
0.756318627216
0.638524872694
0.65066522544
0.813017128851
0.635136383883
0.812267839663
0.855507030169
0.531044230727
0.714094074251
0.645781211652
0.792066840503
0.615151207348
0.642393866155
0.701843582192
0.614115886947
0.509076578
0.843399171161
0.688424695101
0.572428516893
0.755290162287
0.609918845287
0.693417695054
0.809101603662
0.905009418147
0.935638474321
0.81462799609
0.639456062866
0.739409368892
0.771878907093
0.698405769995
0.779393954189
0.817834601134
0.835589787416
0.701704503913
0.900493676091
0.587232763289
0.774288127172
0.701024661707
0.710767786578
0.735530229979
0.638090278433
0.501250362935
0.663095176923
0.822248052414
0.97633238244
0.871410408813
0.800980098797
0.919134279308
0.736159620034
0.758239472401
1.0
0.717768148125
0.800181835997
0.706676186108
0.837972221517
0.81001071175
0.764641816345
0.638650007324
0.838165987045
0.761660629792
0.759373785308
0.944003656659
0.738586649668
0.55769056533
0.572741239698
0.806682164362
0.77885394408
0.71627172209
0.738381247714
0.841141637631
0.664833539276
0.761217284955
0.681348116101
0.694625931097
0.413101704411
0.656685748555
0.81541181187
0.719172370829
0.765134096088
0.699275422109
0.578683812877
0.649425012751
0.701138342947
0.707554089656
0.865006495539
0.764323305485
0.838438570784
0.841240091396
0.773503037675
0.790378850173
0.850590235684
0.810862279133
0.76732032802
0.642380509123
0.486801106211
0.690292404988
0.697976688581
0.77184601684
0.695891299831
0.641987474061
0.66069532055
0.630737474739
0.709039892258
0.77574506531
0.86527574092
0.791873316643
0.75612200706
0.582712669017
0.672697585881
0.714092701424
0.775413412546
0.542843829622
0.749519584844
0.785233650886
0.797321463483
0.624617628856
0.961359235688
0.766771803345
0.893081118254
0.916704251414
0.709051721324
0.799915293651
0.810622039122
0.820443376252
0.805027576512
0.835858774343
0.66483928866
0.745674258487
0.838574041504
0.781904934424
0.812213510633
0.886627720434
0.856414497718
0.708370913091
0.840287360745
0.894477441848
0.857203675439
0.648420885955
0.870525010892
0.803982082659
0.628486239377
0.718457487083
0.749737219959
0.821311634242
0.828023772163
0.819083243557
0.831967345849
0.892753946154
0.772012384235
0.786921486595
0.9
0.663959337874
0.801421375016
0.718368144739
0.806531472043
0.856477625235
0.833609846106
0.689304661704
0.838165987045
0.755438763092
0.608124296611
0.807498264871
0.768243932004
0.667929649686
0.529318808748
0.844602383637
0.735206403051
0.648605862251
0.759878318222
0.792861757443
0.904556120522
0.787451327818
0.573151282648
0.72733773691
0.659949177375
0.74146516763
0.804804105806
0.724436904557
0.835924079036
0.765660873959
0.575605922264
0.595956517156
0.775761617732
0.715663559722
0.823415725148
0.750134984244
0.790056351342
0.872377997072
0.840778930131
0.693433654824
0.808330695693
0.874029458477
0.758536448631
0.642380509123
0.521978318796
0.805270151396
0.752499345321
0.78510668221
0.725151672823
0.741492222653
0.766370086039
0.605810392277
0.748485611989
0.754691584052
0.885765969935
0.848685475149
0.705877913414
0.705460170946
0.686778011969
0.778740517723
0.648488317873
0.555238048578
0.735967307542
0.83900372
0.736106319816
0.532943691116
0.977674653496
0.842602211279
0.927904103318
0.916704251414
0.622388976515
0.757981541919
0.733243927837
0.721501472083
0.911475736467
0.915111273608
0.672896490018
0.738784459125
0.73775255099
0.738882928586
0.966666666667
0.885613060265
0.806218882424
0.857507997194
0.845307614618
0.797340648026
0.776700882072
0.583626088811
0.864846194345
0.789711938848
0.681747959223
0.72679811098
0.698436817202
0.821399314044
0.876331431157
0.849865504726
0.866226708581
0.925187665669
0.782085000507
0.743873316042
1.0
0.713549964351
0.795240340701
0.713450103178
0.823758722873
0.794516134869
0.703020840335
0.692711291116
0.836343288251
0.761660629792
0.738888888889
0.797972128969
0.672431095786
0.71023202579
0.599250317709
0.912237719917
0.73516664515
0.600766775117
0.764277275441
0.817383091572
0.679391954445
0.770240729819
0.637717021695
0.657775846265
0.48755690519
0.693965717426
0.896723385584
0.712129003292
0.741661387932
0.689666186652
0.587163397857
0.615099862156
0.718185117919
0.678289339009
0.875765708871
0.747592452005
0.812442049458
0.781026010711
0.764908490352
0.790378850173
0.835098570142
0.829171924453
0.811592502708
0.623002232992
0.50132280052
0.648767234077
0.695505732203
0.820903149063
0.766127367469
0.774840097255
0.720720990189
0.610457982512
0.687712830841
0.7684832599
0.86527574092
0.764723374358
0.717404828599
0.629230757812
0.582226160714
0.740525002693
0.693144451148
0.567083520555
0.746178505101
0.830496385778
0.817961019235
0.629564919717
0.977674653496
0.838395715894
0.861063683111
0.916704251414
0.61390264508
0.758733377788
0.829602122172
0.767662896084
0.854582234707
0.839453973197
0.685125112933
0.71705280747
0.782088943158
0.688712524415
0.855101913628
0.886752724592
0.856414497718
0.668281590223
0.865873545454
0.906460685021
0.758783461599
0.671266671211
0.870525010892
0.810028743324
0.691285701069
0.755772563784
0.904043301502
0.872512779861
0.772466830197
0.80552675991
0.82183048133
0.891907856102
0.795715037613
0.817156382558
1.0
0.662599235521
0.76782802253
0.744793556695
0.778434480828
0.757774470808
0.615109387398
0.683687194406
0.838165987045
0.776969032505
0.8
0.842678946418
0.718499392724
0.707182433466
0.612262539546
0.812534482126
0.719797315899
0.584548217868
0.769700016947
0.708148771216
0.885929974335
0.760385678866
0.658670674604
0.703438154065
0.76369785918
0.702618628091
0.842940763996
0.692176588304
0.795798228697
0.672707786061
0.573220700155
0.750435113761
0.658740019249
0.690977830885
0.851038265251
0.771332443896
0.843712006282
0.854766529023
0.904285629429
0.7172853665
0.846358613368
0.814952975141
0.811592502708
0.623002232992
0.556962068522
0.900905837822
0.802997337841
0.758125744258
0.747674657242
0.699416001145
0.747818774957
0.533698793054
0.803779139879
0.830810975722
0.637683652601
0.667295185673
0.650144603546
0.633484808729
0.730380569509
0.810895125582
0.651688494119
0.540267310369
0.654564009212
0.721324010921
0.762042800989
0.541001964819
0.923399812325
0.900728827789
0.896101812055
0.829943166823
0.700771689503
0.821123502621
0.777179888476
0.838934364499
0.834479881345
0.849890417434
0.605156075316
0.707624797918
0.865162458938
0.685829533151
0.928571428571
0.916907108228
0.828378923314
0.8335835284
0.888593236022
0.884343948436
0.833091433755
0.662328620967
0.888619489379
0.821872885168
0.633080966307
0.761302496394
0.698436817202
0.876271459481
0.889551812715
0.828424406275
0.817162895527
0.871461818913
0.721956756541
0.742226033501
1.0
0.769781704176
0.763273056874
0.696083675553
0.858972498265
0.866268146759
0.835044785835
0.71091529124
0.851680171183
0.702789998193
0.791678392203
0.781105501576
0.8082305862
0.598080895477
0.682121306329
0.849139120381
0.659080028647
0.651252521108
0.740607022069
0.782615474504
0.693049240281
0.771756346097
0.617647835627
0.660244026501
0.507900571257
0.730833151308
0.920726850325
0.727014228336
0.819400066577
0.6798772008
0.568856349589
0.616487949271
0.704339861822
0.682335561338
0.833108027447
0.764544795576
0.897314673434
0.887695699595
0.896297204253
0.75633876239
0.812428318513
0.917319386076
0.893570569277
0.623002232992
0.504433780037
0.82288173596
0.748703482092
0.769013447222
0.74641108961
0.690281860025
0.751216964902
0.626838591148
0.722902619604
0.754651568703
0.960644127039
0.705141813549
0.717404828599
0.648928943425
0.640522153776
0.79278814329
0.755125333128
0.518167218536
0.75104615541
0.693662005287
0.817961019235
0.544896828842
0.953129376943
0.841116353886
0.955990593021
0.837627835251
0.705153482023
0.737041725101
0.727166121011
0.76845987912
0.741770078061
0.854186647243
0.676371216063
0.80154971837
0.782338820885
0.697716036024
0.979772465836
0.871332694525
0.828291932503
0.909262449075
0.784302021879
0.882141040919
0.89427766394
0.58496738484
0.849268964508
0.837026643438
0.634156870103
0.723941840053
0.698436817202
0.748498802996
0.774063635842
0.82580531118
0.812282018787
0.892753946154
0.761364802137
0.803816025939
0.872848611608
0.789502046868
0.740113192398
0.67030438046
0.81743985128
0.822381409937
0.820238492074
0.637361170273
0.838165987045
0.761660629792
0.679178392203
0.944003656659
0.762845852331
0.6925109894
0.639003920445
0.637996602298
0.707926249943
0.700401269894
0.690987713588
0.690680511459
0.911579783902
0.652514988615
0.647452077995
0.590353751544
0.732531941962
0.79174687058
0.717899076134
0.750831810147
0.738129182044
0.697729085448
0.515472605065
0.722644990139
0.71285409268
0.711008429564
0.805059251748
0.667506771061
0.875610181057
0.933333333333
0.871227386759
0.656826941407
0.76960285709
0.761579061492
0.783827685915
0.778146381154
0.512753565913
0.645430636814
0.713805170079
0.779203736022
0.730804711556
0.807099561199
0.650932170128
0.598312563068
0.669468595823
0.703564277613
0.798530688423
0.892591319363
0.77798962587
0.611713466263
0.649092446166
0.676786386555
0.610189810924
0.534522120062
0.731919078255
0.664735112304
0.817961019235
0.629886762073
0.828358705174
0.78568657206
0.927516925755
0.731152430912
0.699767752579
0.785999417159
0.934335515976
0.685620328379
0.858640416545
0.794315143905
0.63593361874
0.687739061319
0.813688603487
0.633350132198
0.919704860873
0.876301265602
0.872533174796
0.840468441123
0.820633548047
0.672284064429
0.82195161968
0.563496062855
0.636030546607
0.862448016339
0.622839388482
0.643095806659
0.852381988389
0.763435635495
0.944839040971
0.791562134876
0.78526490123
0.891373481771
0.77486098184
0.757772007602
0.836424305804
0.698887881545
0.721224525174
0.712428747633
0.753110246635
0.883037304471
0.883768502714
0.747106156404
0.781501449028
0.702789998193
0.750085410848
0.869003656659
0.664499474356
0.62571271354
0.619316684062
0.762268552757
0.721248366407
0.59157191723
0.813275509525
0.796097267721
0.779309666203
0.762306698356
0.65162256029
0.673562653099
0.682491165922
0.660823957935
0.876967034743
0.705472572309
0.765974843249
0.663679556858
0.553709457161
0.754573100146
0.681095118822
0.703361661468
0.814143558946
0.813457747831
0.717065777923
0.672011965183
0.766644047705
0.56488897848
0.672042798466
0.727695177905
0.893570569277
0.522771429736
0.580316591359
0.635618692493
0.666370163107
0.758751001182
0.706063596118
0.593203350941
0.718983560935
0.631912778235
0.762573053957
0.771424356148
0.765720209763
0.862988551748
0.7431324918
0.665158923522
0.667674753246
0.658567915952
0.792754343718
0.459518927899
0.652631908599
0.838196103413
0.78869117794
0.553994679081
0.906679687891
0.83378638293
1.0
0.832449931344
0.725704109376
0.785176843757
0.773379500283
0.771203052119
0.779852742109
0.818324798451
0.577536029734
0.725298447712
0.721360200375
0.727271421857
0.918085974209
0.916907108228
0.839518794947
0.773729234069
0.896014914925
0.900919468399
0.732229752681
0.626025113494
0.839379910486
0.813113801592
0.533448758027
0.834254578917
0.749737219959
0.851142943246
0.850735402433
0.794921648576
0.836762760257
0.926008508864
0.759720401851
0.718698843467
0.9
0.651029121739
0.759453980536
0.723310386694
0.81556132582
0.892693398547
0.786816477811
0.743232478756
0.838165987045
0.669993963125
0.8
0.840735495577
0.801896995279
0.702001168993
0.626235691802
0.78514320374
0.732518799935
0.572124680254
0.792093140334
0.849109363701
0.757509158477
0.784361672692
0.644649037009
0.69775792352
0.520047152364
0.705601217868
0.867228625687
0.688922153787
0.797769565957
0.637691993289
0.610225744811
0.599685120773
0.736385938902
0.684272315005
0.877608961666
0.793992935568
0.795673429533
0.763493362316
0.829151868729
0.741272361542
0.754115996804
0.829548343065
0.893570569277
0.739332595983
0.528337257984
0.805270151396
0.730058625452
0.77439722816
0.792046817666
0.702821663659
0.744042791905
0.523656053081
0.720459823821
0.831232338592
0.659965504989
0.704307903952
0.717404828599
0.652825522001
0.673995242884
0.758668391908
0.683492639848
0.572321996238
0.745019485588
0.796034243053
0.817961019235
0.620202451612
0.977674653496
0.900728827789
0.816152739548
0.862952832087
0.705153482023
0.771985778232
0.764478881288
0.796142093986
0.863977180306
0.870644312419
0.58894273885
0.755867053183
0.827815533227
0.6684165363
0.966666666667
0.879727244217
0.798273320453
0.851604186143
0.826494174045
0.932080283193
0.874650392715
0.583626088811
0.789846194345
0.828669191782
0.657444312637
0.723941840053
0.582012080507
0.76267738438
0.783112009666
0.744902917454
0.713331890105
0.882402635666
0.727580330121
0.800667057903
0.859275645579
0.535856620162
0.721300737367
0.717696797729
0.78660317649
0.508150812549
0.786816477811
0.645606529595
0.669785387494
0.611123331527
0.790624447867
0.66706745264
0.664518922461
0.59675395696
0.690492377796
0.779906557107
0.725144525331
0.53899130956
0.616988791104
0.777811712797
0.871562085729
0.690358706388
0.632170089227
0.629947017137
0.52959434059
0.761796741443
0.712070541791
0.744310498845
0.732004762315
0.601266232696
0.460645443251
0.612791474024
0.788204686327
0.552240167975
0.800185528538
0.717140829531
0.641922239951
0.66363644236
0.715008379632
0.771911123951
0.608981519293
0.848580938545
0.888888888889
0.735814913
0.325517143875
0.668512404456
0.584424098348
0.775908245368
0.705337270145
0.588904144627
0.690354404772
0.588525089351
0.645925641213
0.741396374668
0.788120379702
0.673716390601
0.779760974341
0.639470079
0.687571721378
0.639589861148
0.657049712138
0.575432574213
0.64172753544
0.717300595745
0.604336442322
0.59136402265
0.892467880092
0.69179671681
0.624266071601
0.773361929065
0.710603597724
0.674237171879
0.808167319528
0.762942363286
0.75464763246
0.933884248152
0.682611615758
0.763535191247
0.637998598325
0.677422365044
1.0
0.916907108228
0.848186941294
0.727387965357
0.899587890298
0.541638570893
0.857839150746
0.659033109112
0.890551304776
0.750697897067
0.555127731523
0.652370183473
