6.87399887
6.46041316
7.06150975
6.16367549
4.20719111
6.13391178
5.36462202
5.30349403
1.20744914
2.25518199
3.75126023
5.18975930
6.03929953
7.83331849
6.06911118
4.18287542
6.00521107
4.83119780
7.39789235
5.53592810
5.02066815
3.69700773
4.65973693
7.20076164
6.68768637
3.27209641
4.18959656
5.99674897
5.00421242
5.48903250
2.81084389
5.91374338
1.12908451
4.66589893
6.53220974
5.25624082
5.90500644
3.89451373
4.75891836
4.58117055
6.48386927
5.46459659
6.69456046
6.55019943
0.29597899
1.31604736
7.68071480
3.39682982
7.58600325
7.49763564
6.73178099
4.48572991
6.66288556
2.99904473
5.62774877
6.42778531
5.94043952
5.48995108
5.89021757
4.80943953
4.88140521
4.64081130
5.36010574
4.99705371
5.06486625
3.35015569
4.45358096
8.78240556
7.02731603
2.54088335
5.95523293
5.63423648
7.33432731
5.26858446
8.52861015
8.50639939
0.26817529
3.71465971
5.47577945
5.46090948
5.40980137
6.37331829
4.00184515
6.43823376
3.66433910
3.88283783
4.67274053
4.20094213
8.42406456
6.68263205
7.00114453
4.08298902
6.97343347
5.54536480
7.09529787
4.52128615
5.87659521
6.23420743
4.51994441
7.01756228
4.57893450
5.63315654
7.67569974
6.21511473
4.97470577
7.70031116
5.29994330
5.51507338
8.37832921
1.84289852
3.89995312
5.82892932
5.53760553
8.09266630
6.98668891
4.65735238
6.59912863
5.40323389
7.87968338
6.01613764
4.62990957
2.87793673
3.60254772
5.41813359
7.14028525
2.16684369
3.60874553
6.37289509
5.30878105
6.09615299
4.50089851
3.06146319
1.49386929
5.08313247
6.29598436
5.60210379
7.01469114
3.30296266
2.78021161
5.00038741
7.76089603
5.64710121
6.26158628
6.70807391
5.31264844
8.00057084
6.05574057
2.94393961
6.76740828
6.33439612
7.37019593
5.56933199
5.28850757
4.08018698
6.29681554
5.89314827
4.69899477
5.71346941
4.80456600
3.92295086
4.89646123
6.66962484
4.08394697
5.37693655
6.84859409
3.43738166
4.06661474
7.35647754
6.12606863
2.60567070
6.11148140
6.08692946
5.09053822
6.57246830
9.99194268
6.34407394
4.93380340
5.90246941
5.04868209
4.94609216
6.70671758
5.74197984
5.90885740
7.24665705
3.55408784
5.42967989
5.83295755
3.66815494
5.50748049
5.74384531
6.11437017
6.61634209
7.27905635
6.69457542
5.62843861
3.47189401
5.52792008
4.58729931
5.72510235
6.56785748
6.87399887
6.19818738
6.97465444
5.70209832
8.56330959
7.35513252
4.73034398
6.21181437
1.20744914
3.06811173
4.59778965
6.34546293
5.15927968
6.27032462
5.34766742
3.39032158
5.71459180
4.21427810
4.93778402
4.31498859
4.15427046
3.84945965
4.60631811
5.11522190
6.23214253
3.92842974
2.46178468
5.94792518
7.26287505
3.02929188
4.92350495
4.45201933
5.38974564
6.46619375
6.44900087
5.61898763
5.55419859
2.97672171
2.60140517
6.36523245
5.89826300
4.75280582
6.92649769
6.32744955
1.43633652
5.71878168
4.24337829
5.04118380
3.02199975
3.99319529
7.38820424
3.29561901
4.76699231
2.90582897
5.39261776
7.40928093
5.73865380
2.13813089
6.25860120
4.91826821
2.42720985
6.56317078
4.61815372
7.70085640
8.03433180
2.80339366
5.02351344
6.17742463
6.43870181
3.82875405
5.28514618
4.98938868
3.46679774
4.42906804
5.46984194
5.08158996
3.36564929
3.84650059
3.07452480
4.63869047
6.95491165
7.76321411
7.05869826
6.00924227
3.40632818
6.47419534
5.30167497
4.30070662
6.42634747
7.54359234
7.80291845
6.12755964
8.65011479
6.51569483
6.59113345
5.02354874
1.72036314
6.48508639
5.06007768
2.84936285
3.42497238
7.14650485
8.96067564
7.64847794
6.05284154
8.23274003
5.24984136
5.86233130
1.20744914
2.86486253
4.76773753
5.39736612
5.76062318
8.09266630
6.07808258
4.46671944
6.61667774
6.05122183
7.61895257
8.88584890
5.41567864
3.36342552
3.49015471
4.93682284
5.86024467
5.14467575
2.70752107
7.28979218
5.00421242
5.24913082
5.77236681
6.06272525
2.97257847
3.81095471
7.35064918
6.10521428
5.83951854
3.70101671
3.89086531
5.97902875
6.46875593
6.15423668
7.00145599
6.30621514
8.06772513
7.98304861
6.28305423
4.95785046
6.76740828
7.59652619
7.71225258
3.91044948
4.99347123
5.56172854
6.16473045
6.58558056
4.51394384
5.48953400
4.79242900
4.48763979
5.07613960
5.59347478
5.91457275
6.48908192
6.54674055
3.17354231
4.82416403
6.34357917
7.66647236
2.73078570
6.89914224
6.36222908
7.33349733
5.43270481
9.32880239
6.36940891
8.80704456
6.37610587
5.47577945
5.17562363
5.76628496
6.44697370
6.03448397
6.97359850
3.84544863
5.96514372
6.59111633
5.44081603
5.18856812
7.05355977
7.36293922
4.06780933
7.64400405
7.43847947
7.43949441
4.59241803
6.97342475
6.88272366
5.40478101
5.61968197
6.87399887
7.51584056
7.26506843
6.34803905
5.87901185
7.90948567
5.44148191
6.37292769
9.36879943
1.84289852
5.16505813
5.75666895
6.10588106
8.42713153
7.17249856
4.69661771
7.01949915
6.41788891
5.02283071
6.50905671
4.71732958
5.15401094
3.92712482
4.93682284
6.05743879
5.02147233
3.17074155
7.10549403
7.94476021
5.14150445
2.83848469
6.04459961
3.70030518
4.54415792
7.85880131
5.04838567
6.58292130
4.82697996
3.53303497
4.58655585
7.58609120
5.97967167
6.57567339
6.69307165
7.41701966
9.13158772
8.18694388
3.88420291
7.71334103
7.74151479
5.73605047
3.91044948
5.43780138
6.86463623
7.13991584
6.27819045
4.07329776
5.75429568
6.00641178
4.44353147
5.42575325
4.86993471
6.60678358
7.23806236
6.59241509
5.52792636
4.78499152
8.26106130
5.98695128
3.40049761
6.25396470
7.71556367
6.70167052
5.86465043
8.33967015
7.00032040
9.17422952
7.47866617
4.23826133
6.05833426
4.64463393
4.80048507
8.06559709
7.52308391
3.49686433
4.90400554
3.76932763
5.55991559
0.18571841
8.19109760
6.94284447
7.26052778
7.23476038
3.56094407
6.50252424
3.98268831
7.52023045
5.83826640
5.84013996
5.98615816
4.57893450
7.91856057
8.24086261
5.98463466
5.15615208
7.91449817
6.13938244
6.53336661
1.20744914
3.68902762
4.62571958
5.52634617
6.10170517
8.40450136
6.25495607
5.43262991
5.84199202
5.40323389
8.30354889
6.50905671
3.97031900
5.79122668
4.45210265
6.94498160
6.35600922
3.57111604
1.67124883
6.52505404
5.13922396
5.69354552
1.69394298
5.62856557
1.45960062
4.81331960
8.95747996
5.46183601
6.25347773
3.99959081
3.80322402
4.39482606
7.16554140
5.89110261
7.23118856
6.11213255
7.70652029
6.43596346
6.53475922
5.84808899
7.28281087
7.59328109
7.94005219
4.32258999
5.77583809
3.30125436
6.74019650
6.73725999
5.71187333
5.44094909
5.31780069
4.50605317
4.66400523
6.05188673
5.91457275
6.52751795
5.98467183
4.09491698
4.00567737
6.60943240
6.06770096
3.61945966
6.74476681
6.95918204
6.81184787
6.62842668
9.78723777
7.47446647
7.61938562
6.29375356
3.75068811
5.60733910
7.07694958
4.47443493
6.91397972
7.15957381
3.56821415
4.97055636
5.71537975
4.10846407
6.06275424
7.47226120
7.27723209
4.49036750
7.13667260
7.33378941
6.79595645
4.45309206
6.98764245
7.25086980
5.70383072
6.17242529
5.93997315
7.56658414
7.17963467
6.31650062
4.76980687
7.49588754
5.42403096
7.04387727
1.20744914
2.40755837
4.22290345
5.75040171
5.04392787
7.25958016
4.45156244
5.33088277
7.75018884
6.14546721
7.76559851
6.88195805
4.07817202
5.47258958
3.66819332
5.90062439
6.10260922
4.29252904
2.87795841
5.18421825
7.90038469
4.37060936
5.59540415
6.84117360
1.01928177
4.66693213
7.91641744
5.20944071
5.72728194
3.94333230
3.14716129
6.76590691
5.85871617
5.93079243
6.94161758
6.75145836
8.35202340
8.46979046
9.67094554
3.66121361
7.53657245
7.47229218
7.94005219
3.58364554
4.65034899
7.94738546
7.82924909
5.39368354
6.09323385
6.26624754
4.90742092
4.24496805
6.06056639
6.81114313
3.25497300
3.94715716
4.68304585
4.23771575
4.15857254
7.46381167
5.01448241
2.58700052
6.28106411
4.61799624
5.60464563
5.13917375
8.27801197
9.37939600
7.28551503
6.48838778
5.04868209
6.18654529
5.54127502
5.07951895
7.00303842
6.46948355
3.07278157
4.62690538
6.24906291
3.95960929
9.42280077
8.91171933
6.94378863
6.34082189
7.64507014
7.61151556
7.08400630
3.46557097
8.04458461
6.49526238
5.74669786
6.56785748
4.57893450
8.27461191
7.88289620
6.46765516
5.55806369
7.58682594
5.94576316
6.16673460
1.20744914
3.98144952
4.54541072
5.11317035
5.88123079
8.28836961
6.81033680
5.47521915
7.90670174
4.33777456
7.31413207
5.82684197
5.76001472
4.95682761
4.15065957
6.08989222
4.94945633
4.94737382
4.08292444
6.71028833
4.79598434
5.01255628
2.84025664
6.54227581
0.75185106
5.27863821
8.23239392
5.04141323
6.71577292
3.90416314
3.57729816
3.85037128
6.23590558
5.71413613
7.64512960
6.90577304
9.60503551
9.03147814
9.85934734
5.04118380
6.79434697
8.37726686
9.32671482
4.32258999
5.35806110
7.52831307
6.27261979
6.46128834
5.56864271
6.36232892
5.71425610
4.87896132
5.06877439
5.16643883
6.43958836
5.25038352
7.77133187
3.34619216
4.60410960
7.76883815
6.67730304
3.19877677
6.21812109
6.68134707
7.33432731
6.31064790
0.15251717
7.70883450
0.26817529
5.10872600
5.04868209
5.60668650
3.87958376
5.39567590
5.69200315
7.01103194
4.26823701
6.43735838
4.76219723
4.73918708
9.67022186
7.75746874
6.86113751
8.31262160
6.93718391
8.19916112
8.08589998
3.82288604
6.12647380
6.85232783
5.66899344
6.56785748
4.57893450
6.41046414
7.79671455
7.34981883
5.27054813
7.36774689
3.79860779
5.85346999
9.36879943
4.87702549
4.89465675
4.62398074
4.83936568
5.57322147
7.93001254
4.39746019
7.89156496
5.14065909
5.54952071
9.37949340
7.26830907
5.30464947
4.39584458
4.31359622
4.25183601
4.82263431
4.48075732
5.19036167
8.70054015
3.70360209
5.62739103
5.68281264
2.66368211
6.29036067
6.21899656
5.23841630
5.73022934
3.62686362
2.36239672
5.82933396
6.69299117
5.87594682
5.71863330
5.92216306
8.87582889
9.15002624
8.89602179
3.75212270
3.79483480
5.93466900
5.57111170
2.21889343
4.30996221
4.02247530
6.25181429
3.60336340
5.82168111
5.81766686
4.49066095
4.20942703
3.90763561
4.46732492
7.16838395
8.40760372
6.51523969
4.00729172
4.27182530
5.21771113
5.53289107
3.10906202
7.12773341
5.39731432
6.40465900
6.94892128
7.26345569
8.38804596
9.54868683
4.26316905
4.83235374
6.52015641
9.47105789
4.37695772
6.23100939
6.28567669
3.89282862
4.46857780
7.00157057
3.57319940
9.49321429
8.23810721
8.12101475
5.80052923
7.38322194
3.70743684
6.60972918
3.69817259
3.42381126
4.19697927
5.05346978
4.04061138
6.38349082
6.56085749
8.75086692
5.71609000
5.10553879
6.95858889
5.79605922
5.08264061
6.60491914
2.86325588
3.92458608
5.52535166
5.68985728
8.94149711
6.81992240
5.20503383
6.02717288
4.33777456
6.95586414
7.85090498
3.03760517
4.61683655
3.62184817
4.03043723
6.38219235
3.66554287
5.03416831
6.29462682
5.67958387
5.56111429
4.86963408
6.07294238
2.87998830
4.61652906
7.64496992
4.30625936
6.47557420
3.14687262
2.83986009
5.32462279
5.90221553
5.53414487
6.53258872
7.38669316
5.38727949
5.82516875
6.97340566
3.84996371
4.62589537
6.40460755
8.50835354
2.70665802
4.49152561
1.58848032
4.54702157
5.08294105
4.20980801
4.26093089
4.76876829
3.94165491
3.77591728
6.39572702
5.07606320
6.00769100
5.12982943
4.11566063
3.87305103
1.79237144
7.18814648
2.47611173
5.24975529
6.70126596
5.91509959
5.05202487
6.70735449
8.18777392
0.24053159
6.53809765
4.75113983
5.37438744
4.68510653
5.59452467
3.43028617
6.94220352
2.75879222
4.06986119
4.23109672
4.47743749
8.42167491
9.08234286
5.60763969
5.13006297
7.48185879
7.59659696
5.87911893
4.15224608
5.96433869
5.95872597
4.08455676
7.03228900
6.87399887
7.38864452
7.99923137
6.03102828
5.91200979
8.46763871
6.02126752
5.15324354
9.48501005
2.58203756
4.34655946
5.17672581
5.31494931
0.22251422
7.14714091
5.59798114
6.56355537
4.33777456
7.87968338
6.18575722
6.14869114
6.19170993
4.19779842
4.80189065
5.99913751
4.01596849
5.57771306
7.38498715
5.33614101
5.82246733
5.62808799
5.45653802
1.17105121
5.14191182
7.59057284
4.73755950
7.13166429
3.46958248
3.83918787
4.68239875
7.26364411
5.50415258
7.57110833
6.65564904
7.90197452
6.94499917
8.85160108
5.56895556
6.31461667
7.37563472
9.32671482
4.83860910
5.96838680
6.75233398
6.81344871
6.05949283
6.05159850
6.09783446
5.39438131
4.05905875
4.40104228
6.31590952
3.84328828
6.40112444
5.78604813
4.23447696
4.48787842
7.05151445
6.30818211
3.12439483
6.30946767
7.02645459
7.33432731
5.98098633
8.53034192
8.99321178
7.92419396
6.24617840
5.47577945
5.23751659
5.76628496
5.24475325
7.59154209
7.57099897
3.79665270
5.34373128
6.85231151
3.93944951
9.27483654
8.87297071
6.77069185
6.78453191
8.10727361
8.04066828
7.22044100
3.98268831
5.71331424
6.39331095
5.61717212
6.56785748
3.70958207
5.96123819
7.73633713
5.27107920
5.07970811
6.83227505
5.24457994
5.77962339
7.50411438
1.53422690
3.17835692
5.75644087
6.31928728
3.77004462
7.32777079
4.29449229
5.83876406
3.74798581
8.38811829
5.01457914
3.73259611
4.47637362
5.87339235
4.92830746
5.46269715
3.46953145
3.25228258
6.25134188
8.34402289
3.85835144
3.09432577
5.79392052
2.90426478
6.25572890
6.21359233
5.82345143
5.70002850
3.14226114
2.34926660
4.88277455
7.18011236
4.98930389
7.00694279
6.72637369
4.14683335
5.46040807
6.06395628
5.95927782
3.60698346
7.34465939
9.58616939
4.83860910
3.28972016
4.61927951
4.42993978
6.91737965
3.51975855
4.19258562
6.74222037
4.64475046
3.25597497
6.10858197
5.37145843
7.05398293
8.16406570
3.38915279
5.23167223
5.14059356
6.14452096
3.14474155
5.13592072
5.36384405
3.27242748
5.82393596
7.61808866
4.48408124
4.07996236
5.26218035
4.83235374
5.37190250
7.47639188
6.53548605
5.61117272
8.70693917
3.69258347
6.02867218
4.24313894
3.72324996
1.18445864
8.69117731
7.79448646
5.27254840
8.57477833
5.78001224
7.98933941
4.81112247
6.04867119
6.06555236
3.99452418
4.82885053
