0.124956203327
0.0420988975
0.0793696505685
0.0412763744292
0.0416587128492
0.0563988461528
0.049428178899
0.0286342114661
0.2
0.0772916256213
0.0491513597024
0.0403796058997
0.0640348674533
0.0503229169545
0.077745095445
0.0324522324361
0.075
0.0789221491568
0.0787317696093
0.0614727251501
0.0580372261464
0.0378722625915
0.0416335729802
0.108153516548
0.0443315303673
0.0493846555318
0.046664117307
0.0352067682455
0.0794240148857
0.0284799374741
0.0355320751561
0.0479414359116
0.0574191860357
0.039899803514
0.0426500570253
0.0379362935802
0.0303858938563
0.028684637943
0.0492419953081
0.0615174901912
0.0472215838655
0.0303341165572
0.0466011927787
0.0601572161093
0.0489150869079
0.0784061271234
0.0326623929625
0.057887857129
0.0677344418405
0.0515873015873
0.0897785603007
0.0711009003177
0.0638650461548
0.0471337281953
0.0495973372276
0.0639350788339
0.0571638463957
0.0529409186167
0.0518088795377
0.0558836732012
0.0550140208769
0.03039883902
0.0654583495415
0.0381818690502
0.0374503207743
0.0381710237101
0.0318214233716
0.0922860513571
0.0532544378698
0.036378627693
0.0300486269948
0.0541200304956
0.0719370953167
0.064424918281
0.0594064100793
0.0499662864631
0.0783005615594
0.0766540980459
0.0872509455348
0.0482719970066
0.0892857142857
0.062253425474
0.0626762015405
0.066039941549
0.0394147784961
0.0227957907403
0.0462258701609
0.0299988421457
0.0625
0.0682643905909
0.0420337196181
0.0538805515134
0.0434496109319
0.0630048865128
0.0466901234123
0.0476598432513
0.0789591287398
0.0546400030802
0.0256522176666
0.0899640751416
0.1164061362
0.0509698576871
0.0786179277331
0.0419285747134
0.0463154454921
0.0650207854919
0.048230159688
0.0304524425435
0.181717185297
0.0772916256213
0.0427241547507
0.0453386961984
0.0605556597002
0.0430156714289
0.0717014712937
0.0330125852085
0.091070248935
0.0789221491568
0.0908585926484
0.0664100876587
0.0627836784517
0.0282975822756
0.0421426108166
0.109755166698
0.0436314969326
0.057722752174
0.0496149549276
0.0369071448056
0.09257654921
0.0281416684877
0.0388387657631
0.0494402743808
0.0510392764762
0.040671587979
0.0390931775583
0.0409222127211
0.0332047803053
0.0252634718573
0.0582609252198
0.0667205763387
0.0449836881478
0.0258542394732
0.0430909924427
0.0662496335768
0.0435628995629
0.0688374496436
0.0279205163106
0.0648512004786
0.060095514053
0.0532467590429
0.0897785603007
0.0849897892066
0.0393875265962
0.0695748661721
0.0504572170276
0.0592726267117
0.0550063512051
0.0492249992458
0.0442355999856
0.0533821409172
0.0482414712521
0.034535710484
0.055240399906
0.0515465392476
0.0469873287699
0.0324512768423
0.0336695692432
0.0882739532276
0.0515677541561
0.0426443214963
0.0363674195574
0.0546085304462
0.0654898182676
0.0635577660781
0.0684065425569
0.0411521211008
0.0703657684063
0.0712714162953
0.0726788255954
0.04104630877
0.0972477269182
0.0526782732073
0.0748742837716
0.0597735191292
0.0347951584067
0.0220751797113
0.0521103616025
0.0286770808555
0.0593794603617
0.0703999769965
0.0402965967558
0.0650516822626
0.0428145222333
0.0714206802789
0.0450677883388
0.0413376913512
0.0866955168135
0.0499779314641
0.0307729080676
0.081785522856
0.121420843411
0.0427802475959
0.0800250540709
0.0434277559379
0.0539822715204
0.0624395743036
0.0485627047734
0.0349167054812
0.2
0.0725297474971
0.0492928854213
0.0418186255443
0.058384046858
0.043829078866
0.0584458246707
0.0289857992671
0.06
0.0705888158235
0.0705456188828
0.0505385801544
0.0492583116557
0.0395164899947
0.0377320248541
0.123213853326
0.0431226721322
0.0346420188487
0.0386846282997
0.0356016872049
0.08890679889
0.0264590062298
0.0390540085113
0.0409471697048
0.0615881070269
0.0546339140231
0.0441420421765
0.0353650213924
0.0298932354831
0.0218118639717
0.0421322132038
0.0747203819715
0.0463959067482
0.0248515752751
0.0543061895362
0.0616220000015
0.0449722145759
0.0654964167553
0.0291913225158
0.07910516431
0.0392386108002
0.0532713225176
0.0833333333333
0.0944578121414
0.0336521380587
0.046134673878
0.0579240027182
0.0640148351609
0.0630577758943
0.0366321878839
0.0458240923499
0.0585927257577
0.0492250713945
0.0352826031235
0.0501988634025
0.0725924652696
0.0565447596985
0.035169306468
0.039728892189
0.0666414070438
0.0626848393674
0.0537109088967
0.0267964804138
0.0526739916187
0.0548094247928
0.0358163259645
0.0588255731083
0.0357456498001
0.0443500611486
0.0658658685056
0.0577139508241
0.0461501008651
0.10940169089
0.0755772600299
0.0830788403545
0.0630738450642
0.0353308717342
0.0269569768661
0.0481388027014
0.0319457096219
0.0542961625753
0.0634946042214
0.04526795296
0.0502064473056
0.0490196078431
0.0533685271129
0.0438291114837
0.0543730678438
0.0683442379215
0.0545500982314
0.0316179966389
0.0469971045901
0.0873046021503
0.0477843415942
0.0930572514899
0.0463505381263
0.0492252103588
0.066302165088
0.0519392608669
0.0323395892367
0.2
0.075934987658
0.053233265087
0.0373156214265
0.0624662838296
0.0503229169545
0.0657843115304
0.032222614954
0.075
0.0789221491568
0.0854463784938
0.0744369724852
0.0655340424556
0.0375169727041
0.040374552802
0.114698131896
0.0463575240298
0.057858438546
0.0411574972868
0.0392212537582
0.0882489054285
0.0261871245113
0.0367285427
0.0517686567458
0.0370952507081
0.0406382891878
0.045218676052
0.0372946657926
0.0279313554176
0.030858655054
0.0526082565843
0.0684891166189
0.0405335243518
0.0274363660423
0.051145743758
0.0662962897991
0.0475697079852
0.0701110952954
0.0339221941563
0.07910516431
0.0612326438344
0.047619047619
0.0867310530421
0.0759392936229
0.0442194658784
0.0530230457289
0.0485700792619
0.0597792080278
0.0459087736447
0.0404911959121
0.0394476822556
0.0546865440405
0.0496082098233
0.0316350293957
0.0809713514568
0.0633498653314
0.0470732279173
0.0382710770049
0.0319591364698
0.0794465579048
0.0576923076923
0.0439554842173
0.0311657947752
0.0592631162773
0.0664034726
0.063100164719
0.0688896934124
0.0410577444167
0.0783500085798
0.0954360607467
0.0823038420262
0.0458397549125
0.115368123619
0.0633161985993
0.0860892026091
0.0684444149366
0.0393877225841
0.029301574551
0.0565431359979
0.0336891239227
0.0546557661027
0.0698982000791
0.043678715898
0.0505977297392
0.0450300903498
0.0758438832242
0.0500753203764
0.0441059486484
0.0799668417111
0.0588082872654
0.0318608992629
0.0782151054135
0.124956203327
0.0463262451485
0.0802899689225
0.040277530137
0.0525477494932
0.0630153299961
0.060902350194
0.0343935993428
0.2
0.0865832544301
0.0539977148148
0.0390063417318
0.062848935137
0.0493806214815
0.0776765939015
0.0372213747443
0.075
0.0782913936728
0.0740695846583
0.0593679950382
0.058674442974
0.0421420153927
0.0400573787487
0.111536801871
0.04510430663
0.049439206497
0.0456372982329
0.0372779354225
0.111133498613
0.0282557196777
0.0356384992292
0.0510308698146
0.0739157456372
0.0418314418556
0.0474284109202
0.0386545600038
0.0380097056643
0.0361088019442
0.0526082565843
0.0670269713114
0.0485375318634
0.0279885527374
0.0499027875071
0.0586275681334
0.0459169844256
0.0727419931446
0.0340289752255
0.0702335361413
0.0645000319443
0.0515873015873
0.0791444899837
0.0759392936229
0.0461492516123
0.0721134366394
0.0583105084003
0.0616986889838
0.0457782072359
0.0477837041284
0.0461720933723
0.0546865440405
0.0484626247051
0.0308292170787
0.0710529736308
0.0717056125836
0.0470207823416
0.0418818404809
0.0346076751676
0.0824934309844
0.0492829148726
0.0446028696913
0.0309772392948
0.0633240306124
0.0544154915317
0.0491631436052
0.0678076042354
0.0476008871532
0.0784153519457
0.0954360607467
0.067898472627
0.0476708003829
0.075
0.0547548414606
0.0855329517406
0.0724232137639
0.0406232478852
0.0279318459134
0.0463713611341
0.030584013957
0.0666666666667
0.0680363952256
0.0428756084624
0.0717641714267
0.0430551158767
0.0700406170255
0.0495640686622
0.0374415613534
0.0811339073371
0.0605254980153
0.0357394111861
0.0822717674493
0.1164061362
0.050342619782
0.0894098991727
0.0426698746346
0.0546771109799
0.0675164249958
0.0542511620915
0.0318595237361
0.2
0.085231243407
0.0533243133921
0.0369367052884
0.0648776185839
0.0480316346343
0.0657843115304
0.0378460649254
0.0711068089805
0.0789221491568
0.0898428807204
0.0593679950382
0.0512912516425
0.0484762107107
0.0504728323303
0.125809243007
0.0409303008271
0.049302516548
0.0462350314954
0.0373443841885
0.0786926364116
0.0279720604545
0.0478099170533
0.0479963596912
0.0417594080259
0.0418923894957
0.050820175907
0.0374022331117
0.0291720441381
0.0307656619744
0.0597005906063
0.0575810728258
0.045440428684
0.0260522851756
0.0525688681775
0.0615608405277
0.0455905637568
0.0659677008748
0.0347104459563
0.07910516431
0.063820126532
0.0493327170425
0.0897785603007
0.0653851559186
0.0462268814867
0.0588861584434
0.0508823396284
0.0638320595356
0.0541302849116
0.0524885266863
0.0407025773419
0.0576433909366
0.0420927960608
0.0328729075156
0.0809713514568
0.0588248749506
0.049959581238
0.0380654733001
0.0290162059605
0.0794465579048
0.0550880631608
0.0427051112684
0.032854708936
0.0660322207355
0.0719370953167
0.0593205816729
0.0678076042354
0.0458716571498
0.067597526486
0.0954360607467
0.0690020156618
0.0457115974872
0.100920417276
0.0543817242924
0.0836467597559
0.0637468901423
0.0412689905342
0.0271076758352
0.0471795025775
0.0329217588378
0.0624637326888
0.0698982000791
0.043678715898
0.0567249359067
0.0464515450559
0.0767686416473
0.0442273671601
0.0452775273795
0.0799668417111
0.0560105890735
0.0357375748037
0.080017637002
0.150673883584
0.0498816977054
0.0827676954166
0.0398222676664
0.048108403261
0.0655306704157
0.0544809608752
0.0368783197535
0.2
0.0798861250937
0.047728785849
0.0377887247965
0.0533776354393
0.0476414024846
0.0597422390282
0.0366806502317
0.075
0.0860968899893
0.0908585926484
0.0607777208203
0.0519276965408
0.0499719319865
0.0403921610379
0.100894827065
0.0387059866432
0.046615086508
0.0428566149999
0.0318051406716
0.106614997258
0.0266332579469
0.0346260095754
0.0505702492147
0.0860403067975
0.0418923894957
0.0478913394583
0.0344348433409
0.0333884852284
0.0313937864666
0.0493226491289
0.0785901267199
0.0378796098806
0.0276436112942
0.0452827375546
0.0600407321102
0.0505796861359
0.0701110952954
0.0389730387498
0.0812613458397
0.065991300285
0.0456691971475
0.0897785603007
0.0653851559186
0.0511492203604
0.0791064436324
0.0582137246244
0.0578184050183
0.0512813225478
0.045313437344
0.0447728350761
0.0459930986344
0.0555509288636
0.0346339049682
0.0467140856624
0.0438787922633
0.0404942805489
0.0374365596294
0.0373837000621
0.0824934309844
0.0472183398521
0.0339312624351
0.0320046134221
0.0683964148958
0.0719833247611
0.0457100731715
0.0605345210127
0.0505817392819
0.0726516557057
0.0734123544205
0.0814322597293
0.0476293989482
0.0891103921614
0.0636007488489
0.0813243245004
0.0682570723715
0.0339204158843
0.0235677398717
0.0561855651615
0.0266393397744
0.0663265306122
0.0703999769965
0.0432997810922
0.0625355320238
0.0497057589909
0.0757622089872
0.0466351670183
0.0448191658285
0.0800210426702
0.0594834118883
0.0333966438541
0.081785522856
0.1164061362
0.0544665415323
0.0885544317324
0.0434488151886
0.0514824664911
0.0610975410514
0.0536492031515
0.0299518596112
0.2
0.0884055774799
0.0515785898942
0.0383737450491
0.0631411019497
0.0514292667333
0.0754113411417
0.0387837008593
0.0797445024976
0.0705888158235
0.089810886576
0.0604041014763
0.06241068772
0.0360545918513
0.0507726439857
0.127442368773
0.0351215102495
0.0459825039897
0.0466515988931
0.0360146823984
0.0791025159724
0.0266412277647
0.040597602508
0.0500342372228
0.0460735455443
0.0404658801353
0.0529788497798
0.0365597354783
0.0340953559823
0.0303295047699
0.0492233155862
0.0627573753468
0.0397800266203
0.0245635992309
0.0505555017515
0.0655471231144
0.0479858922308
0.0705537499269
0.0374582082138
0.0719137857364
0.0625238922636
0.0555555555556
0.10366744919
0.0653851559186
0.045857616367
0.0846565585404
0.0575631506107
0.0583895787561
0.0501983791162
0.0442201783169
0.0412966752203
0.0576433909366
0.0439086011428
0.0306022827042
0.0800371342567
0.0519558875443
0.049959581238
0.0374456658591
0.0298385091704
0.0780739717248
0.0552571037281
0.0372938423635
0.0325248064341
0.057260479611
0.0719370953167
0.0539982066168
0.0708757638046
0.0459460188386
0.0783005615594
0.080699705901
0.0823038420262
0.0450489758883
0.0990113901675
0.062253425474
0.0741615044274
0.0715550226436
0.0358987706023
0.0305446261019
0.0480424386508
0.032461558366
0.0666666666667
0.065690552179
0.0427139344307
0.0808562097926
0.0394909537081
0.0731690855342
0.0491667074472
0.0409104846019
0.0738155461949
0.0585692147278
0.0303581714587
0.0758720584898
0.1164061362
0.0391391373457
0.0792280567238
0.0417224936765
0.0525001733703
0.0630153299961
0.0549340464362
0.0337489360559
0.16
0.103175609334
0.0477995921105
0.0339275990174
0.0659394832183
0.0487510942861
0.0716003660531
0.0333981107854
0.075
0.0789221491568
0.077310886576
0.0744369724852
0.0664678660959
0.0447767774038
0.041635120036
0.0690196461583
0.0397311235393
0.0567660576348
0.0375148447825
0.0317069290257
0.112647548729
0.0228247372873
0.035269500675
0.0410372257334
0.0722606401323
0.050341450209
0.0394956418071
0.03744027232
0.030535991216
0.0307220083836
0.0524975058171
0.0760859964383
0.0395563112622
0.0276216910993
0.0448342940222
0.0552512723359
0.0525331727092
0.073961682679
0.0361707855688
0.062992071494
0.0617108204915
0.0488098594093
0.0865121112663
0.103083097735
0.0394279786046
0.0483628464877
0.0491709825917
0.0581094232764
0.05226843441
0.0550220115988
0.0401107416042
0.0510878950796
0.0455251704698
0.0257549146032
0.0673774799613
0.0743826099469
0.0522663071797
0.0404485196324
0.0313373851653
0.0613438349266
0.0443481570911
0.0402650595191
0.0374021907976
0.0480115905626
0.0719370953167
0.067124159474
0.0574183146691
0.0489875027024
0.0784153519457
0.070987868026
0.0654298892127
0.0449486346276
0.1
0.0480067828552
0.0785658797735
0.0637020061277
0.0346220547132
0.0220836229716
0.0545349889543
0.0252716195863
0.0619047619048
0.0676459129957
0.0465415909784
0.0738632027996
0.0448168004327
0.0483114211425
0.0469951744293
0.0425142536557
0.0720505811151
0.0670829263985
0.031429073932
0.0669392441749
0.118587449655
0.0448347128823
0.0932488352153
0.0376518636466
0.0451158593844
0.0608346051962
0.0544831049101
0.0318729928408
0.16
0.0826092655997
0.040692589016
0.0372218672474
0.0538518053564
0.0537528604937
0.0723976853776
0.0354572757563
0.0641846931063
0.0705888158235
0.090875674818
0.0688814169297
0.0463486995806
0.043973899103
0.0401394414509
0.094717613898
0.0390147151052
0.0414721958784
0.0452085488013
0.0369337113329
0.074088999075
0.0255094102504
0.0346260095754
0.0458702249672
0.0659969483442
0.0404168610029
0.0468805206777
0.0329089409006
0.0295612716037
0.0296948535022
0.0514028511283
0.0775508956693
0.0394185519733
0.0270565783041
0.044166473885
0.0650238926042
0.0415774716346
0.0547189661024
0.0339221941563
0.0582174688524
0.0514097501628
0.0388908419525
0.10366744919
0.051596127645
0.0509642130819
0.0488939116777
0.046698601351
0.0547618571769
0.0454175811052
0.0319466561848
0.038856781891
0.0572394944611
0.050032925904
0.0300307068553
0.0595898795252
0.0663837347498
0.0439526227724
0.0368080259431
0.0279770704297
0.0620843020703
0.0549450549451
0.0312722003175
0.0309800144975
0.0630728664671
0.0621515931396
0.0553282788772
0.0587239332783
0.048992747095
0.0816859005577
0.0760781740715
0.0802528236527
0.0424737414696
0.0897307628146
0.0508927886041
0.072890585744
0.0614708445372
0.0368457303991
0.025059430533
0.0393745746566
0.0346490690518
0.0597265677441
0.0703999769965
0.0425033671338
0.0671513535818
0.048126065582
0.0772984125596
0.0409848533607
0.0409190206881
0.07142279248
0.0608537149449
0.0249664621003
0.0882452302624
0.124956203327
0.0479146744416
0.0843959745151
0.0395451714946
0.0526024587614
0.0677307125293
0.055905266888
0.0322872431105
0.2
0.0772916256213
0.0479136893843
0.0387835405529
0.0650137534811
0.0546435959041
0.0717014712937
0.0422561540047
0.075
0.0705888158235
0.0908585926484
0.0607777208203
0.0668784661196
0.0475966259041
0.041477923302
0.0931336865218
0.0390513630443
0.041359920096
0.0436333413932
0.0406786320959
0.0759108731342
0.0283181696311
0.032421736493
0.0516040030881
0.0518327387373
0.0399050495551
0.0495572509724
0.0356625835812
0.0322994112758
0.0279387839282
0.0554376315461
0.0572377110177
0.0452665767382
0.0263929154501
0.0539871739667
0.066744515059
0.0469353548507
0.0629309882926
0.0370153740767
0.0755489479988
0.0594582721043
0.0493327170425
0.10366744919
0.0944578121414
0.0512396713075
0.0721134366394
0.0530836316083
0.0591152776933
0.0534954752463
0.0473861333485
0.0452925242112
0.0402245158479
0.0445437764529
0.0343690602836
0.0448378269276
0.0538258490061
0.049959581238
0.0356796070447
0.0341586799148
0.0780739717248
0.0448500606417
0.0494618722682
0.0327170293518
0.0720532260379
0.0719370953167
0.0556130453184
0.0678076042354
0.0505817392819
0.0669314157405
0.0837519456282
0.0823038420262
0.0449202204984
0.0972714521538
0.0577945769517
0.0806827932496
0.0756641422378
0.034207184868
0.0265255802374
0.0520263927884
0.0307062910373
0.0666666666667
0.0676459129957
0.0410114515727
0.0762204964978
0.045321174607
0.081143392943
0.0490017135663
0.0374415613534
0.0755783517816
0.0584682540439
0.0330114278047
0.0758720584898
0.0683740293233
0.0455833082139
0.0671042968759
0.035685945451
0.043286958832
0.0641583345539
0.0493308101794
0.0360594116597
0.148139169317
0.0564438036793
0.0450785192095
0.0348305318296
0.0542420549235
0.0307711997886
0.0717014712937
0.0347859266077
0.0545454545455
0.0622554824902
0.0917051589255
0.0498623131321
0.0439536469054
0.0393004678924
0.0499058901986
0.09558177658
0.0382604510979
0.0386911170441
0.0333581983597
0.0360524047407
0.0987853321
0.0256253370097
0.0380982610698
0.0491694244008
0.0444444444444
0.0492049553184
0.0401599398776
0.0391580974117
0.0309031779394
0.025359347368
0.0391835500549
0.0646627786177
0.048461301306
0.0211393907547
0.0469530003837
0.0617803629786
0.0402174891859
0.0588435115901
0.0315290553294
0.07910516431
0.0440665422671
0.0499020200644
0.0987654320988
0.0936761048117
0.0300584880206
0.0677032767254
0.0387702999174
0.0549949576216
0.0571779069955
0.0368841953821
0.0406380612
0.0532092839415
0.043446079915
0.0320345256606
0.062842895086
0.0562312800196
0.0482535487028
0.0386246308598
0.0302865353149
0.0681296820022
0.0461237396783
0.0466845457831
0.0262021032497
0.0577515822455
0.048524941555
0.0579711198763
0.0636496851171
0.0367457119927
0.0472176625626
0.066771482482
0.072699876903
0.0389077081354
0.105110482742
0.0577921773822
0.070237684757
0.0708618973314
0.0445096739112
0.0288553591306
0.0395901471736
0.0317267298727
0.0714285714286
0.0703999769965
0.0462450109562
0.0489178632019
0.0490196078431
0.0491881365697
0.0500753203764
0.0422453177187
0.0768252749612
0.0565903244976
0.0231514400815
0.0670814304337
