0.174162126497
0.0824896771835
0.134173831781
0.0703242360242
0.0670717873269
0.09848548503
0.110044583733
0.0632189624742
0.2
0.108058772447
0.0860150989884
0.0768930584424
0.13523206651
0.0840840550548
0.0947688599593
0.0745205618821
0.111376970836
0.128842554283
0.0929350848421
0.109666329855
0.104412781194
0.0763252941866
0.0848079248527
0.148834486121
0.0816324555548
0.0822678161042
0.0957733164157
0.066245811443
0.142647733617
0.0629944701587
0.0659961896344
0.0905057865726
0.131594681178
0.0854813605218
0.0748783805553
0.0664519981776
0.0718499583652
0.0648170013248
0.112071058553
0.118105723193
0.0948091855946
0.0685558227248
0.0984427339577
0.10581708019
0.0795568386137
0.110233185905
0.0618377854715
0.0948461534104
0.134444958632
0.100711170876
0.146306144959
0.128927717637
0.104489710441
0.0970008777857
0.0926593312653
0.103368026979
0.0803424482265
0.0872626543903
0.103212399635
0.0776898314463
0.116479042058
0.0737585172916
0.0924819636099
0.076282641772
0.0650789737374
0.0801686279878
0.0741848961566
0.121412008516
0.105607726862
0.0868465813745
0.0713819940102
0.107015616059
0.132141590097
0.093666699535
0.0859472637618
0.065479555604
0.122488577317
0.111879007613
0.141404410397
0.0909914760053
0.17093469211
0.0928514845043
0.0906904636859
0.14419824253
0.0999031467618
0.048604228097
0.106711710311
0.0771590631755
0.0934609629408
0.105874112642
0.080172184149
0.117479216147
0.0699864188551
0.11668435573
0.0792425309833
0.0865448119786
0.150266886313
0.097098671682
0.0775084416044
0.19143194899
0.164458510056
0.0901768468307
0.134301794329
0.0671526684374
0.0738418921964
0.101275418824
0.102471388167
0.0587451070371
0.191103127813
0.108058772447
0.0832750775389
0.081355743469
0.129446228027
0.0805196222475
0.0895770412003
0.0826265666315
0.129118456089
0.121629541123
0.106758109286
0.124470546968
0.108805565634
0.0625035615577
0.0825755907998
0.154725802313
0.0791032057125
0.0830907755791
0.0924682558539
0.0707253757312
0.162134373519
0.0638275014298
0.0658089816973
0.09416963811
0.121863178958
0.0840752805138
0.0758186764856
0.0715147026694
0.0717838990814
0.0598216281939
0.119913092849
0.118526612572
0.0883051369072
0.0602513097362
0.0862296121339
0.105522403233
0.0780027004681
0.102405072324
0.0533997329089
0.108876754323
0.1303791304
0.107162149974
0.147701816496
0.138415232655
0.089863645538
0.126973280004
0.0762131709995
0.0929391187254
0.0898201675606
0.0903566990853
0.091615013948
0.0738154556767
0.120305893015
0.0765724618157
0.0820246235177
0.0849515037094
0.0720825215226
0.0653129844479
0.0827227558104
0.121473315377
0.10311959837
0.105602511047
0.0770544517884
0.0987899881258
0.123395188579
0.0977387633315
0.0964408551989
0.0640273776329
0.123107054426
0.111128615496
0.142135482654
0.0824989245966
0.178862582748
0.0867731678886
0.113805452916
0.134187897278
0.0877255419555
0.045657944222
0.0969839519672
0.0729834347592
0.0902148693951
0.109119804372
0.0773972507605
0.133615379856
0.0723249910046
0.114015634079
0.0820996315409
0.0796684131177
0.167896218385
0.0935700945447
0.0795419368086
0.184321432816
0.148305367632
0.0868878359211
0.132798907091
0.07496048576
0.0814341955501
0.108954868191
0.101324862023
0.0615886622331
0.2
0.105515893642
0.0903978329333
0.081620230004
0.131608502265
0.0774482213538
0.0737828949257
0.0728370313953
0.0927919375461
0.118062420455
0.0853800566256
0.130390651602
0.0976860075258
0.0769444709785
0.0801983655758
0.163462510395
0.0798863082212
0.0751913495933
0.082997475217
0.0748284474342
0.159278829271
0.0577909339303
0.0729137196938
0.0810351685419
0.132059382691
0.0925224662245
0.0778088764191
0.0738137516348
0.0784670023372
0.0532285255979
0.110018789069
0.116862462915
0.0888549291886
0.0610956928323
0.100048456863
0.106383079741
0.0771724817274
0.0985117691266
0.0575277286769
0.127615577041
0.115161729395
0.105453632805
0.140608761266
0.135709170255
0.0739635646896
0.103646786383
0.098739477566
0.102552557069
0.106198079082
0.0745388925208
0.103293308355
0.0812073904682
0.11226454116
0.0789543413202
0.0741395262734
0.0921852244348
0.0778822422062
0.0868933380873
0.0915630382568
0.0985854737704
0.116844036908
0.111912427802
0.0723506794086
0.101966426757
0.129526339845
0.0818363913761
0.0841464473778
0.0535397974528
0.0918008678464
0.0933374824979
0.137236499495
0.0889734178173
0.175975849225
0.110997427739
0.112436363535
0.14828156627
0.0919184094978
0.0545989329393
0.108626431686
0.0776760006262
0.0921507980145
0.102982099191
0.0801118876222
0.106599761488
0.0770085618506
0.104190643077
0.0799888687738
0.086930320646
0.128577944635
0.0972395045031
0.0736880642121
0.133931892257
0.147863969606
0.0862276035501
0.149673245018
0.0771496777014
0.0777332062294
0.112011642286
0.119943148488
0.0596192464426
0.2
0.110617540909
0.0955811086018
0.0768163761164
0.128314671018
0.0858474854396
0.0837044607812
0.0830349097967
0.111376970836
0.121629541123
0.102015744517
0.142311818315
0.114486408495
0.0753074566351
0.0781344131264
0.157559209829
0.0859649497249
0.0876991806733
0.0755654698488
0.0741303620198
0.146418312825
0.0592827957945
0.0648029486421
0.0960677743699
0.101681380714
0.0835945037962
0.0773399782793
0.0642816150321
0.0659987644274
0.0629059906324
0.117132654899
0.116790670322
0.0858967515781
0.0648931391543
0.102511450974
0.109569835125
0.0787328109168
0.105480715604
0.0617032858205
0.122143048582
0.130081144501
0.0937721923865
0.147713160194
0.123059150231
0.0848719638415
0.103719194916
0.0870889455615
0.101697285722
0.0823228129129
0.0912639896868
0.0934641957126
0.0795361012227
0.106895964859
0.0765879953092
0.0943565520763
0.0868684704933
0.0675267205828
0.0817955074441
0.0795986297149
0.102925951216
0.109737426538
0.0925511803894
0.0712738610309
0.0998137158831
0.124982672604
0.0929551284388
0.0954098259477
0.0624470084524
0.12335267372
0.124406355188
0.140067166836
0.0865664976991
0.175129932403
0.0930894307844
0.121111999147
0.150708981878
0.0921905917346
0.0525782819212
0.109097710279
0.0782172990913
0.0889596413833
0.106932313088
0.0844408321514
0.126051397766
0.0719648828162
0.119738174446
0.0834070411061
0.0801166854787
0.170000236393
0.103099685059
0.0761912663917
0.177297147233
0.174162126497
0.0850369913096
0.143657423147
0.0708768588354
0.079287459476
0.104279313355
0.118053166399
0.0597567357254
0.2
0.120347066463
0.0928581345661
0.0773433615874
0.12802788403
0.0828781643124
0.0931854202915
0.0889761225683
0.111376970836
0.109977257936
0.0900663001
0.12396092648
0.109479014427
0.0844627361191
0.0768824036474
0.150501418174
0.0808756537255
0.0859244703992
0.0923336667213
0.0719608758774
0.178395636973
0.0590182773601
0.0638953742095
0.0972901495281
0.139459258621
0.0849398824478
0.0817275888767
0.0654457072276
0.0820661688672
0.0726286065881
0.118342927403
0.119823932604
0.0925828861601
0.0643500486007
0.0979587888713
0.101927406418
0.0831890562622
0.109199457299
0.0588310972324
0.105703743572
0.136354535191
0.100657396789
0.131218446213
0.123059150231
0.0934083487372
0.119438513379
0.0965120844719
0.102340112439
0.0835771383101
0.0906534970679
0.100090494902
0.0718059638897
0.114920924841
0.0756579152885
0.0923960931604
0.097444620253
0.0705075161743
0.0839624620921
0.082119539884
0.109919789962
0.106006409853
0.0918811330676
0.0747394943505
0.107541250413
0.114463864203
0.0854323691203
0.0948559290905
0.0650171600513
0.122864100506
0.124406355188
0.126692736379
0.0894191893323
0.148199180083
0.0939692836293
0.112418963829
0.147285501275
0.0942859427768
0.0532723221946
0.100296260256
0.0760913818558
0.0935149748523
0.109525183248
0.0814750265324
0.145663347829
0.0709575691697
0.117507841792
0.0858222612235
0.0762619428792
0.154220651138
0.100695312526
0.0771818770451
0.188123502832
0.164458510056
0.0901937294848
0.139774040646
0.0723784325509
0.0820208615729
0.109546651485
0.113136151264
0.0606482426473
0.2
0.123480872693
0.0950924671241
0.0759179111006
0.134618790358
0.0822692073826
0.0828513850689
0.0821746279306
0.118163010562
0.121629541123
0.107509010318
0.122376299714
0.104172819832
0.0902117059329
0.0826069760892
0.165482685189
0.0774730392912
0.081822629641
0.0892997728036
0.0721116306784
0.146914738014
0.0632236030278
0.0769333326525
0.0870450569947
0.111764394991
0.0842885979572
0.0861440974385
0.066585704465
0.065526312079
0.063878892308
0.121536121953
0.111554261203
0.0877889526257
0.0596812499755
0.102409374233
0.106685166652
0.0818094751249
0.0982025503197
0.0622943718714
0.122143048582
0.133312701846
0.0992046594788
0.151525036481
0.121251944976
0.0921176020961
0.10830816567
0.0885527936322
0.0985851979239
0.0822418079746
0.0988854675917
0.0914182390746
0.0761867028226
0.105971890734
0.0774116869835
0.0943565520763
0.0793695207577
0.0735554130194
0.0796067077409
0.0750351918111
0.105243576671
0.112239903531
0.0877107096654
0.0752324342362
0.113777182081
0.132141590097
0.0921565248489
0.0948559290905
0.0670345181957
0.115402007443
0.124406355188
0.122545721218
0.0879264538115
0.174028750426
0.0846227988815
0.118354513298
0.148043747587
0.0987381143468
0.0498896396665
0.112100516374
0.0748287838588
0.0958616591462
0.107583760485
0.0844408321514
0.129883911138
0.0749995601048
0.12058021392
0.080790988153
0.0811887458261
0.170000236393
0.101550556624
0.0777060743011
0.169825678148
0.17544415399
0.0926287064747
0.149999437118
0.0658864141748
0.0839918690152
0.110756702774
0.114991592728
0.0634784202606
0.2
0.115182077964
0.0926225238439
0.07244699459
0.124229506828
0.0787076331025
0.0773555528332
0.0833435355424
0.111376970836
0.123008419585
0.106758109286
0.135745990848
0.0991716658215
0.107136758253
0.0846403702656
0.140528783957
0.0742535612805
0.07617555742
0.0816996225757
0.0701281243353
0.169722306696
0.0593248134249
0.0633692304829
0.0923792416437
0.147680757424
0.0800996097811
0.0827825018557
0.0666913468479
0.0761010791308
0.06546505515
0.11686250681
0.126891680423
0.0845125548213
0.0644719604107
0.0958378132911
0.103280276653
0.0856650092616
0.0984128165191
0.0649841307919
0.123800237195
0.13503451004
0.0949995010005
0.151525036481
0.121251944976
0.0964882747908
0.130198880068
0.0971376854193
0.0920371627439
0.0787877611031
0.0913543896932
0.095346842288
0.0664586716902
0.120926215146
0.0791680034894
0.0744076702941
0.0794023331256
0.0617906175213
0.0769656976103
0.083285811001
0.116579196099
0.0910360311418
0.0953277993438
0.0725833581407
0.119644929125
0.131893336003
0.09115502752
0.0888355355166
0.0666449824746
0.121534701964
0.103339367552
0.138978192774
0.0860661821421
0.150668143022
0.0935499321045
0.115009288087
0.150458084124
0.0893631701375
0.0462081086164
0.10544617266
0.0727945548132
0.0937024533899
0.10832683543
0.0786763360396
0.135439997933
0.0765906083001
0.122107233367
0.0839855576236
0.0799310461259
0.154745807473
0.102771823775
0.0781984172099
0.184321432816
0.164458510056
0.0943429766131
0.143429926128
0.0730040711316
0.0785732423431
0.105576553418
0.112896958861
0.0600783050184
0.2
0.123135787129
0.0937484769819
0.0751372682154
0.133078954484
0.0836520721115
0.0898160649615
0.0850028038642
0.122370586855
0.116277665524
0.106478645201
0.121180734533
0.117657695072
0.0798748530149
0.092679080129
0.171523971198
0.0689342276613
0.081290292382
0.101090372263
0.0730168279537
0.159711895439
0.0541813636184
0.0678887872526
0.0873472637035
0.100786503603
0.0805368865361
0.0867080708853
0.0659670875268
0.0774550399923
0.0695811935967
0.114197015957
0.11346466844
0.086211767657
0.0590023921077
0.100374852864
0.108266556353
0.0787589866923
0.104886102325
0.06155576278
0.113074529299
0.131888218866
0.105935260098
0.160230856614
0.121251944976
0.0937430690506
0.14385115902
0.0953416936848
0.0947773954125
0.0906658209609
0.0885315626565
0.0954707158897
0.0809940002194
0.105551544646
0.0758236863062
0.0986146642448
0.0862680096792
0.071843809796
0.0843977418022
0.0756002737258
0.109454229906
0.101385982452
0.0919546082656
0.075879120048
0.10984577075
0.132141590097
0.0937450540267
0.09828724787
0.0665961403027
0.122488577317
0.112427583621
0.139656825857
0.0863266737725
0.157352707541
0.0904845863044
0.103942302242
0.154288265471
0.0917086801625
0.0545324287561
0.117736514347
0.0716797775879
0.0940070185363
0.106307698146
0.0800874378923
0.155994333212
0.0683283813046
0.113547076114
0.0852201568085
0.0750584651845
0.161272387428
0.101046530674
0.0832940569667
0.170158774848
0.164458510056
0.0792492164845
0.131431655806
0.0687750826376
0.0789097052771
0.104279313355
0.108512367763
0.0654838655706
0.174569722322
0.131724592103
0.0905852388392
0.0762285184027
0.136695733509
0.0844818066392
0.0876322923989
0.082853055097
0.111376970836
0.123414296055
0.0994694920663
0.142311818315
0.104793963249
0.079006882228
0.0870154492401
0.122687122337
0.0778829702952
0.087606483069
0.0806593896221
0.0680986237645
0.194522784909
0.0578871974202
0.0633880689891
0.0772448206881
0.137715022249
0.080558379317
0.0785163493924
0.0674581897152
0.0726900761664
0.0647321820663
0.120962870836
0.12649073331
0.0829440193004
0.0614352523379
0.095999003188
0.10221830214
0.0892104855293
0.10708189828
0.0600826819204
0.105417926852
0.130283822571
0.100601607168
0.147421043566
0.146482575759
0.0856434358966
0.111558915383
0.0875802998143
0.0933436158355
0.0806330562926
0.103581222872
0.0915354449914
0.0735796171665
0.104453677043
0.0713456079535
0.0874613319471
0.105528003566
0.0795121166672
0.0861022642036
0.0751947054359
0.0796849238631
0.0906604855616
0.0859380521854
0.0805782391887
0.0951718913503
0.132141590097
0.101363773763
0.0814880227562
0.063284724446
0.124315436268
0.103760015533
0.130400659353
0.088048519363
0.174757580303
0.0886819981753
0.111354398769
0.137314867053
0.0900315751748
0.0468197616416
0.112342785651
0.0626479493651
0.0893272305268
0.107095658064
0.0838628376331
0.14123816807
0.0752508350992
0.0983467759686
0.0810422971544
0.0847668376378
0.144970649718
0.115819450408
0.0768376219072
0.147998698878
0.161685239524
0.0821806622807
0.145214816141
0.0639920153071
0.0767900141979
0.108676337311
0.115248289713
0.0560742465241
0.174569722322
0.116419046027
0.0801445844868
0.07162786376
0.115507382805
0.0889444504401
0.0912858311649
0.0800599084918
0.101096587429
0.116277665524
0.105012500787
0.136756262759
0.0873467325355
0.0846543455161
0.0798877335552
0.133203047126
0.0739955233973
0.0717018122622
0.0824810915791
0.070699405872
0.127444587978
0.0610510140963
0.0625452002814
0.0864250207489
0.122545032974
0.0740817189067
0.0818318724645
0.0659216342838
0.065123211371
0.062842946431
0.118984163993
0.128104392473
0.0804379496437
0.0641702333039
0.0954589558226
0.100742795504
0.0838619613189
0.0859020496653
0.0623491882876
0.0991542065027
0.124284021396
0.0854125535369
0.160230856614
0.0856178226095
0.0969108882341
0.0954173015719
0.084847286122
0.0900137234713
0.0780766907604
0.0659373690338
0.0905060543427
0.0769027445066
0.115930888587
0.0763711994977
0.0862314965976
0.0872680645161
0.0670332338662
0.075896356081
0.0777838419756
0.0912694909911
0.104747517045
0.0808070179052
0.0767574440464
0.105644982309
0.123342754925
0.0944324220852
0.0868642022469
0.0674595080714
0.125990019866
0.107787473001
0.137741595002
0.0832500461822
0.149155121397
0.0864372828353
0.105018303795
0.143011991935
0.0923957714922
0.0511665763236
0.0903571755064
0.0809311759915
0.0898361539325
0.10832683543
0.081923603367
0.146628239434
0.0749640934353
0.122197134129
0.0777011954385
0.0835930740595
0.147193144971
0.110029307049
0.0733164031577
0.183054352987
0.174162126497
0.0849397532508
0.138771186102
0.0669926133454
0.079494342069
0.110614079494
0.110043345305
0.0641787198454
0.2
0.109057983204
0.0872369856128
0.0780136707033
0.138666288288
0.0871871062726
0.0890382533059
0.0835657514429
0.111376970836
0.11329620779
0.106758109286
0.131347918394
0.111414754426
0.0867700314405
0.0808051646387
0.13441169752
0.0800673245405
0.0740455028514
0.0921734530767
0.0789877849043
0.138266409214
0.0605198555177
0.0586917609781
0.0919369501443
0.105993751351
0.0785749643056
0.0820657927291
0.0669445512369
0.07064798931
0.0591544305916
0.121613455802
0.102919092165
0.0873204223186
0.0594331155389
0.103756779082
0.103918367194
0.0852100025916
0.0994570729675
0.0641527692441
0.108634752386
0.127831929425
0.0991508853914
0.160230856614
0.135709170255
0.0973005980489
0.117647744701
0.0907011670092
0.0942155373089
0.0820830442839
0.0846511899453
0.096820503246
0.0643449260674
0.108744140558
0.0811287473747
0.0750925181912
0.0824003017531
0.071843809796
0.0794401928122
0.0863765600232
0.0973793254544
0.0928565563114
0.104022215639
0.0714706970758
0.117672169791
0.132141590097
0.0909589388969
0.0948559290905
0.0666449824746
0.113235115594
0.11353186514
0.139656825857
0.0896425349121
0.158275219866
0.0912232959644
0.108833901657
0.160667707022
0.0833381985511
0.0512495564743
0.103157826903
0.0761652700471
0.0935149748523
0.104215951052
0.0811596285201
0.153910133387
0.0705414581445
0.123789599913
0.0840375162946
0.0737008393211
0.140041430595
0.100260973489
0.0767551143656
0.170158774848
0.112618129417
0.0874187024174
0.117408810006
0.0656743809977
0.0747751542595
0.112170688262
0.109681055461
0.0608294792673
0.174165917446
0.0909375683981
0.0921260350044
0.0776062144249
0.121504654506
0.0649975254314
0.0875849523542
0.0694825522753
0.105934637252
0.113195818216
0.113550264875
0.123540858221
0.0907177869023
0.0770621685784
0.0918715881174
0.138289144465
0.0838597162358
0.0786744921857
0.0688164647648
0.0750695022114
0.165628457069
0.0629464265402
0.0718905738573
0.093662413827
0.106462873667
0.0819697108485
0.0823316590229
0.0732653895527
0.0796292619829
0.0589470107164
0.104038177043
0.121337649337
0.0959016556563
0.0620791687041
0.0931540650306
0.101742501564
0.0761727946714
0.099522875424
0.0594807723378
0.120278043068
0.114858637137
0.0971232937795
0.147501486485
0.144436721883
0.073525566109
0.112230181523
0.0768123045708
0.0967244746406
0.100162558814
0.08649932684
0.098390818231
0.0744479750711
0.116936850748
0.0744800748348
0.0908836862801
0.0879811263925
0.0733561075876
0.10085976092
0.0724277672743
0.0910667696137
0.0954976492313
0.100049013726
0.0707343869817
0.111156877972
0.110716355918
0.101173850815
0.0879139176293
0.0601886402889
0.102330738096
0.0963233767444
0.136425414492
0.0895846909639
0.170402621853
0.0909982411637
0.0993390174907
0.144895968557
0.103208972367
0.054207958495
0.100200226751
0.0761635771276
0.0987158159058
0.10832683543
0.0837070936799
0.130837944153
0.0838615193996
0.103475957839
0.084306192647
0.0824777257697
0.145057242382
0.102533252006
0.0650056647006
0.14772429909
