0.903602
0.770971
0.497583
0.577736
0.552118
0.505937
0.439781
0.558616
1.000000
0.727792
0.659479
0.301699
0.476349
0.658520
0.832358
0.416935
0.736740
0.576006
0.919323
0.874007
0.751767
0.470454
0.686952
0.876657
0.671964
0.447439
0.578999
0.599598
0.854574
0.500700
0.544538
0.304767
0.677371
0.650404
0.436794
0.527730
0.545593
0.573813
0.735129
0.727815
0.355460
0.546774
0.796390
0.701906
0.777012
1.000000
0.647238
0.530180
0.848908
0.787534
0.885700
0.728777
0.777228
0.770771
0.499637
0.643389
0.423560
0.360384
0.589559
0.655535
0.815059
0.363597
0.498121
0.691500
0.627311
0.595564
0.374817
0.933638
0.914955
0.496439
0.520682
0.733674
0.815735
0.536347
0.567538
0.951747
0.985812
0.663281
0.749087
0.764963
0.734246
0.554447
0.462534
0.677227
0.364853
0.396828
0.420748
0.607794
0.911052
0.819265
0.483177
0.757110
0.580132
0.818251
0.823812
0.497881
0.472101
0.560388
0.548835
0.803202
0.816497
0.645406
0.291648
0.843750
0.599518
0.748133
0.600735
0.441610
0.955154
0.687787
0.681867
0.609564
0.376205
0.616127
0.655913
0.554749
0.820805
0.473104
0.870551
0.844202
0.739016
0.588214
0.589973
0.758638
0.447275
0.404826
0.422259
0.557811
0.854574
0.700308
0.669087
0.529352
0.677371
0.632034
0.715832
0.737519
0.592753
0.705536
0.578473
0.813760
0.343371
0.324014
0.759210
0.806117
0.605826
0.789409
0.532447
0.524905
0.854670
0.687042
0.912168
0.873935
0.850733
0.769087
0.728777
0.861848
0.308140
0.361985
0.702163
0.596551
0.686942
0.718602
0.160635
0.749266
0.646836
0.538316
0.476336
0.681970
0.897089
0.461962
0.586406
0.797541
0.598968
0.625023
0.942786
0.745600
0.633116
0.611701
0.577788
0.727032
0.684126
0.551312
0.795271
0.735609
0.301453
0.757364
0.722891
0.731927
0.539675
0.676973
0.369420
0.594666
0.643042
0.833119
0.593345
0.665838
0.765561
0.600833
0.540395
0.797865
0.903602
0.855810
0.379111
0.413930
0.883898
0.782489
0.423456
0.724502
1.000000
0.739075
0.780672
0.740022
0.842077
0.885700
0.677697
0.497935
0.889051
0.587906
0.323643
0.847996
0.765691
0.326951
0.747231
0.902529
0.857447
0.647509
0.520331
0.709281
0.925223
0.444825
0.657814
0.775194
0.511049
0.614940
0.414730
0.544363
0.434992
0.663138
0.673469
0.875765
0.792845
0.690744
0.852633
0.775021
0.787511
0.723322
0.776545
0.549503
0.727427
0.840896
0.912168
0.672717
0.830702
0.565232
0.626485
0.585934
0.844950
0.410633
0.538675
0.737604
0.395331
0.495628
0.813720
0.647577
0.818866
0.441731
0.583310
0.872288
0.728373
0.676203
0.526597
0.743634
0.755321
0.467934
0.538890
0.837079
0.789690
0.000000
0.506557
0.620937
0.912168
0.733670
0.605351
0.664073
0.514169
0.472497
0.748548
0.651566
0.895037
0.908693
0.919812
0.886791
0.921317
0.647076
0.864607
0.826517
0.607680
0.677133
0.655496
0.668740
0.798552
0.631265
0.416278
0.879086
0.691872
0.821122
0.676330
0.600872
1.000000
0.468886
0.651199
0.505174
0.385977
0.635844
0.617901
0.589421
0.750908
0.479911
0.870551
0.825924
0.768575
0.457726
0.582273
0.907067
0.378431
0.528255
0.607735
0.533809
0.854574
0.683944
0.638395
0.647978
0.677371
0.802209
0.747634
0.811238
0.617425
0.682514
0.688675
0.847996
0.301863
0.418564
0.870426
0.712880
0.611669
0.659643
0.509634
0.464964
0.854670
0.700992
0.912168
0.803428
0.830702
0.852999
0.624320
0.848054
0.420692
0.345139
0.751050
0.527999
0.681102
0.738370
0.286172
0.733347
0.664099
0.590983
0.565301
0.624616
0.919323
0.513946
0.549293
0.804506
0.815735
0.501176
0.950813
0.757341
0.664260
0.599342
0.749087
0.720418
0.695907
0.564110
0.795271
0.752917
0.418291
0.830424
0.741168
0.725251
0.434250
0.804434
0.517885
0.700327
0.629939
0.872923
0.625417
0.760465
0.752917
0.728122
0.547162
0.752838
0.903602
0.884806
0.386790
0.845920
0.677582
0.784628
0.586011
0.770772
0.868565
0.687787
0.783990
0.575666
0.347688
0.707255
0.628651
0.636695
0.366921
0.899833
0.360384
0.406951
0.880235
0.771496
0.750397
0.907067
0.593265
0.374653
0.665234
0.468563
0.437458
0.627788
0.552395
0.840896
0.482292
0.833552
0.738660
0.643025
0.538698
0.797448
0.692932
0.766251
0.392046
0.457540
0.842043
0.811122
0.703419
0.739044
0.526060
0.824246
0.752578
0.923473
0.841839
0.803428
0.683022
0.929649
0.705122
0.759199
0.407046
0.399635
0.617983
0.726049
0.662622
0.773771
0.897522
0.651002
0.734319
0.815863
0.569210
0.933638
0.890785
0.422131
0.474887
0.829551
0.562025
0.808477
0.867643
0.777827
0.970984
0.633727
0.840896
0.829125
0.753354
0.605898
0.886974
0.912736
0.385190
0.809107
0.794525
0.693776
0.990521
0.946757
0.533207
0.723343
0.903795
0.724725
0.456320
0.772988
0.726954
0.645437
0.752464
0.782322
0.816497
0.630736
0.335689
0.848455
0.634576
0.722621
0.571227
0.637447
1.000000
0.465293
0.598884
0.579338
0.386395
0.583946
0.617793
0.551986
0.839844
0.473104
0.873019
0.807996
0.737152
0.585200
0.734889
0.963437
0.399546
0.404826
0.579906
0.518202
0.825694
0.689151
0.408404
0.603438
0.630365
0.751133
0.749689
0.752748
0.581363
0.689880
0.705831
0.768740
0.322320
0.426202
0.886455
0.728742
0.695078
0.667808
0.495083
0.555025
0.872991
0.752917
0.936514
0.803428
0.742458
0.668002
0.626274
0.861848
0.475586
0.481378
0.670936
0.612458
0.787511
0.753973
0.228938
0.766703
0.646836
0.574560
0.557413
0.618531
0.869442
0.509340
0.513162
0.718920
0.804842
0.645888
0.953279
0.725999
0.522304
0.599342
0.722729
0.755219
0.684126
0.506827
0.718855
0.726954
0.318200
0.734918
0.702430
0.655428
0.506563
0.741169
0.469987
0.700327
0.624992
0.849274
0.702583
0.757934
0.752917
0.730309
0.544836
0.792564
0.863340
0.810164
0.497583
0.801049
0.630480
0.748761
0.502222
0.512293
1.000000
0.682516
0.238821
0.100754
0.273270
0.662656
0.482109
0.556702
0.953993
0.518613
0.878464
0.930467
0.812442
0.329382
0.548011
0.914737
0.401646
0.507507
0.574585
0.576204
0.799353
0.541281
0.288506
0.632563
0.149927
0.660895
0.747403
0.628652
0.574167
0.693556
0.658410
0.911231
0.530288
0.472977
0.831854
0.600227
0.676981
0.842862
0.539193
0.412123
0.894427
0.752917
0.936514
0.803428
0.471979
0.941479
0.692235
0.522541
0.576265
0.431427
0.443851
0.792915
0.489926
0.369359
0.400096
0.717728
0.586357
0.657190
0.644013
0.618531
0.678522
0.444797
0.482975
0.618103
0.795005
0.783247
0.885679
0.678487
0.934445
0.397968
0.742871
0.675305
0.693455
0.538782
0.706243
0.593045
0.295432
0.581605
0.870369
0.378555
0.983184
0.841790
0.491741
0.644779
0.779102
0.857591
0.813293
0.290262
0.654925
0.579408
0.653455
0.797865
0.816497
0.925235
0.411767
0.463500
0.721907
0.728525
0.622420
0.523647
1.000000
0.817921
0.706027
0.476925
0.340735
0.640389
0.816521
0.583782
0.948548
0.569279
0.403669
0.579875
0.798839
0.737788
0.485586
0.581086
0.425735
0.824237
0.622424
0.647569
0.843255
0.739914
0.381177
0.463553
0.630365
0.456493
0.620119
0.427770
0.600332
0.481410
0.686032
0.674608
0.452014
0.541791
0.305905
0.766334
0.944222
0.856151
0.957607
0.549503
0.854670
0.937576
0.959097
0.803428
0.649651
0.947033
0.723652
0.825937
0.471548
0.318231
0.610143
0.621337
0.390005
0.326475
0.781175
0.720813
0.675324
0.629743
0.479335
0.804321
0.921826
0.555359
0.530816
0.844458
0.815735
0.557516
0.955665
0.752817
0.985812
0.619679
0.742871
0.800320
0.494542
0.586674
0.503477
0.740887
0.358536
0.847411
0.443205
0.713004
0.978513
0.942463
0.447484
0.861820
0.599198
0.933268
0.904442
0.772988
0.765561
0.597360
0.696179
0.797865
0.816497
0.787346
0.525459
0.654546
0.566573
0.782489
0.573868
0.676734
0.889140
0.824237
0.806798
0.631334
0.383178
0.715941
0.353122
0.485451
0.936195
0.516850
0.463833
0.973438
0.844080
0.506951
0.617936
0.481860
0.706731
0.747846
0.612940
0.548766
0.969881
0.484058
0.718195
0.475436
0.593590
0.509927
0.577353
0.652989
0.631415
0.506557
0.317967
0.541775
0.880486
0.638211
0.573446
0.345026
0.580748
0.785491
0.901024
0.576972
0.832358
0.876759
0.856621
0.672717
0.815029
0.764576
0.844368
0.765583
0.871354
0.719046
0.601823
0.766883
0.757511
0.661442
0.798383
0.644733
0.810208
0.604159
0.386175
0.851749
0.899309
0.405246
0.569791
0.710643
0.664073
0.555213
0.841846
0.771921
0.955443
0.689341
0.873935
0.892091
0.972677
0.434304
0.744078
0.657428
0.571646
0.572861
0.778672
0.341794
0.932589
0.575480
0.818197
0.621328
0.872511
0.515505
0.834713
0.742950
0.471474
0.811345
0.736588
0.732993
0.918466
0.872927
0.830737
0.212531
0.438474
0.582662
0.545965
0.509255
0.898370
0.703433
0.661416
0.754292
0.386344
0.510688
0.927015
0.538303
0.782159
0.569279
0.919323
0.935957
0.656941
0.441731
0.417916
0.868171
0.531742
0.472507
0.418674
0.592460
0.832192
0.642681
0.465951
0.840896
0.716233
0.789887
0.434436
0.701275
0.544806
0.364157
0.618009
0.263109
0.575295
0.440718
0.667932
0.561514
0.613082
0.813423
0.490985
0.499518
0.645497
0.745931
0.770022
0.689648
0.715789
0.614012
0.308250
0.583302
0.406181
0.486398
0.465126
0.777387
0.561610
0.599097
0.853089
0.872696
0.555527
0.295721
0.564371
0.571281
0.759933
0.508184
0.478091
0.746699
0.745931
0.532895
0.629056
0.682504
0.855337
0.585466
0.686697
0.397777
0.680032
0.351116
0.559129
0.854108
0.262606
0.738020
0.738552
0.433575
0.964633
0.372075
0.265993
0.688863
0.383318
0.833119
0.603183
0.367454
0.629468
0.417805
0.617440
0.706662
0.903602
0.698531
0.896883
0.503942
0.768300
0.596074
0.579284
0.544363
0.372242
0.492717
0.680607
0.266558
0.465903
0.969814
0.734636
0.742270
0.920925
0.569279
0.870551
0.532364
0.752318
0.523295
0.686952
0.908659
0.524744
0.319599
0.605315
0.623144
0.895053
0.520869
0.454243
0.310862
0.451581
0.534953
0.764404
0.403676
0.442404
0.629631
0.483317
0.454373
0.600903
0.526962
0.643511
0.665349
0.874231
0.733927
0.886542
0.638993
0.834799
0.908693
0.959097
0.840896
0.494972
0.941479
0.457134
0.767287
0.449492
0.382776
0.506088
0.788753
0.774044
0.459724
0.738582
0.847758
0.880273
0.836098
0.711804
0.909489
0.907960
0.698967
0.481797
0.684951
0.815735
0.670980
0.840931
0.962383
0.944886
0.610921
0.749087
0.746724
0.695907
0.469434
0.521749
0.682500
0.736885
0.467264
0.276852
0.377204
0.978513
0.951070
0.209640
0.906095
0.483023
0.904906
0.794370
0.379467
0.638031
0.637387
0.501565
0.797865
0.789729
0.595737
0.437706
0.626408
0.644992
0.736716
0.820646
0.801809
0.363051
0.733411
0.754352
0.741745
0.882393
0.720329
0.781621
0.777232
0.803404
0.482830
0.941491
0.865523
0.758762
0.401024
0.837400
0.914737
0.725985
0.426133
0.735528
0.678405
0.945742
0.700613
0.639833
0.828966
0.690458
0.522119
0.790571
0.712999
0.740915
0.715819
0.727792
0.828248
0.855212
0.622715
0.754117
0.797274
0.577508
0.727616
0.786437
0.560603
0.707212
0.908693
0.959097
0.840896
0.785629
0.817381
0.572152
0.875009
0.765324
0.722973
0.846934
0.730453
0.585091
0.843917
0.841626
0.729880
0.922312
0.749775
0.535263
0.829607
0.912294
0.735713
0.356072
0.815869
0.799751
0.870629
0.914691
0.837079
0.816497
0.000000
0.873935
0.824237
0.936514
0.463976
0.567517
0.923788
0.428190
0.758632
0.744704
0.470558
1.000000
0.951070
0.674324
0.838586
0.936732
0.743813
0.922922
0.806171
0.763255
0.744472
0.750161
0.747801
